200 1000
1 17 31 74 75 106 189 195 198
1 2 3 107 109 137 159 180
1 9 11 97 109 127 153
1 75 101 117 174
1 85 105 159 179
1 9 16 94 95
1 77 91 163
1 38 64 187
1 81 108 141
1 93 132 185
1 30 32 128
1 27
2 48 60 71 78 83 96 165
2 5 12 46 60 64 163
2 18 145 196 198
2 22 35 120 166
2 16 31 65 121
2 4 44 75 76
2 22 45 60 99
2 31 52 88 119
2 50 60 72
2 1 169 182
2 166 168 190
2 11 80 81
2 80 174 191
2 59 144 184
2 132 152
3 25 66 67 91 126 150
3 11 46 75 103 117
3 52 63 74 88 127
3 85 139 184 196
3 28 77 116 135
3 16 120 140 158
3 28 124 127 169
3 26 35 43 121
3 19 65 199
3 2 31
3 40 127
3 34 151
3 78 198
3 94
3 87
4 34 70 93 135 188 194
4 20 39 43 95 175 176
4 11 77 89 159 179 191
4 40 49 147 156 180
4 1 62 83 131 166
4 30 111 142 181
4 14 139 142 165
4 75 100 148
4 5 75 111
4 25 73 120
4 8 64
4 90 162
4 69 190
4 2 127
5 21 115 128 142 149 195
5 87 89 150 164 170 174
5 8 129 140 145 146
5 11 67 143 170
5 54 84 134 177
5 79 110 164
5 22 37 96
5 9 193
5 124
6 10 43 48 69 92 113
6 22 28 37 64 113
6 13 148 171 174
6 118 131 164 196
6 28 163 171 174
6 29 107 162
6 40 63 80
6 24 83
6 11 90
6 99 130
6 109 121
7 42 47 133 134 138 164 165 190
7 5 6 51 55 67 113 198
7 74 81 87 104 106 135 198
7 17 21 39 65 105 144 162
7 4 102 109 139 160 182
7 22 62 93 96 105 139
7 38 50 124 155 179
7 31 94 110 184
7 4 22 58 134
7 15 95 154
7 88 171 174
8 113 120 150 153 198
8 55 82 112 186 199
8 61 64 107 113
8 0 36 101 114
8 78 84 143
8 3 93 96
8 84 136 151
8 40 117 166
8 32 64 108
8 18 177
9 17 37 71 87 99
9 1 13 28 98
9 59 144 196 198
9 9 61 180
9 122 198
9 68 106
9 9 124
9 52
10 23 28 104 125 146
10 43 117 123 152 195
10 55 92 98 190
10 20 79 177
10 23 79 158
10 29 103
10 18 136
10 107
10 75
11 2 16 29 35 71 76 98
11 4 21 52 56 106 157
11 11 135 138 156 196
11 10 24 107 159
11 137 146 153 194
11 7 53 110
11 30 41
12 17 24 45 53 54 77 82 88 135 165 174
12 50 74 115 123 135 140 142 176 194 199
12 42 85 104 139 161 182 183
12 3 19 20 46 53 150
12 70 142 144 152 168
12 14 57 67 101 191
12 63 142 150 172
12 6 23 92 155
12 55 170 187
12 30 51 87
12 31 113
12 121 154
12 159
12 33
13 8 11 12 109 128 129 164 193
13 38 62 114 120 135 142
13 26 63 159 167 193
13 8 105 115 185
13 61 107 129
13 23 30 140
13 102 112 155
13 87 178
14 9 19 57 122 183 184
14 39 40 150 157 176 178
14 17 120 124 144 149 172
14 25 63 81 128 149
14 24 63 75 89 104
14 14 20 85 109 110
14 7 99 135 141 152
14 2 58 126 192
14 70 91 120 155
14 61 115 116 177
14 52 53 160 184
14 32 36 116
14 129 149
14 172
15 21 50 53 66 95 146 186 191
15 24 95 111 140 158 170 195
15 2 28 75 126 127 174
15 44 94 101 114 172
15 11 17 116 158 176
15 31 45 55 63 69
15 24 112 141 165
15 4 25 167 174
15 111 160 199
15 51 78 156
15 69 152 179
15 119 174 178
15 44 153
15 55 132
15 16 21
15 156
16 78 129 154 178
16 18 111 194
16 49 95 192
16 25 90 156
16 2 8 51
16 60 88 104
17 9 16 23 62 127 163 164 171 187
17 14 32 105 144
17 2 106 125
17 24 100 130
17 31 108
18 14 19 42 70 83 160
18 46 65 108 118 148
18 20 120 136 140 179
18 25 64 119 152
18 92 101 152 162
18 102 148 166 183
18 50 99 106 129
18 1 91 153 193
18 86 89 136
18 26 50 197
18 19 39 130
18 115 122
18 30 124
19 23 34 36 43 193
19 38 43 50 56 179
19 5 50 68
19 48 139 190
19 16 63 109
19 102 104 109
19 80 111
20 13 34 116 127 145 152
20 39 45 129 176 177
20 69 76 96 171
20 57 58 148 175
20 24 52 82 87
20 35 62 198
20 62 101 158
20 51 126 137
20 23 66 116
20 0 8
20 119 161
20 39 84
20 187
21 2 103 118 124 145 147
21 19 51 93 96
21 50 52 85 171
21 67 118 145 147
21 41 100 195
21 52 159
21 35 175
21 16
22 47 70 117 119 153 163 192
22 23 55 95 180 189
22 2 14 37 49 179
22 60 116 161 196
22 0 176 192
22 59 104 168
22 11 111 155
22 55 126 159
22 38 64 125
22 48 187
23 5 46 100 128 137 164 165 168 199
23 95 117 122 133 150 188 189
23 34 38 91 178 193
23 38 89 101 124 177
23 46 92 140 177
23 62 111 131 149
23 15 37 87 101
23 68 116 152
23 23 152 158
23 37 103
23 32 157
24 50 56 90 120 146 171
24 37 45 84 97 122 159
24 67 73 123 126 176
24 43 57 134 140
24 36 87 178 187
24 38 51 83
24 18 166 181
24 59 119 197
24 10 78 140
24 91 142
24 61
25 8 29 41 83 184
25 51 66 72 89 187
25 108 110 121 131 190
25 4 75 142 148
25 60 110 118
25 53 85 172
25 152 193
25 150 197
26 30 55 81 83 99 120 148 195
26 21 79 85 93 177
26 29 81 140 158 178
26 74 82 129 186
26 79 88 150 195
26 57 58 187
26 145 160 199
26 19 106
27 59 73 75 88 95 139 150 153
27 13 33 86 113 146 158 192
27 7 9 29 40 114 167
27 4 92 120 127 132 172
27 7 10 33 72 195
27 27 30 35 70 162
27 4 115 125 128 159
27 37 112 195
27 77 127 145
27 121 180
27 96 168
27 65 152
27 99 124
28 21 68 105 123 124
28 8 96 154 175 192
28 0 79 140 150
28 4 92 129
28 39 49 179
28 146 197
28 80 103
29 21 26 52 146 153 186 191
29 38 81 87 98 112 157
29 36 44 53 59 84 195
29 16 48 70 108 112
29 16 123 146
29 1 49 191
29 74 141
29 37 102
30 27 31 76 119 135
30 19 105 128 137
30 103 159 184
30 22 85
30 100 103
31 8 27 40 70 154 162
31 66 71 137 151 197
31 107 153 164 171 179
31 36 119 150 170
31 35 106 114 190
31 26 61 94 120
31 21 45 68 180
31 91 148 189
31 26 47
31 128 187
32 5 16 25 40 76 130 178
32 11 49 63 124 145
32 51 53 114 139 193
32 39 54 80 112 121
32 47 138 170 183
32 1 24 31 89
32 25 54 126 151
32 18 35 105 135
32 25 42
32 75 183
32 166
33 3 8 17 76 90 156 199
33 56 132 142 172 195 198
33 25 44 72 79 115
33 4 38 76 130
33 5 14 42 76
33 70 108 187
33 3 39 171
33 33 61 98
33 37 65
33 3
34 4 21 72 139 163 172 193
34 26 49 53 121 130 148
34 1 65 127 132 173
34 51 94 112 166 187
34 40 43 45 120 184
34 58 122 165 179
34 41 127 148
35 2 34 38 47 68 76 98 195
35 42 135 141 144 151
35 48 106 109 120 192
35 149 163 166 170
35 62 87 145 181
35 79 85 101
35 0 58
35 26 150
36 4 35 67 86 145 168
36 15 64 109 137 146
36 43 48 86 96 187
36 76 110 126 130 197
36 49 77 152 190
36 31 41 145 194
36 49 77 79 114
36 73 88 90 131
36 115 130 196
36 54 84
36 69 140
37 13 40 60 67 84 168 171 190
37 15 24 34 60 163 190
37 29 119 120 137 189
37 46 122 124 131 154
37 79 93 98 152 164
37 64 109 138 194
37 23 38 61
37 11 19 22
37 36 166
37 146 156
37 37 64
38 14 96 117 146 148 150
38 30 127 132 185 191
38 24 39 84 111 133
38 44 79 158 166 182
38 7 52 54 145
38 91 138 157 188
38 42 60 62 108
38 51 66 146
38 76 188 192
38 76 164 196
38 12 81
38 76 157
38 56
39 2 37 52 69 98 100 101 133 197
39 7 12 47 60 131 155 182
39 16 21 31 55 101 128 187
39 3 74 87 140
39 54 98 156 191
39 78 109 115 186
39 17 147 167 185
39 72 116 134
39 23 86 141
39 23 160
40 32 43 135 155 165 170 187
40 19 40 59 127 165 180 189
40 4 11 19 99 149 178
40 21 70 94 134 146
40 3 9 33 71 86
40 85 90 96 123 134
40 48 50 116 137 142
40 15 34 130 157
40 44 94 103 127
40 112 116 130 189
40 56 96 163
40 48 181
40 23 147
41 45 55 92 95 103 123
41 32 74 116 120 127 170
41 43 106 109 119 194
41 17 39 56 105 135
41 50 102 143 192
41 0 69 166 190
41 55 80 178 199
41 15 129
41 31 50
42 85 88 108 129 141
42 11 18 34 84 191
42 9 66 82 127 154
42 13 154 181 197
42 64 88 121 141
42 59 61 88 101
42 12 14 173
42 62 78 84
42 15 106 107
42 22 51 187
42 125 151
42 56
42 198
43 11 71 98 125 143 151 173
43 10 88 93 144 151 188
43 6 79 102 154
43 14 67 86 194
43 7 14 63 139
43 116 140 184
43 22 65 104
43 51 109
43 118 144
43 35 57
44 37 82 94 165 177
44 60 77 98 179 187
44 17 45 140 146
44 32 84 153 192
44 30 35 70 118
44 75 98 162
44 15 59 133
44 27 28 93
45 16 60 102 127 186
45 22 78 92 100 195
45 42 132 134 138
45 18 45 61 67
45 21 46 77 160
45 20 43 104
45 53 107 179
45 93 122
46 6 38 108 126 170 199
46 11 17 28 125 197
46 78 113 158 174 186
46 36 105 142 174
46 10 36 65 101
46 89 128 145
46 98 114 131
46 44 71 172
46 41 79
46 25 71
46 5
47 24 32 37 57 61 62 182 195
47 24 101 161 168 183
47 23 90 116 130 155
47 71 79 108 142
47 34 106 130 149
47 60 80 142 181
47 8 21 72 99
47 42 102 134 158
47 27 139 199
47 28 154 164
47 10 151 163
47 35
47 96
47 52
48 37 41 88 126 199
48 35 100 114 178
48 14 178 179 197
48 23 79 165 194
48 0 64
48 92 140
49 57 68 84 94 107 145 155
49 0 6 87 135 162
49 21 76 80 167 190
49 7 98 154 157
49 46 78 87 167
49 5 48 99 115
49 53 107 172
49 90 131 169
49 105 133
49 33 132
50 1 23 33 65 67 118 153
50 17 55 81 106 187 196
50 40 49 59 103 188
50 65 74 156 180
50 79 129 180 184
50 68 127 143 163
50 4 74 177
50 7 92 138
50 158
51 60 61 75 101 118 137 169 173 195
51 26 87 105 111 160 162 198
51 98 121 140 155
51 6 51 130
51 42 150 157
52 14 63 97 127 143
52 138 149 178 181 194
52 85 100 107 112
52 24 67 136 151
52 0 29 145 181
52 97 112 169
52 138 153
52 97 175
52 188
52 29
53 52 64 76 87 142
53 71 87 123 154 186
53 16 134 145 153
53 38 132 138 187
53 16 67 86
53 97 162 186
53 39 45 81
53 25 50 69
53 81 167
53 28 186
53 72
54 31 43 51 86 100 153 165 168
54 34 51 57 136 174
54 7 95 172 182 192
54 9 61 87 174 195
54 78 101 150 174
54 4 89 119 145
54 57 65 80 135
54 33 70 95 158
54 13 36 89
54 170 184
54 130 182
55 12 57 58 68 165
55 15 16 83 127 167
55 6 89 167 178
55 74 93 97 187
55 106 160 180
55 6 27 62
55 92 128 146
55 31 121 147
55 175
56 10 35 78 108 166 170 177
56 26 32 81 122 127 175 185
56 4 31 39 103 107 191
56 41 51 59 60 96 198
56 3 13 38 67 94
56 21 22 61 186
56 62 70 99 114
56 71 72 117
56 80 83
57 56 85 86 172 178 191
57 15 68 118 137 139
57 31 115 121 175 194
57 0 114 128 136 163
57 7 30 53 128 198
57 13 31 76 97
57 14 89 117 131
57 30 66 98
57 59 136 187
57 56 161
57 152
58 45 125 145 150 157 158 161 183
58 6 10 61 64 73 147 173
58 44 91 101 123 188
58 5 42 109 193
58 45 62 67 126
58 20 36 108 159
58 65 93 129
58 78 80 132
58 19 139
59 49 62 79 122 125 133 146 152
59 26 28 31 60 85 118 191
59 44 87 95 154 175 193
59 2 79 80 156 171
59 2 66 118 185
59 17 58 112 131
59 4 42 101 183
59 58 145 194
59 42 127 140
59 85 104 188
59 14 103
59 16 70
59 189 195
60 36 48 53 59 83 101 111 137 152 175
60 15 23 56 87 121 193
60 67 84 99
60 9 36 170
60 14 59 116
60 108 182
61 27 33 46 75 124 132 182 190
61 58 81 113 122 166 172
61 18 82 83 132 140
61 32 37 60 97 196
61 2 48 78 117
61 7 29 115 117
61 13 162 190 195
61 36 101
61 189
62 11 28 35 45 121 160
62 74 134 181 191
62 2 188
62 154 159
62 133 168
62 197
63 28 50 97 101 103 146 191
63 1 37 47 67 72 164
63 22 34 92 100 110 125
63 7 46 144 153 175
63 17 19 121 125
63 32 39 85 155
63 65 108 123
63 19 27
63 153
64 26 42 46 60 62 106 146
64 1 65 84 99 151 182
64 2 21 23 39 45 149
64 22 99 129 171 189
64 22 85 155 170 190
64 8 43 92 183
64 44 60 126 150
64 10 99 115 137
64 2 9 106 152
64 2 23 29 151
64 39 124 153
64 9 13 108
64 63 141
65 1 6 34 105 108 123 142 189
65 23 55 69 112 116
65 13 85 136 137
65 6 81 155
65 27 62 198
65 31 40 150
65 126
66 22 34 67 96 137 156 175
66 6 39 62 71 113 117
66 55 67 70 132 160 181
66 56 57 110 116 143 192
66 34 44 58 143 175
66 6 15 38 40 41
66 4 42 60 104 161
66 16 49 85 113
66 8 44 152
66 48 98 184
66 39 190
66 151
67 11 57 59 88 119 168 177 187 188
67 11 24 74 144 184 192
67 72 84 90 140 160
67 54 76 164 179
67 1 143 157 166
67 35 39 135 163
67 138 141 152 167
67 33 80 141 188
67 24 46 180
67 29 110 142
67 10 78 156
67 51 87
68 26 105 114 144 145 150 181 192
68 34 81 93 127 161 189
68 2 20 35 73 79 82
68 10 28 97 101 184
68 57 165 193
68 95 132 163
68 80 126 147
68 20 160
68 106 140
69 16 26 73 115 138 147
69 17 19 22 44 188
69 15 21 57 88
69 48 132
70 15 99 125 131 138 143 171
70 37 79 86 92 143 166 193
70 61 70 100 109 135 154
70 27 44 52 54 106 110
70 10 106 119 158 164 175
70 107 108 115 134 166
70 23 128 137 179 187
70 17 40 42 79 150
70 41 64 115 136 142
70 13 68 113 116 188
70 9 30 132 167
70 25 64 137 166
70 68 165 190
70 3 89 144
70 83 185
71 41 50 70 110 133 141 168
71 35 40 53 123 173
71 5 59 80 157 182
71 12 30 53 148 150
71 3 78 155 162
71 83 116 179
71 74 122
71 44
72 24 32 66 93 109 131 142 183
72 36 77 109 146 162 174 195
72 1 16 44 84 131 178
72 7 58 73 129 140
72 75 86 121 129 179
72 4 5 44 69
72 28 89 145 197
72 32 55 114
72 4 18 133
72 162 165 194
72 50 183
72 58 59
72 83 101
73 0 62 65 76 99 150
73 0 48 75 103 159 178
73 34 58 90 127 157 194
73 54 75 101 197 199
73 26 84 99 151
73 23 73 171 182
73 19 48 59 114
73 75 85 128
73 29 45 106
73 84 98 152
73 31 133
73 9 189
73 31 198
73 3 46
73 48
74 0 8 38 168 174 185 195
74 1 25 33 123
74 69 102 132 154
74 114 151 185 192
74 53 83 130 141
74 49 61 67 84
74 130
75 37 39 56 59 167 182 192
75 16 46 110 134 173 179 188
75 56 81 124 158 167 198
75 79 132 143 163 167
75 18 31 50 145 183
75 24 79 90 130 157
75 36 52 138 159
75 46 59 77 163
75 118 134 146 193
76 10 36 103 111 144 166 168 198
76 22 89 124 135 167 173 198
76 0 21 38 51 59 83
76 88 100 122 125 166 183
76 43 84 99 158 192
76 28 77 80 176 193
76 2 27 152 161 164
76 8 123 178 185
76 44 80 145 190
76 63 122 128 182
76 36 84 93 151
76 40 134 136 182
76 160 181 185
76 146 178 183
76 99 129
76 59 175
76 82 195
77 0 29 36 52 81 104 123 176 188 197
77 106 112 118 148 155
77 7 46 58 186 194
77 31 76 91 100 159
77 91 109 139
77 40 92 179
77 42 64 119
77 89
78 31 36 38 57 121 140 151
78 23 38 47 49 138
78 12 53 94 101
78 11 102 140
78 15 57 107
78 3 175 195
78 25 74 107
78 67
79 26 113 162 178 182 186 189
79 18 57 108 158 182 183
79 31 47 95 97 143 145
79 58 70 128 186 195
79 65 87 108 129 130
79 12 93 151 159 185
79 3 5 68 120 173
79 115 117 154 160
79 59 93 141 142
79 2 8 66 90
79 55 89 124 176
79 50 157
79 1 67
79 199
80 62 76 101 114 116 149 156
80 41 64 104 106 125 181
80 2 11 39 40 60 198
80 16 86 105 109 192
80 4 68 106 120 123
80 108 112 143 162
80 16 20 163 169
80 123 126 162
80 115 162 184
81 17 82 118 152 174 184
81 14 25 40 179 191 193
81 46 78 85 110 158
81 56 76 77 87 178
81 39 87 110 117 140
81 100 136 149 159
81 6 97 146
81 14 32 72
81 65 117
81 69
82 163 181
82 14 190
83 36 67 130 142 168
83 38 42 77 87 116
83 27 42 44 100 174
83 5 53 117 128
83 45 61 158
83 104 167 189
83 59 166
83 159 172
84 14 52 114 123 171 187
84 55 62 75 164
84 15 124 130 161
84 5 55 69
84 12 34 77
84 23 100 133
84 50 152 179
84 94 96
85 11 49 75 78 86 134 195
85 13 45 56 86 91 113 176
85 41 42 105 159 172 191
85 47 79 150 167 188
85 5 26 37 112 148
85 46 80 136 153 187
85 17 43 86 127
85 106 121 162 183
85 18 136 153
86 1 38 46 100 106 137 167 177
86 17 84 110 111 155 161 179
86 36 73 83 116 173 180
86 22 151 174 191 195
86 65 117 179 198
86 2 64 67 172
86 66 82 87 106
86 64 70 180 194
86 15 23 177
86 73 130 196
87 29 55 64 94 126 139 154 164 176
87 24 51 107 179 198
87 88 92 117 123 168
87 91 106 126 153
87 13 50 147 163
87 29 76 96
87 104 155 199
87 28 195
87 46 114
88 36 43 134 136 179 196
88 45 69 80 105 134 192
88 15 30 34 100 130 195
88 67 73 88 175
88 35 46 179
88 39
89 33 37 49 75 94 169
89 49 60 94 118 189
89 27 36 38 65 169
89 55 73 77 96 141
89 2 43 125 139 171
89 14 30 178 197
89 44 96 121 193
89 64 86 110 192
89 49 54 95 171
89 84 187
89 104 125
90 8 24 39 81 122 135 184
90 56 124 156 167 191
90 38 78 110 142 175
90 10 24 38 190
90 4 141 149
90 38 125 164
90 8 154 186
90 196
91 95 96 98 123 169 186
91 9 32 102 145 159 176
91 65 129 162 187
91 16 70 109 111
91 48 66 126 169
91 74 85 148
91 92 109 155
91 62 67 161
91 99 187
91 20 166
91 41 174
91 34 100
91 105 199
91 121 135
91 81 99
92 14 54 74 75 98 118 160 178
92 30 31 163 174 175 179
92 31 106 143 154 174
92 99 103 133 153
92 103 131
92 7 157
93 3 28 77 107 137 140 169
93 56 76 114 195 198
93 54 95 114 159 189
93 87 101 153 180
93 90 121 136 190
93 32 55 128 136
93 23 140 176
93 6 29 126
93 97 128
93 38 91
93 107 119
94 65 69 70 103 122 158 176
94 29 42 49 82 95
94 71 83 148 149 186
94 68 90 149 168
94 29 36 86 149
94 44 82 175
94 39 124 154
95 52 56 72 89 90 140 170 194
95 0 29 93 116 121 186
95 2 66 74 104 141
95 1 16 99 145
95 22 24 61 164
95 95 160 194
95 99 125 130
95 63 130
96 7 28 43 100 143 144 168 185
96 24 38 85 95 118 161 179
96 24 30 47 86 94 170
96 64 134 167 182 191
96 44 108 158 169 199
96 40 98 126 175
96 100 135 156 177
96 9 39 65 100
96 121 130 198
96 82 101 121
96 93 94 151
96 128 177
97 38 66 72 104 140 159
97 6 37 98 109 198
97 8 44 48 173
97 63 98 125 134
97 26 64 86 141
97 35 39 148 167
97 137 141 183
97 6 34 125
97 63 106 185
97 23 38
97 177 199
98 37 47 58 59 67 75 170 180
98 34 104 105 116 133 143 163
98 14 102 155 166 178
98 34 47 54 73 172
98 40 41 162 169
98 64 165 183
98 10 63 146
98 137 180
99 37 51 65 67 98 147 149 154 196
99 39 49 59 120 165 191
99 34 46 48 55 79 116
99 19 69 110 115 141
99 1 12 121 187 196
99 67 104 116 149 175
99 14 75 113 151 174
99 25 55 62 160 163
99 129 144 167 183
99 84 105 173 194
99 62 91 112
99 40 95 197
99 4 133 184
99 149 172 174
99 94 183
99 59
100 31 51 58 62 89 97 177 192
100 6 23 67 125 135 136 156
100 24 39 65 142 157 177 198
100 45 129 144 152 162 163
100 29 42 64 124 170 193
100 52 64 81 155 156
100 5 64 81 84 132
100 18 34 124 161 170
100 0 35 48 89
100 23 53 76 108
100 27 52 68 198
100 23 97 119 127
100 80 156 159
100 82 95 172
100 62 101 183
100 49 110 183
100 80 97
100 6 196
100 54 182
