200 1000
1 58 64 74 148 176 199
1 14 20 101 142 177
1 9 30 127 138 162
1 94 140 141 148 180
1 63 94 107 126 152
1 4 129 143 199
1 2 84 104 176
1 3 26 85 145
1 13 105 115 125
1 70 110 141
1 0 60 119
1 42
2 19 25 82 85 133 179
2 5 10 18 53 118
2 71 104 113 168 196
2 46 51 147 165
2 68 87 125 143
2 50 101 106 195
2 7 22 173 192
2 12 20 176
2 81 111 146
2 5 49 133
2 83 175
2 26
3 16 33 117 159 178 195
3 102 104 111 131 172
3 12 24 58 83 120
3 7 146 150 155 171
3 41 77 121 157 159
3 65 91 132 154
3 1 152 169 189
3 75 79 134 172
3 85 108 193
3 115 150 175
3 29 161
3 76 107
3 72 167
3 129
3 94
4 11 15 24 31 36 37 65
4 112 121 156 177
4 11 90 144 163
4 31 114 115 150
4 64 108 135
4 28 50 110
4 71 102
4 15 184
5 76 87 94 98 153 174
5 100 111 125 161 183 187
5 50 69 123 140 165
5 56 101 165 167
5 126 171
5 141 165
5 49 85
6 65 93 117 149 150 158 169
6 16 23 97 121 135 143 188
6 19 57 112 118 191
6 10 57 70 123 186
6 5 31 96 118
6 8 36 65 80
6 1 31 38 199
6 110 182 199
6 47 103 130
6 4 33
6 28 121
6 183
7 82 91 103 154 156 171 196
7 10 17 27 40 85 160
7 74 93 120 143 183 198
7 27 93 138 176 180
7 44 85 88 176 189
7 12 64 161 165
7 31 46 65 85
7 2 15 24 110
7 47 88 196
7 79 93 111
7 80 122 193
7 5 41 91
7 154 183
7 105
7 194
8 35 43 65 115 175
8 3 21 39 156
8 2 35 156
8 34 134
8 6 194
9 75 94 102 143 176 199
9 40 62 71 82 181
9 24 28 118 163
9 62 74 149 174
9 54 87 122
9 77 100 172
9 48 198
9 14
9 63
10 1 22 38 62 72 75 101
10 17 37 44 63 85 113
10 7 17 59 164 171 180
10 15 39 42 50 152
10 11 62 80 183 195
10 36 65 83 157
10 26 101 168 196
10 10 109 155
10 41 100 175
10 140 187
10 145
11 26 64 95 106 116 164 197
11 20 61 111 186
11 42 71 106 143
11 52 54 99 179
11 91 124 153
11 1 131 160
11 25 35 161
11 24 32 58
11 94 160
11 1
12 10 17 66 69 76 104
12 35 125 169 174 176
12 45 127 182 193
12 24 42 82 105
12 40 96 108 148
12 107 131 153
12 89 97 111
12 109 142 160
12 33 171
12 39 68
12 91 172
12 104
13 28 71 95 163 164 175
13 47 104 128 161 191
13 7 101 104 134 177
13 0 43 169 198
13 17 41 140 142
13 1 7 8 164
13 39 123 163
13 97 176
13 131
14 37 71 146 168 187
14 7 21 31 126 189
14 26 33 59 74 131
14 7 12 34 111 148
14 39 67 108 141 148
14 42 71 94 155 165
14 15 33 51 53
14 109 124 140
14 25 36 63
14 179 185
14 19 51
14 59
15 5 36 44 56 91 175 196
15 7 105 161 182 199
15 13 27 40 64 103
15 2 99 172 176 190
15 2 36 104 143
15 61 66 157 169
15 13 65 70 117
15 4 111 150
16 1 88 111 113 130
16 8 26 36 90 188
16 39 58 80 111 171
16 60 82 88 143
16 54 84 95
16 11 20 78
16 23 36 100
16 45 49
16 175
16 21
17 41 53 75 128 153 182 188
17 46 139 146 162 175
17 5 24 41 115 164
17 2 91 105 107 197
17 29 103 135 162
17 83 85 107 163
17 30 49 64 143
17 1 48 131 161
17 162 167 177 183
17 94 125 146
17 34 59 74
17 104 193
17 65 189
17 12 31
17 36 94
17 32
18 18 21 42 98 139 152
18 1 76 108 110 148 159
18 13 41 70 96 102 111
18 9 76 108 154 164
18 48 60 95 112
18 1 52 60 116
18 7 114 151 194
18 86 156 164
18 171
19 56 76 91 136 159 189
19 51 82 117 142 181
19 54 75 115 155 169
19 105 124 156 189
19 70 85 139
19 20 142 180
19 21 37 123
19 58 115 125
19 79 134
20 1 15 71 72 131 135
20 32 87 91 126 142
20 23 60 126 160
20 22 125 132 165
20 17 30 52 132
20 35 43 160 163
20 55 121 129
20 88 134 177
20 72 167
21 12 25 48 111 151 185 189
21 16 37 83 161 168 195
21 41 70 118 133 182 193
21 12 122 155 167 182
21 1 27 74 97
21 7 20 32 127
21 0 100 176
21 72 141
21 29 117
21 63 121
22 21 42 99 100 132 141
22 28 39 64 75 111 182
22 9 118 143 144
22 56 113 125 156
22 74 123 148 154
22 80 128 164 168
22 95 126 135 165
22 9 30 152 182
22 94 119 125
22 84 100 196
22 71 171 196
22 56 58 185
22 129 143
22 30 152
23 1 43 48 77 93 117 136 170
23 16 18 36 111 186
23 36 68 109 161 195
23 34 36 52 111
23 16 41 133 151
23 69 98 107 160
23 5 17 70 80
23 85 119 145 153
23 70 147
23 47 99
24 58 82 118 126 189 199
24 29 51 65 123 124 162
24 32 57 90 97 139 164
24 53 59 90 139 167
24 32 38 198
24 96 195
25 20 43 61 82 100 108 193 196
25 12 70 132 170 196
25 23 57 77 128 183
25 17 78 114 115 132
25 59 78 128 135
25 46 61 126 142
25 1 73 79 81
25 81 100 158
25 96 190 196
25 1 153
25 112
26 108 109 121 150 152 153 163
26 92 102 111 155 174 175
26 10 66 72 108 198
26 71 164 169 175
26 1 13 124 126
26 37 57 89
26 59 156 161
26 51 79 157
27 19 75 103 131 143 167 186
27 5 57 62 66 143 190
27 27 45 46 174 193
27 75 77 88 165 166
27 34 48 76 111 137
27 56 71 73 82 145
27 65 104 120 147 185
27 34 66 69 185
27 19 101 116 129
27 61 66 81 197
27 29 134 165
27 98 121 176
28 27 62 63 144 174
28 25 77 79 120 123
28 113 131 151 173 189
28 14 23 43 157
28 1 23 160 178
28 25 57 73 101
28 15
29 4 21 78 107 120 125 159 182 183
29 2 5 34 37 163
29 18 21 65 94 142
29 2 66 90 140 194
29 69 146 177
29 98 175
29 75 113
29 145 187
29 100
30 5 55 74 77 83 97 116
30 8 30 71 89 127 188
30 55 137 149 169 191
30 99 106 116 178
30 32 51 101 165
30 43 53 105
30 55 192 197
30 1 10 113
30 69 169
31 5 10 30 90 107 121 140 159
31 17 69 121 125 164 174
31 18 64 88 96 150
31 132 142 145 169 187
31 104 131 146 175
31 34 118 146
31 12 164
31 77
31 61
32 27 59 186 197
32 43 126 145
32 18 148 174
32 10 93
32 96
32 145
33 39 57 77 91 106 122 175 194
33 76 102 161 169 193
33 15 42 112 128 129
33 21 75 133 139 197
33 80 108 113 192
33 69 94 123
33 75 83 182
33 37 129 131
33 12 54
33 7 52
33 117 132
33 40
34 27 97 145 147 148 153 194
34 72 87 117 155 185
34 34 42 83 186
34 36 66 151
34 24 125 183
34 13 178
34 114
35 8 39 94 139 146 196
35 16 20 75 91 152 167
35 49 63 85 138 163
35 31 39 131 147
35 63 85 109 143
35 10 27 109 145
35 40 49 121 180
35 48 157 162 189
35 45 103 123 155
35 78 95 102
35 24 79 198
35 191 194
35 32 38
36 22 72 88 117 124 153
36 16 98 180 184 194
36 88 98 159 169 182
36 7 9 38 80
36 24 101 105
36 15 65 178
36 34 119 185
36 90 125
36 45 122
36 107
36 13
37 3 41 45 116 129 152 195
37 0 66 69 123 125 159 172
37 26 62 65 80 105 146
37 33 75 95 144
37 38 74 84 116
37 90 104
37 41 151
37 21
38 6 21 76 95 119 168 180
38 5 44 46 59 167 178
38 50 79 88 142 161
38 25 82 88 187
38 34 39 52 127
38 42 110 153 172
38 81 150 160 168
38 1 67 108 114
38 33 95 137 171
38 183 187
39 6 102 110 115 144 177 196
39 10 38 48 52 105 121 179
39 12 17 37 124 169 178
39 93 105 126 149 187
39 37 52 82 152 164
39 148 152 171 199
39 2 73 100
39 62 166 167
39 51 78 94
39 116 137 169
39 22 97
39 95 191
39 18 180
39 61
40 16 20 60 114 160
40 5 40 67 155
40 71 112 115 129
40 47 146 168 187
40 30 130 134
40 60 144 162
40 63 91 128
40 112 122 160
40 115 163
40 54
40 78
40 199
40 21
41 0 134 145 174 175 198
41 31 105 132 159 170
41 42 51 64 75
41 134 174 187
41 84 95
41 123 145
41 49 84
42 13 95 130 133 157 195 196
42 64 115 149 150 155 182 188
42 37 70 81 95 98 177
42 69 109 114 188 191
42 19 20 75 189 194
42 35 74 95 127 199
42 36 41 47 112 128
42 55 67 186 197
42 54 111 137 158
42 25 90 161 192
42 86 92 150
42 11 49 175
42 0 9 56
42 39 73 74
42 52 56
42 135
42 57
43 70 72 111 116 127 157 190 192
43 47 56 100 110 120 137
43 60 61 68 69 86
43 68 104 120 146 162
43 37 72 90 158
43 18 21 29 154
43 26 86 199
43 143 189
43 12 114
43 116
43 182
44 15 99 124 125 181 195
44 10 41 120 160 171 192
44 4 115 127 161 174
44 50 79 95 142
44 53 56 175 192
44 32 34 188
44 7 84 175
44 156
44 1
45 2 42 55 73 77 139 142 149 176
45 31 35 45 99 105 136 143 191
45 4 32 118 119 131
45 3 98 115 128 166
45 23 57 135 183
45 10 51 90 195
45 102 105 188
45 107 146 156
45 1 48 124
45 113 146
46 50 54 55 163 171 195 197
46 31 33 40 101 128 135
46 13 103 108 150 156
46 5 44 121 148 183
46 69 75 108 124 175
46 9 41 99 153
46 16 63 173
46 55 166
47 5 16 28 37 109 119 145 197
47 95 111 124 167 198
47 1 2 100 148 159
47 15 20 118 122 146
47 0 4 33 154
47 18 101 162 168
47 20 30 85
47 194
48 12 28 92 163 166 167 183
48 80 104 107 127 157 181
48 36 41 82 167
48 9 117 156 196
48 87 114 116 128
48 47 73 182
48 6 82 194
48 83 138 144
48 94 152 172
48 1 124
48 96
49 2 53 71 120 132
49 21 84 130 183
49 4 42 48 151
49 21 34 150 186
49 113 131 157
49 6 185 189
49 12 44 60
49 106 121
50 20 42 56 83 147 187
50 55 76 103 153 159
50 10 16 85 119 152
50 20 32 95 100
50 15 36 110 162
50 49 65 147
51 13 15 37 98 99
51 16 87 96 171
51 50 137 177 179
51 6 16 36 170
51 13 161 163 185
51 24 102 163
51 0 122 170
51 27 52 119
51 28 69 134
51 15 40 89
51 6 49 186
51 7 176
51 111 192
52 29 41 46 73 135 170 173 196
52 77 79 82 88 149 174
52 20 93 114 132 162 193
52 36 49 53 66 127
52 61 67 93 145
52 25 55 153 159
52 49 104 151
52 8 29 187
52 43 185
52 130 137
52 119
53 1 44 53 79 116 151 178
53 11 15 32 49 123 124
53 64 65 106 116 132
53 14 40 108 124
53 78 120 123 147
53 14 79 143
54 23 58 83 84 145 153 195
54 3 8 42 77 156 183
54 70 143 149 152 164
54 13 18 112
55 83 93 142 182 192 196
55 56 71 82 95 102 141
55 48 49 131 169 184
55 22 32 98 173 195
55 18 34 109 133 189
55 11 41 75 183
55 5 38 171
55 19 118 130
55 148 188
56 36 64 101 160 187
56 52 87 127 152 182
56 4 132 163 168
56 50 145 152
56 34 89 154
56 8 111 144
56 43 142
57 3 14 20 21 91 109 164 166
57 24 40 41 68 152 170
57 28 32 53 107 155 185
57 29 41 107 143
57 95 134 173
57 13 76 159
58 3 96 159 178 186 197
58 60 122 138 161 190
58 75 100 147 185 193
58 59 79 113 145 178
58 41 53 145 182
58 18 28
59 20 22 136 158 169
59 29 34 148 164 182
59 3 26 117 131 191
59 11 16 35 63 190
59 3 31 91 175 193
59 36 64 73 97
59 54 97 153 184
59 10 26 165
59 12 94 192
59 47 50 111
59 66 110
59 7
60 3 62 79 109 114 154 196
60 6 38 72 150 190 195
60 24 120 137 151 177
60 6 76 164 189 196
60 30 64 153 166
60 40 91 172
60 46 63 131
60 46 74 105
60 104 105 112
60 62 144 182
60 9 130
60 48 142
60 35 141
60 198
60 170
61 45 90 113 130 160 165
61 59 62 78 100 120 163
61 97 99 115 124 197
61 26 35 125 175
61 51 61 169 188
61 37 83 149
61 137 152 182
61 129 138 164
61 39 45 92
61 24 109 169
61 14 133 157
62 1 32 69 125 127 128 168 183
62 8 67 98 128 140 163
62 8 66 83 154 161
62 17 91 149 170
62 36 78 102 159
62 81 112 168
62 32 74 156
62 121 176 185
62 168 177 189
62 16 60 153
62 57 72 124
62 90 180
62 121 168
62 97 104
62 33 77
62 38
63 14 39 47 61 93 97 112 144 177 180 190 195
63 20 37 38 82 143 178
63 23 82 85 125 137
63 15 102 105 106 110
63 12 19 85 150 165
63 72 128 144 173 183
63 41 51 58 108
63 24 80 114 139
63 9 13 112
63 38 47 136
63 28 114 179
63 46 72
63 14 98
63 148
64 27 43 44 80 121 123 152 192
64 6 23 35 49 60 95 140
64 8 15 33 88 130 163 179
64 35 52 76 113 142 158
64 61 83 139 152 191 196
64 43 64 78 100 186
64 97 125 159 169 171
64 5 16 53 58
64 20 157 168 186
64 109 121 139
64 49 69 164
64 0 165 171
64 39 58 170
64 56 154
64 44 88
64 176
65 10 104 128 146 147 175
65 10 15 125 144 170
65 50 68 87 164 178
65 34 73 114 140
65 66 82 84 170
65 44 84 107 161
65 6 26 73 87
65 35 97 156
65 82 193
66 21 44 142 167 185
66 48 60 76 112 140
66 38 41 61 150 177
66 131 149 176
66 69 155 176
66 11 17 189
66 84 105
66 124 197
66 0 35
66 157
67 0 2 31 54 59 137 145 158 166 199
67 8 22 42 62 97 174 187
67 5 57 96 103 167 175
67 68 138 166
67 116 123 177
67 68 123
67 78 190
67 29 59
67 184
68 13 42 50 67 83 117
68 4 18 46 61 121
68 30 31 50 104 154
68 28 67 112 132 159
68 126 141 157 160 162
68 87 98 109 138 142
68 57 67 70 88 179
68 13 88 150 195
68 0 35 65 83
68 0 3 17 130
68 60 126 160
68 1 35 45
68 6 47 63
68 92 191
68 46 64
68 98 173
68 44
69 7 32 112 165 170
69 85 122 155 185
69 109 138 149 190
69 47 138 157 171
69 76 102 171
69 28 178 186
69 40 113 153
69 39 93 175
69 64 199
69 10 175
69 8
70 13 58 62 115 130 162 178
70 20 78 79 84 162
70 75 82 162 183
70 84 166 198
70 100 149
71 35 96 110 131 158 182 193
71 38 77 85 114 132 157
71 27 147 156 180 194
71 8 54 76 121 125
71 28 79 145 178
71 8 34 148 164
71 63 81 93
71 69 122 127
71 103 145
71 20 175
72 2 36 65 93 141 176
72 0 82 135 157 168 194
72 16 46 54 55 63 172
72 32 107 148 178 186
72 185
73 7 15 24 38 53 63 172 174 191
73 27 47 55 63 82 91 125 127
73 60 73 127 177 187
73 12 46 51 143
73 11 13 35 45
73 5 101 128 136
73 81 118 150 170
73 11 53 66 72
73 107 135 150
73 65 74
74 44 45 75 78 88 132
74 10 56 107 129 181
74 84 128 144 183
74 117 123 126 136
74 38 54 68 91
74 76 120 125
75 6 44 67 104 132 137 145 149 166 195
75 8 14 37 44 63 88 113 128 129 181
75 11 63 65 113 137 148 172
75 9 15 75 87 137
75 7 54 90 93 130
75 45 80 132 174
75 41 142 145 189
75 41 47 62 179
75 51 82 109 135
75 91 111 186
75 53 78
75 45 69
75 159
76 31 52 121 122 176 190
76 3 55 82 152 165 187
76 80 127 153 166 188 189
76 107 125 127 130 133 182
76 31 90 140 144 192
76 34 49 95 108 115
76 36 53 100 143
76 0 83 143 164
76 13 53 88 193
76 18 152 158
76 22 103 187
76 14 96 147
76 63 137 174
76 58 91 153
76 119 138 197
76 50 101 184
76 131 194
76 93 97
76 61 128
77 65 72 79 84 100 173 195
77 18 50 51 59 136 173 178
77 70 93 146 159 193
77 10 13 78 168 183
77 6 149 153 159
77 82 103 115 135
77 84 94 108
77 69 82 128
77 138 150
78 9 36 59 60 81 177 198
78 28 53 70 80
78 61 99 111
78 81
78 128
79 38 52 63 88 98 119
79 12 15 55 61 112 134
79 6 20 29 112 188
79 24 26 57 89 112
79 91 105 149 161 180
79 116 122 125 183
79 15 71 155 164
79 95 129 156
79 62 104 188
79 88 164 199
79 90 176
80 6 25 29 90 113 154 167
80 44 89 131 156 174 197
80 87 104 123 147 186
80 68 101 146 154 164
80 59 60 81 172
80 44 82 166 170
80 29 54 139 152
80 95 124 127 183
80 0 125 142 146
80 64 114 182
80 61 110 174
80 14 115
81 12 65 67 85 141 142 147
81 42 52 76 96 122 172 196
81 2 87 147 193 198
81 9 12 45 53 135
81 32 128 150 162
81 1 99 179
81 82
82 23 53 56 132 156 162 171 177
82 21 89 101 116 140 171 180
82 1 20 23 106 164 166
82 34 37 134 159 161
82 30 38 48 56
82 4 192 195
82 83 123 141
82 57 61
82 10 152
82 131
83 5 24 89 126 156
83 53 57 61 196
83 4 5 86 129
83 103 126 190
83 72 79 152
83 53 68
84 92 94 97 108 123 158 169 177
84 0 12 44 67 83 116 131 152
84 4 65 88 107 114 128 129
84 49 69 124 168 173 176
84 12 29 70 98 111 135
84 17 37 103 106 165
84 20 45 139 149
84 17 25 61 116
84 45 109 184
84 46 87 162
84 13 133 189
84 6 131
84 77 189
84 42
85 26 73 124 143 148 159 163
85 24 46 77 119 127 159
85 6 94 136 148 163
85 44 45 101 142 158
85 32 79 157 178
85 11 114 122 160
85 46 51 65 166
85 1 57 146
85 73 104 146
85 18 26 109
86 1 4 6 41 121 152 184
86 27 31 39 50 58 136 141
86 6 19 32 59 168 194
86 98 137 160 175
86 30 49 60 95
86 52 113 128 141
86 139 147 176 182
86 121 125 136
86 81 156 180
86 3 28
86 12 29
86 21 74
87 42 55 61 112
87 16 44 71
87 108 149 151
87 57 157 184
88 9 78 91 118 154 165
88 0 5 10 80 132
88 38 57 100 126 158
88 131 143 156 158 197
88 58 91 109 137 181
88 5 51 154 195
88 15 96 99 120
88 12 27 58
88 26 133 156
88 39 98 137
88 68
89 51 66 92 123 137 151
89 6 34 59 147 178 181
89 35 81 90 161 184
89 13 81 89 116 191
89 87 92 136 184
89 29 69 124 128
89 26 60 80
89 166 196
90 53 85 137 149 165 167 178
90 74 112 122 130 160
90 5 10 26 124 194
90 1 19 127 197
90 18 61 120 132
90 6 116 193
90 50 174
90 69 156
90 94 105
90 64 168
91 22 48 50 106 115 126 135
91 88 105 114 120 165
91 24 38 80
91 90 167 168
91 10 167 193
91 87 107
91 45 179
92 13 70 92 164
92 7 12 116 161
92 22 61 192 196
92 31 59 165 169
92 18 184 186
92 5 126 162
92 19 167
92 54 131
92 182
92 76
93 11 34 46 63 168 186
93 5 6 82 116 160
93 4 16 173 175
93 6 11 130 198
93 1 103 165
93 28 165 172
93 4 35 75
93 71 141 147
93 129 132 155
93 8 118
93 26 172
94 18 55 90 95 150
94 35 52 113 139 175
94 21 32 85 86 105
94 80 109 146 177
94 78 93 183 184
94 4 182 198
94 58 142 159
94 7 52 53
94 66 83 142
94 24 53
94 41 159
95 46 61 88 114 154 167
95 40 42 44 76 86
95 5 50 85 121 169
95 41 60 72 83 193
95 102 116 163 188
95 6 83 158 163
95 60 147
96 8 22 31 35 42 148 156 159 172 182
96 112 117 186 191 193
96 24 29 137 142
96 28 37 73 154
96 86 165 181
96 100 196
96 19 139
96 101
96 148
97 5 36 60 110 160 162 172
97 21 22 64 66 113 155
97 132 159 169 182 183 197
97 4 13 103 119 137 138
97 18 103 120 134 198
97 23 38 50 144
97 40 134 149 168
97 34 100 157 199
97 90 113 158
97 7 30 161
97 50 177
98 62 84 88 100 142 198
98 1 39 87 148 167 180
98 68 109 118 132 177 185
98 69 77 84 140 141
98 10 63 118 153 174
98 3 73 80 82 111
98 31 60 122 126
98 5 33 133
98 84 104 176
98 56 141 154
98 128 195
99 12 34 51 66 137 163 173 199
99 4 9 28 48 154 188
99 0 38 75 82 85 139
99 51 134 188 196 199
99 44 55 63 116 156
99 13 62 103 131 185
99 9 35 124 155 198
99 118 128 151 170 199
99 64 70 151 187
99 49 81 102 103
99 52 58 65 72
99 59 102 124 196
99 4 5 49
99 1 69 105
99 64 91 138
99 2 120
99 31 45
100 20 93 111 198
100 40 72 140 167
100 34 110 197
