200 1000
1 10 68 146 154 176 186 195
1 23 33 99 143 178 195
1 62 98 130 137 155 164
1 83 161 163 169 177
1 86 115 138 145 154
1 3 11 62 125 167
1 54 111 122 184
1 53 154 177
1 67 113 121
1 17 73
1 126 130
1 161
2 34 35 50 64 111 132 141
2 28 154 186 192
2 69 136 141
2 120 124 141
3 2 21 30 58 99 141
3 82 119 141 143 191
3 16 113
3 33 135
4 42 97 142 145 155 157 167 177 181
4 43 57 59 114 149 152 163 164
4 13 29 131 139 166 174 176
4 2 9 12 43 69 138
4 97 112 137 150 179 189
4 64 70 122 137
4 31 138 169
4 11 113 171
4 53 98
4 7 151
4 10 155
5 10 13 23 107 153 155 175 194 195
5 93 120 147 149 153 181
5 35 58 114 122 127 173
5 27 39 154 190 196
5 27 85 88 172
5 13 108 134 150
5 99 158 176 183
5 7 25 68
5 119 145 191
5 110 146
5 44
6 19 53 55 58 61 96 161 192
6 29 37 51 55 121 159
6 22 94 113 132 153 199
6 4 80 112 164 179
6 14 43 51 172 187
6 0 36 37 72
6 30 106 157 164
6 137 162 193
6 37 128 143
6 34 82 176
6 20 34 170
6 0 105 168
6 4 13 155
6 71
7 11 35 94 95 117 123 161
7 52 137 164 191
7 58 81 83 176
7 42 127 135
7 34 63 127
7 25 69 102
8 72 106 143 147 159 163 173
8 9 41 87 137 143 152
8 37 40 46 89 185 188
8 9 74 160 173 178
8 7 20 87 114 179
8 12 14 25 40 197
8 30 145 170 198
8 36 47 145 190
8 57 61 68 127
8 68 132 150
8 9 71 99
9 6 41 72 92 160 166 182
9 10 38 53 66 123 143
9 5 82 96 110 176
9 16 79 117 119 142
9 75 91 134 150 180
9 5 24 135 152
9 7 171 187 194
9 94 136 146
9 45 76
9 78 190
9 59
10 8 22 87 88 103 134 171
10 4 24 57 91 132
10 157 165 175 187
10 64 125 130 143
10 28 83 115 132
10 14 57 119
10 17 83 103
10 102 168 193
10 91 155
10 27 36
11 15 32 45 48 89 108 183 186
11 89 109 116 133 155 159
11 35 81 115 160 172 173
11 28 58 97 133 141
11 5 24 93 176
11 19 44 48 133
12 23 32 34 92 114 151 177 196
12 31 32 46 50 51 161
12 7 20 69 132 141
12 20 32 103 116 178
12 102 113 128 144 177
12 21 25 136 147 177
12 42 48 118 145
12 58 93 112 142
12 43 68 172
12 8 49
12 19 166
13 22 26 62 96 100
13 16 34 105 130 157
13 15 45 67 69 97
13 33 46 62 192
13 56 156
13 62
14 9 18 30 38 84 164 176
14 16 40 165 170
14 13 82 166 197
14 21 72 79 89
14 15 39 67 189
14 54 85 148 197
14 131 146 152 162
14 41 60 78
14 24 80 187
15 43 46 71 76 78 119 177 186
15 40 58 75 83 96 107 163
15 43 61 135 168 188
15 3 22 25 124 145
15 101 110 126 128
15 9 89 110 136
15 126 135 165
15 8 115
15 109 150
15 17 33
15 1 123
16 13 72 97 138 150 158 168 194
16 11 52 69 101 116 118 167
16 0 4 23 166 185 197
16 66 76 103 167 178 198
16 12 45 86 137 165 196
16 28 45 59 75 79 182
16 139 155 170 181 197
16 4 79 96 128 144
16 142 150 157 160 164
16 97 115 132 177
16 12 22 51 91
16 28 147 158
16 44 85 175
16 75 115 196
16 34 114
16 106 186
16 187
17 3 10 27 53 133 138 139
17 20 94 132 137 146 196
17 4 25 109 130 139
17 14 33 72 109 149
17 6 14 64 94 146
17 19 28 41 99 116
17 55 101 121 140
17 25 27 140
17 16 76
17 118 181
17 117
18 14 36 91 170 180 186 194
18 42 139 150 156 179
18 14 104 117 152 158
18 76 103 144 171
18 13 29 37 87
18 61 65 106 148
18 74 91 141
18 44 87 101
18 24 34 199
19 7 29 90 97 166 173 174
19 92 107 142 186
19 118 123 153 154
19 65 79 125 175
19 8 17 20 165
19 102 156
20 27 40 45 63 73 99 121
20 37 54 85 161 172
20 7 19 48 116
20 27 56 85
20 20 88
21 7 12 22 35 40 50 70 97
21 45 58 76 94 112 169 184
21 15 17 54 95 129
21 45 46 183 192
21 5 7 92
21 161
22 61 71 115 123 125 132 143 148
22 5 33 61 73 104 109 182
22 63 100 158 177 178 189
22 58 66 75 76 113 160
22 48 87 88 105 167
22 35 57 79 104
22 58 70 139
22 29 164 199
22 26 78 165
22 73 119
22 22 52
22 79
23 11 48 55 147 165 172 174 175
23 39 58 111 121 143
23 9 158 164
23 46 196
24 24 26 110 119 129 138 147 150
24 72 96 99 147 169 183
24 128 139 168 174 182 195
24 64 71 123 133 142
24 35 61 108 139 144
24 1 5 57 115 175
24 19 34 73 82
24 6 35 126 159
24 43 47 48 190
24 100 121 176 198
24 50 129 180 196
24 23 26 106
24 116 128
24 109 147
24 33 172
24 148 189
24 36 179
24 36 102
25 6 55 105 123 128 168 186
25 30 74 110 155 175
25 6 69 100 140 176
25 11 115 142 147 166
25 63 76 127 170 196
25 18 96 119 182
25 27 112 152
25 38 48
26 56 86 120 125 137 144 162 166 178 182
26 20 41 52 128 133 146
26 8 26 49 123 131 140
26 12 13 57 85
26 40 113 198
26 3 70 102
26 130 186
26 131 136
26 117 186
26 144
27 39 51 53 70 105 159
27 25 80 131 148 169
27 56 104 133 167 187
27 18 80 96 139
27 76 94 124 129
27 55 93 133 156
27 88 113 146
27 46 62 117
27 37 50 73
27 105 172 189
27 93 134 140
27 7 127 147
27 138 167
27 95
27 198
27 42
28 30 70 71 107 136 153 183
28 37 74 118 149 174 187
28 6 25 102 113 123
28 16 27 76 135
28 49 131 168 170
28 9 85
28 23
29 3 13 62 66 104 117 121 123
29 71 73 85 148 193
29 36 97 108 154 156
29 85 129 140 145 183
29 12 15 116 165 187
29 25 57 116 149
29 34 59 84 128
29 35 37 120 166
29 25 39 148 191
29 42 90 127
29 43 141
29 49 82
29 77 94
30 17 65 85 128 150 191
30 10 22 24 32 74 121
30 17 63 152 156 159
30 50 122 135 169
30 112 128 167 186
30 51 113 126 145
30 70 120
30 48 112
30 101 196
30 138
30 39
31 30 60 131 132 192
31 21 54 111 158 167
31 52 94 142 177
31 33 96 182 185
31 61 102 185
31 1 28 72
31 106 134 162
31 69 91 133
31 149 198
31 5 99
32 33 52 94 111 177
32 6 56 96 130 193
32 9 18 120 126 180
32 13 163 164 183
32 39 45 127 150
32 39 40 128
32 25 51 90
32 18 44 86
32 17 53 107
32 32 58 154
32 50 73 129
32 68 128 146
33 13 54 69 91 175 178
33 14 45 129 136 161
33 56 89 138 173
33 40 164 175 179
33 84 172 175 188
33 56 86 106
33 18 44 131
34 4 35 60 116 182 196
34 12 15 24 73 130
34 2 28 59 138 153
34 24 46 58 74 185
34 46 109 163 184
34 17 33 69 164
34 4 123 150 166
34 23 40 81 89
34 6 10 78
34 49 129 177
34 112 133 167
34 60 147
34 24
35 34 39 53 65 186
35 31 78 135 137
35 0 58 96 103
35 25 81
35 17 32
35 36 118
35 21 95
35 14
36 6 40 108 130 139 157 188
36 49 93 116 119 188
36 36 99 129 140
36 2 52 120 161
36 11 47 64 173
36 74 83 98
36 46 102
36 129 148
36 14
37 31 52 61 74 75 76 172
37 32 126 127 157 171 185
37 19 39 68 97 117
37 38 39 97 140 175
37 34 57 117 121
37 28 55 133
37 40 154 159
37 33 86 111
37 46 59 79
37 34 98 109
37 35 89
37 30 153
38 20 88 98 103 119 121 193
38 64 100 149 195
38 85 119 120
38 50 67 188
38 23 118 131
38 72 118
39 9 19 27 146 147 188 191
39 57 100 101 112
39 4 81 83 165
39 4 12 43 198
39 157 158 192
39 112 134 175
39 16 66
40 50 64 116 150 168 180 184
40 12 69 88 102 165
40 54 61 64 167
40 24 97 145 174
41 55 115 120 139 143 190
41 27 50 76 111 173 199
41 83 130 137 147 148
41 82 124 167 199
41 43 75 123 176
41 92 95 104
41 135 149 151
41 24 196
41 171
42 11 46 54 66 68 95 130
42 5 68 115 131 164 191
42 18 117 167 196
42 17 42 178
42 69
43 10 23 72 73 78 132 145 197
43 7 50 60 61 111 115 175
43 15 42 51 90 115 155
43 1 30 57 167 192
43 18 38 120 134 150
43 4 45 48 93 184
43 37 48 83
43 53 61 104
43 40 61 176
43 121 141
43 135
44 2 38 79 127 196
44 31 57 154 157
44 10 27 62 193
44 103 134 149 181
44 72 79 91 136
44 41 101 125
44 45 156 171
44 100 137 152
44 67 72 174
45 43 50 64 120 122 134 143 193
45 73 76 93 96 119 123 133 141
45 36 49 69 111 133 190
45 55 99 104 170 171 182
45 22 25 37 104 105
45 0 4 31 134 165
45 5 50 84 103 156
45 50 52 58 112 199
45 117 118 126 169
45 12 93 149 191
45 76 173 192
45 101 131 178
45 130 193
46 41 58 89 91 109 123 153
46 81 86 125 136 183
46 80 116 117 122 153
46 26 59 124 171 198
47 47 59 100 106 144 188 192
47 6 19 31 35 37 121 190
47 18 24 99 174 191
47 10 138 171
47 1 25 58
47 7 153 187
47 34 108 167
47 76 118 177
48 22 33 74 138 139 192
48 77 82 87 89 97
48 96 97 117 143 158
48 54 76 100 134 188
48 14 25 44 163
48 40 103 106
48 27 57 120
48 59 68 162
48 31 33 91
48 137 186
48 22 153
49 35 44 60 105 129 168 171 192
49 37 45 57 68 93 193
49 103 107 168 199
49 60 65 89 129
49 44 113 194
49 39
50 15 20 106 173 183
50 14 16 17 184 186
50 3 17 109 176
50 29 55 74 95
50 93 154 185
50 35 84 177
50 53 112 114
50 26 33
50 64 168
51 13 53 100 159 166 199
51 9 13 19 97 152 163
51 12 32 48 54 181
51 48 76 86 120 148
51 37 105 148 162
51 7 32 55 197
51 21 65 160 197
51 15 18 120
51 60 93
51 0 13
51 27 133
51 28
52 57 67 181
52 27 131 136
52 56
53 38 52 93 128 152 162 167 178
53 0 21 105 115 121 133
53 61 63 94 111 134 141
53 34 36 93 108 118 157
53 29 118 126 152 169
53 37 49 113 149 152
53 74 75 160 177
53 61 74 88 192
53 38 124 142
53 9 83 193
53 114 197
53 46 157
53 55
54 12 46 52 61 70 119
54 10 72 121 172
54 24 29 31 174
54 102 103 132 164
54 47 61 89 112
54 0 11 166 184
54 11 48 92
54 64 189
55 27 62 70 88 177 186 190
55 4 11 92 111 112 176
55 25 48 87 173 176 198
55 44 90 109 125 127
55 75 110 115 128 157
55 24 63 137 166
55 15 60 121 138
55 103 174 176
55 41 130 146
55 28 115 171
56 51 79 94 127 157 168
56 64 161 167 177 189
56 10 58 136 180 198
56 40 44 149 188
56 30 108 126 182
56 35 95 106
56 130 164
57 19 29 38 73 121 158
57 25 81 102 118 163
57 26 32 117 191
57 26 131 143
57 10 49 93
57 1 49
57 15 55
58 7 27 39 64 80 135 144 164
58 45 79 82 86 109 132 180
58 4 8 20 111 144 152
58 21 50 52 66 134
58 7 103 132 145
58 75 98 179 193
58 21 69 187
58 1 25 150
58 112 137 187
58 1 27 44
59 20 72 102 109 122 162 192 197
59 1 29 78 141 161 164 173
59 105 125 126 147 170
59 37 89 192
59 16 130 166
59 81 112 139
59 60 124 194
59 0 87 168
59 3 144
59 83 106
59 67
60 39 53 62 80 112 180 190
60 0 38 70 93 119 145
60 106 118 121 126 147 198
60 7 37 108 182 183
60 74 105 109 125 192
60 12 23 33 163
60 20 22 156 182
60 63 101 161
60 56 177
61 7 8 18 122 123 156
61 5 53 55 102 130
61 53 76
61 15 184
61 63
62 15 69 99 134 180 182
62 24 67 142 149 193
62 20 39 71 91 98
62 20 76 157 188
62 31 118 126 130
62 0 55 124
62 99 126 194
62 95 163 191
62 2 105 162
62 133 155
62 43 190
62 10 125
62 70 127
62 107 179
62 141 192
62 193
63 14 87 108 151 158 183 185 188
63 20 56 69 80 84 94
63 25 43 78 97 135 174
63 31 38 56 100 126 148
63 85 96 114 145 194
63 20 23 129 154 165
63 25 47 62 154
63 12 24 117 161
63 43 91 145 161
63 10 98 185
63 23 73 82
63 129 167
63 17 60
64 21 51 52 83 89 92 111 197
64 1 13 15 21 68 171 194
64 21 47 64 117 145 175
64 28 47 90 118 139 146
64 67 75 79 101 105 124
64 93 129 141 151 187
64 8 65 99 140 151
64 29 118 126 158 166
64 99 156 167 199
64 49 51 58 108
64 48 85 103 116
64 135 149 167 197
64 100 141 181
64 142 193
65 0 30 36 67 105 139 161 184
65 48 106 107 118 174 182
65 69 87 98 105 163
65 92 98 99 171 192
65 7 61 93 193
65 9 84 121 195
65 58 61 81 175
65 27 78 188
65 123 167 183
65 163 184
65 77 146
65 96 152
66 22 33 51 58 75 112 135 155 159
66 51 53 61 63 109 194
66 8 26 30 41 182
66 30 52 64 172 176
66 53 70 87 113 197
66 41 151 171
66 121 122 179
66 104 121 130
66 2 134 190
66 131 160
66 11 147
66 31 62
66 68
67 24 52 86 108 185 187
67 91 101 142 148 185 189
67 12 49 89 120 146
67 32 56 125 143 187
67 33 66 86 149
67 18 48 82 156
67 32 49 192
67 79 85 135
67 28 51
67 64 90
68 20 33 45 161 167 178 189
68 31 60 70 126 146 168
68 66 97 136 169 176 187
68 16 106 139 168 175
68 54 67 176 191
68 97 125 164 183
68 135 148 158 195
68 12 43 132
68 12 36 119
68 35 184 189
68 44 123
69 0 22 38 57 63 81 133 149
69 23 28 60 88 104 155 165
69 40 46 68 97 162 199
69 30 73 83 164 180 181
69 12 14 121 138 159
69 12 89 141 157 172
69 15 76 109 123 179
69 68 116 168 187
69 17 58 64 75
69 46 146 160 162
69 16 85 161 164
69 64 99 171
69 49 169 187
69 34 75 97
69 77 170 182
69 16 110 120
69 56 198
69 134 137
69 1 36
69 31
70 10 11 29 109 120 130 148 165 183 190
70 28 31 71 77 137 151 159 184 187
70 38 83 86 97 157 167 177
70 7 55 76 89 159 185 187
70 2 13 14 85 130 142
70 29 76 94 140 142 198
70 17 41 121 166 191
70 118 155 156 157
70 47 157 162 185
70 28 134 191
70 123 150 179
70 50 64 149
71 6 32 38 60 90 176 180 192
71 14 40 87 147 192 197
71 13 62 94 154 185
71 1 15 63 142 193
71 17 33 88 156
71 20 31 59
71 81 114 119
71 105 131 149
71 21 52 170
71 22 35 141
71 31 67
71 97 165
71 4
71 168
72 12 43 64 68 75 82
72 2 64 95 102 134 199
72 7 39 63 196
72 0 64 88 192
72 19 26 59 117
72 4 22 36 44
72 3 58 160
72 33 132 180
72 14 97 175
72 26 92
72 76 92
72 109 157
72 88
72 170
73 37 63 70 143 159 181 186 196
73 5 15 85 163 173 188
73 0 66 71 81 170 183
73 46 75 152 181 182
73 36 61 89 93 160
73 57 74 84 113 153
73 37 118 128 150
73 41 107 108 162
73 3 20 74
73 147 184 186
73 3 165 194
73 164 192
74 36 89 104 124 151 165 168
74 6 102 108 146 198
74 16 70 130 195
74 32 46 87 106
74 119 144 194
74 19 52 69
74 22 34
74 52 142
75 53 75 108 151 154
75 32 42 122 166 170
75 39 64 79 109 142
75 49 69 111 142
75 32 65 82
75 71 102 114
75 41 61 177
75 17 22 48
75 138 139
75 10 86
76 32 47 54 84 88 130 146 164 194
76 70 101 123 159 164 194
76 4 28 69 97 153 187
76 18 124 135 146 159
76 54 101 125 164
76 64 81 161
77 11 18 20 30 47 113 114 173
77 29 50 57 80 86 135 152
77 43 118 144 145 163 174
77 21 52 122 133 177 194
77 67 98 101 157 168
77 34 55 77 146 170
77 71 88 116 133
77 8 18 53 112
77 45 141 156 164
77 13 38 140
77 5 122 193
77 154 192 194
77 20 107 159
77 42 67
78 10 13 52 80 90 151 155
78 55 79 125 136 162 181
78 27 30 61 160 169 197
78 51 60 96 115 170 190
78 69 81 151 152 185
78 19 106 107 113 136
78 90 94 159 167 180
78 30 92 152 186
78 73 76 166
78 65 100 172
78 48 77 164
78 108 154 155
78 13 68
78 29 71
78 143 170
78 67 148
79 43 57 78 175 184
79 1 46 47 78 108
79 8 42 156 194
79 67 104 154 163
79 104 125 145 176
79 74 93 177 181
79 150 179 181
79 99 146 157
79 133 186
80 22 77 136 138 144 179 188
80 31 46 109 137 138 156
80 22 87 123 134 162
80 1 59 106 196
80 56 90 104 111
80 14 52 57 155
80 15 17 112 179
80 0 98 161
80 54 69
80 156 176
80 64 127
81 27 55 71 80 91 105 123 143
81 21 27 89 105 114 175
81 86 153 179
81 97 150 171
81 21 89
81 77
81 135
81 56
81 3
82 119 138 147 168 184
82 125 150 162
82 42 77 111
82 63 79 172
82 14 142 194
82 44 156 187
82 37 50 71
82 119
83 66 67 74 103 128 151 182
83 22 138 150 157 182 197
83 5 13 144 148
83 5 36 52 57
83 14 20 104 177
83 39 41 126 187
83 8 48 107
83 18 184
83 89
84 1 8 78 109 116 148 152
84 36 56 78 141 164
84 1 49 128 180
84 71 94 110 135
84 15 59 99 163
84 47 108 112 184
84 7 88 142 154
84 19 138
84 3 133
84 77 129
84 38 141
85 9 50 52 80 107 108 150
85 22 23 31 102 126 156 162
85 4 61 76 99 100 107
85 9 74 83 170 183
85 89 106 116 131 156
85 18 49 103 157 193
85 1 7 121 158
85 87 125 170
85 43 87 122
85 106 108 117
85 8 194
86 7 24 30 118 158 159
86 5 10 43 88 143 155
86 89 110 166 169 175
86 98 129 131 150 181
86 19 63 99 125 131
86 34 113 117 180 190
86 31 57 105 146 187
86 64 80 89 129 148
86 104 135 145 197
86 7 120 137 180
86 14 16 24
86 137 152 198
86 12 114
86 100 126
87 0 64 66 119 133 164
87 93 138 171 194
87 37 47 61 123
87 43 153 189
87 37 85 99
88 53 56 59 84 85 93 98 155 157 172
88 45 49 51 96 136 192
88 60 99 105 139 183 188
88 79 123 142 146 198 199
88 42 48 108 129 135 179
88 3 27 53 112
88 59 81 91 92
88 37 107 181 191
88 0 52 114 149
88 77 176 177
88 121 167 172
88 35 36 198
88 8 94 100
88 13 170
88 178
88 7
89 13 21 37 64 147 166
89 19 82 97 154 173 177
89 5 118 124 170 198
89 2 20 85 162 198
89 31 93 146
89 32 81 169
89 30 125 178
89 27 91 165
89 54
90 26 44 81 148 195
90 6 76 97 118 167
90 5 29 76 117 185
90 94 114 165 184
90 9 16 82 134
90 101 113 161 195
90 48 58 149 195
90 145 172 178
90 12 21 38
90 34 131
90 98 104
90 40 97
91 31 74 93 119 129 130 159 164 171 185
91 101 110 148 166 169 172
91 6 24 30 103 155 194
91 36 113 129 166
91 6 46 79 138
91 139 142 186
91 106
92 54 102 121 155 171 174 195
92 5 76 109 145 153 158
92 26 53 74 116 131 144
92 32 48 49 77 162
92 44 53 111 196
92 40 129 138 178
92 12 89 150 187
92 40 48 132 185
92 35 76 88 147
92 51 106 152
92 64 65 67
92 34 57 185
93 65 80 111 165 184
93 50 68 81 89
93 7 100 137 167
93 19 68 181
93 25 37
94 16 39 43 46 62 71 180 184
94 48 65 79 91 95 97 107
94 9 34 70 109 185
94 57 120 146 176 184
94 22 153 159 176 191
94 21 69 107 192
94 12 108 113 160
94 141 165 179 185
94 95 142 166
94 10 54 185
94 12 156 159
94 51 158 176
94 14 92
95 14 24 29 58 63 70 84 153 193
95 7 10 26 46 80 134
95 54 60 130 171 187 189
95 47 49 127 132 154
95 30 55 60 100 121
95 4 47 103 120 190
95 16 34 119 138
95 70 120 130
95 133 146
95 2 148
95 63 136
95 130
96 13 95 134 145 155 168
96 13 54 111 114 193 194
96 46 68 95 98 174
96 58 120 138 149
96 24 37 83 85
96 31 108 116
96 35 141 161
96 62 155
96 101 122
96 59 160
96 122 188
96 56
97 6 30 74 109 192
97 30 45 68 100 132
97 79 139 168 186
97 12 113 120 185
97 11 149 182
97 43 75
97 0
98 6 12 55 99 120 138 169
98 0 33 82 95 126
98 40 59 124 143
98 29 80 87 109
98 19 51 114 166
98 36 38 127
98 63 100 128
98 89 128 138
98 146 169 196
98 105 171
98 149 188
98 2 172
99 2 9 31 38 44 171
99 14 44 52 94 110 156
99 4 139 145 159 178
99 7 33 38 93 102
99 53 63 134 146 187
99 12 23 29 130
99 15 101 160
99 11 167 174
99 129
100 63 66 72 174 193
100 59 173 179 184 195
100 93 120 123 133 152
100 138 149 156 180
100 49 174 180 184
100 25 30 32 118
100 32 94 120 139
100 77 88 134
100 1 9 61
100 26 41 76
100 9 66 70
100 47 125 143
100 35 65 105
100 86 193
