200 1000
1 2 65 98 114 118 126 163 168 170 171 183 190 192
1 17 42 43 44 74 88 124 128 130 141 147 153 169
1 4 12 13 49 50 75 91 101 151 157 176
1 4 13 36 81 82 97 131 136 142 148 181
1 57 59 66 68 76 82 102 136 165 185
1 38 41 57 77 84 86 134 137 167
1 5 104 119 168 181 189
1 58 109 159 165 166
1 40 105 142 161
2 28 30 35 54 55 96 100 101 126 130 143 164 174 183 189 191 195
2 7 16 28 43 57 58 67 79 99 113 139 152 155 165 166 175
2 2 15 29 31 38 81 139 153 164 168 198
2 17 53 112 115 124 127 133 142 158 197
2 19 46 54 56 93 108 141 153
2 33 51 63 110 134 147 164 180
2 25 50 89 119 156 191 195
2 43 56 78 83 179 198
3 15 18 25 26 30 66 67 81 96 136 149 152 154 157 191
3 1 74 87 103 112 116 136 138 141 154 167 170 175
3 9 31 45 71 73 91 121 124 139 147 149 172
3 13 34 78 107 108 139 147 150 168 176 197
3 26 35 40 43 82 84 87 89 107 109 184
3 0 73 77 123 136 142 148 153 163 165
3 10 79 90 119 130 174 180 184 186
3 53 66 68 144 150 157 162 179 189
3 11 20 25 60 67 73 120 170 175
3 14 22 26 39 54 70 96 194 196
3 5 8 14 108 142 148 165 181 183
3 25 44 50 67 101 174 182 199
3 21 23 59 86 166 188
4 4 19 21 26 56 63 72 83 109 127 140 172 180
4 2 17 33 40 51 74 127 168 178 187
4 12 24 58 65 73 83 86 148 178 184
4 10 51 68 86 108 119 152 165 198
4 7 16 103 140 143 159 170 173 187
5 8 9 12 20 35 41 46 104 128 138 141 155 160 165 191
5 8 24 33 37 95 143 149 150 152 168 187 191 193
5 7 35 45 54 84 85 93 104 130 131 141 163 194
5 5 7 37 50 65 66 92 104 115 139 162 181
5 18 36 54 93 99 105 132 139 168 179 184
5 13 26 70 77 89 103 130 136 149 174 179
5 4 17 64 89 118 126 139 152 159 177
5 51 72 92 105 114 140 192
5 42 44 47 72 140 180
6 1 20 24 28 86 98 132 146 153 156 161 182 199
6 23 41 48 94 100 117 157 166 182 186 187 193
6 18 37 72 89 97 116 137 138 145 169 176 194
6 12 23 27 31 55 76 79 122 137 160 165
6 10 61 86 97 111 124 138 142 151 156 167
6 8 16 57 88 115 137 180 181 188 189 199
6 23 26 62 64 69 76 150 166 190 193
6 2 4 19 58 59 127 149 152 179 199
6 25 27 33 59 87 111 165 194 198 199
6 29 73 78 80 98 106 118 135 142
7 30 33 43 52 54 61 83 135 138 147 151 162 185 187 198
7 6 44 76 103 110 114 115 126 134 142 158 170 185 192 195
7 3 17 35 43 44 65 73 76 135 141 145 170 174
7 48 60 78 85 97 101 111 114 115 119 160 172 177
7 40 53 57 62 79 99 106 109 110 119 133 157 175
7 1 12 23 46 77 112 120 126 131 147 158
7 12 15 89 91 103 106 153 178 198 199
7 11 36 55 81 88 127 150 159 183 199
7 14 17 62 115 131 159 176 191 194
7 34 57 58 71 97 118 120 181 184
7 23 30 57 85 89 96 100
7 5 30 51 56 74 185
8 17 18 21 35 41 51 55 64 70 86 99 102 131 155 162 164 170 191 195
8 22 28 46 48 54 113 120 138 140 153 159 163 190
8 0 40 67 81 83 100 103 108 138 160 172 178
8 42 51 65 83 99 126 161 170 172 180
8 54 86 101 125 135 150 156 168 190
8 1 55 62 90 117 119 157 169 181
8 28 54 89 104 118 159 180
8 11 27 42 47 69 148 157
8 76 107 163 165 176 179
8 7 48 86 102 113
9 13 25 28 45 48 51 60 71 89 113 138 140 141 143 168 192 197
9 3 5 17 26 29 52 67 110 114 124 131 140 145 151 175 176
9 0 5 38 40 48 50 56 79 83 118 139 156 170 174 196
9 12 26 49 80 104 109 122 124 140 161 163 169 186 191
9 16 34 73 104 117 123 133 137 176 182 183 192 194
9 9 41 49 102 108 112 118 139 161 166 167 193
9 6 50 54 72 129 137 141 143 153 179
9 4 5 22 27 63 81 111 123 128
9 0 15 16 22 35 58 72 90 110
9 19 22 30 31 70 119 122 128 195
9 63 107 130 139 140 152 157 170 183
9 26 89 94 95 114 136 185 187 188
9 18 93 111 125 140 144 153 186 189
9 6 15 50 64 76 100 104 135 151
9 12 64 102 140 166 168 175 194
9 38 62 95 130 163 179 188 189
9 7 26 49 53 154 169
10 1 9 31 33 72 77 83 99 129 149 152 158 178 194
10 16 19 40 44 81 82 121 143 151 176 191
10 19 20 29 58 77 87 116 126 158 187
10 14 39 55 57 76 87 118 137 140
10 8 41 53 67 80 123 150 176 191
10 0 3 61 96 112 115 152 167
10 3 13 28 99 102 119 124 188
10 23 35 37 46 68 83 158 168
10 21 99 146 149 167 192 193
10 2 17 64 70 106 129
10 9 54 66 74 137
11 10 33 51 67 69 74 77 105 120 129 130 139 196
11 49 69 70 82 96 112 132 134 137 164 166 184
11 12 18 33 53 55 56 66 82 120 131 162 163
11 22 66 72 77 106 121 141 156 168 174 191 199
11 22 23 24 105 124 134 138 182 188 190
11 5 12 29 70 91 95 107 140 195 199
11 6 13 73 81 109 117 155 157 172 191
11 14 59 63 66 90 98 111 126 138 175
11 72 81 93 108 112 144 162 171 173 194
11 29 37 47 65 99 140 142 148 183
11 12 29 66 81 125 128 151 157
11 6 24 33 76 101 136 155 162
11 9 39 59 99 126 183
11 49 60 158 171 175
12 15 16 20 68 80 94 98 100 102 104 108 129 133 151 169 179
12 18 35 52 66 75 79 81 99 118 132 148 152 167
12 38 42 43 83 96 101 104 108 146 148 153 156 183
12 23 32 46 51 66 76 131 136 154 167 197 199
12 18 47 59 61 102 109 126 144 146 164
12 22 31 38 47 72 95 151 157
12 8 16 41 117 126 166 180
12 27 66 68 75 117 167
13 10 40 53 57 58 68 101 104 112 170 176 179 180 189 198
13 63 89 90 136 139 150 160 170 171 172 178 187 199
13 9 12 39 83 129 148 153 166 167 172 185 192
13 4 19 60 78 88 98 113 138 166 194 198
13 62 75 81 84 111 113 123 129 158 192 198
13 1 8 13 46 47 55 79 90 91 101
13 15 19 35 49 55 93 106 111 159 196
13 24 34 41 54 55 60 67 102 171 194
13 15 37 52 83 88 97 146 148
13 22 27 40 42 95 128 152
13 34 115 116 129 179 193
13 29 49 131 140 142 144
14 14 24 25 34 49 56 97 115 138 148 185 199
14 4 7 12 18 36 58 77 81 92 174 184
14 18 19 26 77 93 112 118 139 158 168
14 1 26 40 68 89 106 109 159 184
14 0 18 55 75 98 135 144 168
14 15 35 38 57 74 144 194
14 15 23 86 94 187 191 196
14 2 15 53 109 123 129
15 20 30 33 49 62 72 79 80 94 114 122 123 149 182
15 22 40 42 44 76 82 84 98 121 134 138 160 185
15 0 53 82 85 107 108 117 137 170
15 36 38 41 48 125 165 180 194
15 47 48 78 91 119 138 158 167
15 22 29 39 65 79 96 153
15 40 56 57 77 91 105 183
16 24 47 48 58 69 71 92 109 112 115 123 124 142 159 169 186 187 189
16 21 22 36 37 71 78 85 87 90 107 124 154 158 160 173 185 188
16 0 10 22 50 54 80 91 92 94 106 111 112 117 151 172
16 1 27 49 54 57 72 83 108 115 158 170 189
16 9 31 40 68 109 114 126 134 145 159 175 193
16 1 4 13 19 26 32 40 82 93 130 178
16 36 48 67 117 120 128 152 159 164 170
16 27 40 56 67 82 135 138 183 187
16 6 16 83 119 140 145 151 163 168
16 11 34 97 105 133 150 163 198
16 7 81 93 100 125 164 179
16 33 46 77 84 125 153
17 29 52 56 88 89 92 95 109 112 155 167 172 184 185 198
17 32 39 44 48 58 61 70 102 109 139 158 174
17 7 21 22 61 81 91 94 96 132 144 145 181
17 14 18 48 58 60 67 111 118 157 163 176
17 4 26 43 91 102 133 144 145 151 173 196
17 41 42 92 94 99 109 144 175 184 188
17 5 26 43 47 92 101 135 146 147 166
17 4 28 38 66 84 98 128 132 171
17 9 79 87 126 146 162 172 190 197
17 27 38 50 67 69 91 103 128 170
17 11 23 26 41 71 92 139 145 161
17 14 38 61 77 127 129 186
17 1 12 123 185 194 198
18 19 47 49 86 97 101 128 138 141 199
18 38 60 63 69 82 101 104 139 160 175
18 15 39 44 50 68 98 134 138 145 178
18 14 22 27 32 45 49 102 117 148
18 29 64 112 134 135 148 164 187
18 71 80 102 105 122 138 173 190
18 2 44 99 112 128 182 189
18 25 45 52 90 97 108
19 0 12 19 25 30 37 57 80 109 136 155 169
19 13 19 29 99 108 112 117 124 127 160 172 181
19 22 29 38 45 107 133 145 146 152 162 190
19 12 32 35 77 95 97 104 105 137 142
19 34 58 77 80 107 129 130 150 190 196
19 32 38 41 46 77 152 188 198
19 30 53 109 124 129 147 154 171
19 31 51 67 127 160 176
19 20 35 57 73 82
20 27 28 37 41 58 91 103 123 130 164 166 174 184
20 4 24 36 69 107 130 160 173 177 180 198
20 4 37 65 66 89 125 126 152 162 171 193
20 3 32 37 52 86 114 125 135 147 169 171
20 5 26 69 110 148 149 157 165 180 185 191
20 23 60 65 109 110 141 150 156 164 166
20 4 67 96 127 139 160 161 166
20 56 62 79 113 120 183
21 33 41 45 61 71 75 79 85 91 94 125 145 150 156 164 177 187
21 14 22 80 85 89 95 101 104 107 126 134 140 148 149 166 184
21 29 32 35 38 58 68 75 79 82 89 91 164 190
21 21 36 38 42 82 86 97 106 155 167 172 188 194
21 14 45 63 68 71 73 98 123 126 158 173
21 11 38 75 93 112 149 170 173 180 186
21 18 23 39 44 74 79 82 116 125 193
21 8 13 20 36 85 152 183 190 192 199
21 2 7 59 69 91 118 148 191
21 64 114 168 175
22 9 14 56 86 87 90 94 150 154 162 180 183 191 192
22 7 16 22 27 31 48 74 76 117 151 156 182 183 199
22 8 15 34 47 77 97 124 142 187 188 191 192
22 7 8 46 75 82 84 129 173 180 188 193 196
22 17 23 51 60 61 94 130 147 169 170 189
22 12 23 31 36 49 77 88 163 172 173
22 18 28 52 87 139 144 155 159 175 187
22 13 24 30 40 98 99 118 131 140 159
22 50 66 73 76 93 96 98 148 182
22 46 81 139 162 166 167 171
22 32 40 67 124 159 178 195
22 90 114 125 154 165 176
23 65 69 73 90 94 95 99 108 115 153 156 162 164 174 191
23 24 32 38 41 42 51 52 145 169 181 182 193
23 15 36 53 75 84 103 155 158 166 172 174 183
23 33 76 81 93 100 103 114 125 150 169 178
23 15 17 19 23 47 86 94 125 137 162 164
23 31 35 40 45 69 74 83 118 140 192
23 13 17 23 43 55 89 123 155 168 186
23 15 16 28 84 104 107 145 165 186
23 38 74 83 96 103 109 111 144 167
23 35 57 64 177 178 186 188 195 199
23 17 48 65 87 119 151 162 168 174
23 42 51 81 92 135 161 171 182
23 2 17 138 166 168
24 0 22 44 48 55 65 82 93 100 118 140 149 165 171 176 182 187
24 9 16 27 31 35 44 62 73 84 88 89 92 103 111 142 155 160
24 3 27 33 68 69 78 99 100 101 116 122 126 130 137 140 180
24 30 31 37 38 60 84 90 95 96 121 140 159 160 169 176 177
24 9 38 60 70 81 89 110 118 148 151 154 155 157 166 174
24 0 11 17 21 28 36 67 111 116 118 123 143 167 189 197
24 5 27 33 37 38 51 111 129 137 156 169 180 187 189
24 31 36 58 60 76 90 113 119 128 146 185 190 194
24 6 66 85 105 112 126 137 143 146 157 193
24 33 35 52 56 67 85 129 133 136 143
24 5 20 45 57 74 87 92 112 174
24 75 94 130 136 167 182 191 192 199
24 1 14 57 73 77 87 106 112
24 2 88 94 107 164 170 176
24 5 71 98 121 162 176
25 13 21 23 45 59 62 65 69 84 109 150 177 185 192
25 9 17 20 34 51 74 90 94 111 119 164 175 186
25 11 14 21 32 33 46 52 64 65 69 79 97 181
25 6 36 50 85 87 136 139 158 183 186
25 21 23 41 96 102 104 111 117 127 190
25 13 31 35 67 72 95 132 159 183
25 34 53 69 115 120 125 126 168
25 7 25 26 32 61 70 124
25 37 49 86 90 125 149
25 1 47 72 115 120
25 101 122 191
26 1 15 23 30 36 59 61 66 68 69 77 86 107 116 184
26 20 25 53 64 67 72 78 87 90 91 96 145 163 189
26 11 51 52 56 57 67 71 73 80 106 125 135 155 171
26 2 26 31 36 38 93 105 107 126 159 168
26 14 31 36 102 104 139 148 164 178
26 17 72 97 123 126 154 168 170 180
26 5 19 96 126 133 144 151 169 173
26 1 17 27 47 68 153 166 186
26 40 78 82 127 141 164 176 196
26 9 36 99 104 131 137 171
26 13 43 66 109 124 151
26 44 116 137 141 147 186
26 89 124 135 152 190
26 18 77 131 147 193
27 16 27 31 45 55 76 80 88 103 107 120 122 141 165 175 189
27 5 35 55 58 71 72 75 80 95 106 107 111 115 127 147 157
27 9 20 32 44 102 127 128 148 155 156 157 165 183 190
27 13 29 61 73 91 111 113 119 157 166 180
27 8 27 100 102 133 139 148 162 167 170 179
27 12 44 52 59 112 144 152 157 171
27 4 33 55 70 102 103 114 128 176
27 13 21 25 123 127 135 142 155 162
27 41 98 108 135 158 184 199
27 27 30 48 193 197
28 4 12 48 51 73 75 85 87 89 92 125 144 148 158 168
28 3 13 33 59 62 102 106 111 126 136 140 151 170 173 194
28 14 28 69 75 79 93 100 105 107 137 148 157 173 175 190
28 3 23 38 49 63 71 162
28 33 75 98 129 137 153 197
28 5 115 116 140 146 157 170
29 9 13 43 73 96 100 109 128 146 173 190 193
29 32 42 46 64 68 70 87 98 146 152 176 199
29 17 28 29 45 46 48 97 164 165 167 191 199
29 42 47 71 73 134 145 186 199
29 7 24 60 101 120 185 193
29 20 58 67 89 118 151 199
29 9 13 60 73 126
30 11 37 42 44 48 72 73 77 82 91 103 110 114 126 164 170 176 180
30 24 27 29 52 53 54 103 109 111 112 117 121 155 163 178
30 27 42 93 96 110 111 113 116 120 123 134 155 194 199
30 6 16 36 46 52 65 80 88 104 112 153 164 179
30 32 52 64 72 77 92 96 105 110 128 162 174
30 21 42 68 86 110 128 145 155 157 163
30 82 98 104 106 123 126 139 143 184 196
30 22 39 54 71 156 162 172
31 5 17 18 28 34 56 64 86 113 115 120 138 149 170 180 196
31 31 34 53 60 87 107 110 118 153 156 165 178 183
31 4 8 9 30 51 54 71 72 86 134 150 183
31 0 32 35 37 62 103 105 166 177 181
31 8 35 36 98 102 141 147 150 154
31 9 65 78 102 117 118 124 141 177
31 32 33 96 103 132 135 137 153 188
31 52 65 94 129 132 148 169 175 181
31 16 31 60 81 84 131 162 178
31 26 49 180
32 10 18 28 30 34 38 88 90 95 96 129 162 172 187
32 23 39 50 52 57 73 99 107 117 132 133 170 178 190
32 2 13 25 26 27 52 54 81 126 154 167 187 193
32 6 10 62 95 96 109 110 126 134 167 171 176 199
32 0 60 76 96 97 100 113 170 181 190 193 196
32 7 22 71 75 84 105 108 111 124 136 185
32 5 11 23 25 41 50 119 135 139 153 189
32 2 6 33 73 105 121 125 140 153 195
32 25 36 67 96 111 116 121 123 179
32 23 30 44 61 128 144 177 188
32 1 36 83 93 138 176 190
32 6 40 72 77 111 177
32 12 36 39 127 171
33 1 5 19 33 43 77 86 103 106 111 116 154 168 191 195 198 199
33 3 11 25 53 54 78 101 110 130 133 147 150 151 174 195
33 17 49 53 64 143 146 158 167 168 169 179 187 199
33 14 35 38 57 63 66 69 73 82 96 146 149 195
33 4 9 62 63 81 83 106 113 142 148 153 160
33 7 31 39 53 69 82 91 107 119 164 191
33 13 14 17 55 66 84 113 115 168 194
33 4 21 35 39 44 71 105 174 181
33 8 49 59 60 65 69 92 157 198
33 8 9 22 128 135 164 171 181
33 3 66 83 108 125 148 184
33 76 103 106 119 145 173 193
33 52 56 104 169 175 178
34 4 7 17 23 43 57 58 74 79 81 100 110 120 129 146 163 182 188
34 3 20 29 41 42 43 48 49 51 62 71 72 93 155 177
34 17 29 30 37 55 64 76 145 163 177 187 189 192
34 4 14 43 85 134 159 167 175 176 180 185
34 3 30 55 57 78 106 115 130 138 157
34 8 50 59 63 68 70 80 113 188
34 12 65 85 126 137 146 161 172 197
34 31 96 101 109 117 129 142 191
34 2 17 47 49 52 72 90 139
34 4 20 60 71 129 158 191
34 1 62 131 154 167 189
35 24 32 42 50 80 84 88 89 102 111 119 125 139 161 195 197
35 14 22 27 60 71 74 76 91 106 137 152 156 158 191 194
35 4 6 20 24 29 33 46 100 109 127 158 169 185 197
35 36 40 62 71 89 106 133 141 169 171 184 188 195
35 51 86 89 107 125 138 168 171 174 182 189
35 9 15 42 57 83 95 131 132 138 177 198
35 0 11 36 43 75 100 135 157
35 6 22 24 55 66 85 167 168
35 1 102 126 137 157 163 164
36 3 13 18 25 39 40 41 44 65 68 101 110 161 194
36 21 28 30 33 66 79 80 81 85 95 124 194 197
36 7 17 24 68 89 92 108 113 137 138 155 196
36 11 90 93 109 112 140 154 157 159 165 172 199
36 9 18 23 48 60 99 126 140 149 152 198
36 0 24 44 60 101 141 147 149 155 157 167
36 8 13 48 93 112 126 141 151 168 179
36 49 51 58 62 66 102 119 131 177
36 2 3 13 40 53 90 117 182 186
36 51 55 97 112 122 146 159 161 163
36 15 27 76 91 123 147 189 198
36 25 67 95 98 119 121
36 47 63 94 104 109 159
37 13 27 82 86 92 93 101 116 120 127 146 168 185 199
37 1 13 24 39 56 82 83 87 100 114 135 166 186 195
37 8 24 30 34 37 87 99 118 166 187 189
37 1 73 111 113 127 135 153 173 174 183 198
37 13 41 70 108 112 196
38 2 16 18 35 42 64 69 77 86 100 104 119 130 146 159 174 190
38 1 9 12 42 72 75 78 89 106 113 177 178 182 183 190 197
38 24 50 65 71 89 113 117 142 147 148 154 162 170 182 193
38 0 34 52 71 89 97 100 115 130 140 141 176 185
38 37 81 83 86 100 118 126 168 170 187 199
38 22 62 85 88 119 121 137 164 177 186 189
38 51 79 90 103 106 113 138 144 161 198
38 8 26 55 65 75 84 86 96 165
38 51 66 79 89 96 101 121 126 195
38 8 62 79 80 92 140 141 163 193
38 13 31 49 102 161 164 169 184
39 3 6 22 97 98 112 117 129 132 176 178
39 21 26 48 53 55 69 123 127 153 174 199
39 12 33 47 71 84 108 115 136 143 177 187
39 7 46 89 91 96 98 115 138 192
40 1 2 10 26 50 52 63 81 87 91 125 131 149 154 173 176 187
40 0 12 27 52 65 70 82 120 122 123 132 142 154
40 16 20 29 52 59 80 85 113 117 153 192 194
40 8 42 49 54 80 100 113 114 148 169 171
40 20 69 76 83 88 103 128 130 165
40 9 30 45 52 56 73 130 191
40 19 24 25 60 98 99 130 167
40 75 77 81 118 129 162 168
41 6 40 47 57 96 140 147 149 151 165 167 178 179 192
41 35 36 55 102 103 106 107 113 120 128 169 187
41 3 29 40 87 122 127 130 153 177 179 194
41 47 99 120 129 142 152 165 169 173 196
41 34 40 45 72 77 78 104 134 151 160
41 0 13 54 85 100 141 149
41 22 90 117 133 168 178
42 14 45 46 61 94 115 120 126 135 169 172 177 193
42 9 10 32 54 65 107 120 141 154 156 158 183
42 8 11 34 46 90 112 125 143 177 178 186
42 8 14 68 85 100 142 145 150 181 185
42 12 26 28 36 64 67 72 78 154 167
42 6 10 31 98 121 124 184 194 197 198
42 15 74 107 149 157 173 183 184 194 195
42 6 18 26 84 89 116 161 172
43 5 17 45 47 59 72 112 129 143 184 189 190 196
43 15 17 33 69 80 86 97 128 163 188 193
43 29 40 64 120 122 129 134 162 174 189
43 32 45 65 115 141 151 170 179 186
43 48 92 98 108 117 148 158 182
43 13 41 54 67 82 94 146 195
43 26 34 87 130 177 186 188 189
43 25 40 48 49 70 143 149
43 8 51 92 121 128 144 176
43 25 121 159 179 189
44 9 12 36 54 69 73 82 96 116 121 153 177 179
44 1 8 22 29 68 80 99 144 152 163 181 199
44 10 19 48 68 75 87 121 127 186 192
44 3 6 29 47 67 89 92 161 176 183
44 4 13 22 31 44 85 87 109 112 163
44 35 48 90 93 136 167 173 193
44 11 26 61 67 149 155 163 185
44 28 103 120 128 140 165
44 16 46 71 148 168
45 10 51 69 77 81 82 83 91 104 112 140 181 185 193 195
45 0 17 48 52 83 104 108 122 154 174 177 188
45 0 10 55 60 109 114 154 184 185 195
45 23 32 41 97 106 129 155 168 174
45 8 17 88 124 128 147 148 157 164
45 16 33 34 100 104 112 129 133 154
45 0 34 47 55 58 120 184 190
45 6 34 50 58 115 194
45 3 11 48 93 173
46 7 9 31 44 87 90 97 107 115 142 144 156 165 184
46 2 31 72 87 93 104 116 117 118 133 173 195 196
46 13 18 36 37 68 89 93 105 149 156 162 192 195
46 11 28 46 58 88 92 99 132 159 178 185
46 32 34 36 38 41 52 64 109 116 140 167
46 36 43 59 113 132 141 165 175 192
46 30 32 48 51 70 121 175 195
46 10 54 58 73 87 152 156 173
46 7 30 39 45 76 88 111 197
46 1 6 13 16 97 108 138 156
46 30 40 59 104 125 139 161
46 16 34 37 60 79 127 129
46 49 56 88 134 144 164
46 41 64 109 115 132
47 14 17 51 77 95 114 120 131 139 149 169 170 171 179 194
47 7 20 28 30 44 50 66 89 95 98 99 140 164 197
47 1 23 55 62 76 91 110 154 189 190 194 195
47 1 22 32 58 62 63 124 127 155 161 172 184
47 43 81 127 133 150 156 163 187 191
47 23 28 44 49 89 111 139 143 144
47 48 63 65 107 122 141 142 144 194
47 2 35 50 97 151 153 164 174
47 0 37 77 82 104 118 120 178
47 8 31 114 128 132 171 178 185
47 3 72 74 78 97 126 135 175
47 88 116 122 167 175 176 191
47 1 41 98 112 172
47 42 115 128 142 162
48 1 8 39 52 57 65 68 71 86 119 151 154 167 170 183 190
48 10 14 25 37 49 67 73 99 105 130 131 151 158 174 175 181
48 2 23 37 39 58 93 94 108 125 130 169 176 177 192
48 20 34 36 49 69 70 75 78 114 148 156 158 193 195
48 0 5 20 58 62 84 93 102 120 137 138 145 151
48 18 44 63 82 99 121 122 128 148 172 195 199
48 46 53 69 73 81 84 89 99 119 170 185
48 14 45 46 47 48 92 97 173 179 191
48 11 17 32 65 73 134 142 155 162 178
48 31 60 73 79 109 140 153 159 175 186
48 3 50 64 110 111 140 153 162 165 198
48 13 19 68 84 105 163 172 177 181
48 5 7 45 56 73 101 147 163 167
48 17 44 58 72 96 160 162
49 32 50 51 59 64 77 118 138 174 177 186 189
49 56 62 90 128 143 149 151 157 163 183 188 195
49 44 48 60 71 121 122 137 153 188 189
49 2 27 37 78 82 85 93 94 107
49 13 25 47 61 82 117 196
49 29 91 95 114 132 155 192
50 0 2 14 19 47 53 65 67 75 108 164 176 189 198
50 9 10 14 39 42 49 79 88 91 92 102 126 173
50 26 28 73 94 106 117 122 154 182 187 191 197
50 1 8 66 69 84 89 90 104 113 162 192 195
50 35 45 58 62 75 80 108 133 139 159
50 4 6 10 11 66 76 93 107 155 185
50 2 31 50 72 77 111 134 176 196
50 3 19 21 34 63 121 133 144 151
50 14 24 45 73 88 109 116 163
50 10 33 41 67 93 106
50 32 33 84 86
51 37 39 50 52 82 96 97 114 127 132 133 151 163 176
51 25 38 48 67 74 84 103 117 124 140 167 169 192
51 52 74 88 93 119 128 132 157 162 168 181
51 16 25 56 71 74 126 133 173 175 181
51 13 19 28 39 66 92 108 123 160 163
51 23 24 35 133 173 176 193 195
51 17 36 64 65 87 102 112 190
51 22 28 34 66 91 107
52 25 43 85 91 95 99 113 117 138 141 146 153 181 197
52 8 16 25 39 44 51 91 124 126 134 174 178 190
52 20 21 24 36 48 55 74 85 115 137 147 176 199
52 24 56 85 118 120 141 168 181 196
52 4 32 34 42 44 118 125 192 196
52 46 53 57 61 125 151 155 162
52 24 55 94 123 147 148 172 177
52 21 37 73 100 126 144 170 186
52 9 34 75 120 121 135 188
52 29 60 118 127 173 193
52 114 116 164 167 181
52 28 81 107 181 189
52 12 139 163 180
53 14 37 50 135 152 153 176 181 183 185 187 194
53 0 5 10 18 24 59 80 98 109 116 165 178
53 3 20 31 40 54 86 100 124 136 137 160
53 13 31 35 47 115 128 152 181 190
53 1 65 74 104 125 144 152 178 194
53 16 34 118 140 170 175 180 197
54 3 24 36 47 58 59 73 80 112 153 156
54 16 25 75 104 112 142 148 158 159 167 177
54 8 17 57 73 92 113 119 175
54 36 76 103 107 118 134 143 193
54 58 60 68 111 136 137 142 161
54 32 41 64 145 151 173 195 196
54 5 8 50 70 115 196
55 12 23 27 33 42 48 69 93 99 124 157 161 190
55 9 40 97 109 126 154 161 163 176 180 181 183 186
55 7 19 24 29 46 83 94 99 110 120 141 168 197
55 48 61 64 68 88 105 109 171 173 181 187 190 192
55 17 23 43 64 67 74 83 115 123 143 177 193
55 7 14 20 37 108 136 155 167 168 182 191
55 3 18 25 42 86 112 113 119 148 171
55 8 15 18 21 22 108 157 185 187 197
55 6 14 96 138 147 186 192 199
55 12 29 52 95 127 194 199
55 12 29 35 109 168 170
55 68 83 122 174 175 182
55 10 17 95 99 103 123
56 3 4 9 76 78 95 106 107 125 140 150 187 190
56 12 33 35 46 48 115 130 169 173 179 181 191
56 17 38 70 116 143 150 152 156 159 163 178
56 7 11 28 44 58 61 75 83 147 183
56 22 26 31 48 72 99 102 116 121
56 29 59 82 98 106 145 169 173 188
56 20 68 77 137 139 140 179
56 19 66 70 81 120 121 199
56 37 76 97 110 125 179
57 27 34 36 68 69 93 96 142 145 151 164 166 185 188 189
57 15 21 25 50 60 66 74 103 114 154 155 159 166 185
57 14 15 33 51 59 68 109 111 119 143 179 187
57 46 60 65 84 92 115 152 160 168 171 176 193
57 11 22 28 30 31 62 65 67 106 137
57 6 10 35 42 117 128 136 151 187 190
57 20 23 76 116 124 130 156 158 188 197
57 8 16 75 93 95 161 180 182 196
57 17 30 124 153 155 165 192 195
57 7 15 34 44 52 81 118 172
57 21 62 76 104 115 144 183
57 19 40 51 147 167 186
57 28 44 79 122 160
58 12 15 23 29 48 64 82 94 106 119 137 142 159 182 188 191
58 0 14 26 48 61 81 96 124 128 139 143 147 162 175 191
58 56 59 62 113 117 119 147 186 190 196 197
58 8 32 59 74 93 126 153 187 192 193
58 0 16 21 73 93 101 121 140 146 159
58 2 31 54 92 95 105 121 149 190
58 24 41 60 82 182 190 193 199
58 17 25 38 58 71 104 107 181
58 4 39 59 71 85 124
58 46 47 80 96 105 168
58 13 27 50 57 127 197
59 22 41 46 68 80 81 132 138 159 174 184
59 16 18 25 39 66 99 106 130 150 158 163
59 11 12 26 46 68 114 115 135 160 172 193
59 1 26 54 64 75 82 118 123 144 188
59 27 38 68 106 119 145 158 171 194
59 14 22 66 72 78 111 148
60 4 11 13 22 71 78 85 86 92 117 127 179 182 183 192 197
60 8 28 52 57 58 66 73 98 137 138 144 149 150 185 189
60 3 5 19 21 31 33 42 55 59 68 79 100 169
60 0 7 28 35 63 92 103 105 117 128 150 178
60 2 8 37 63 77 78 84 115 145 164 176
60 18 20 29 32 63 102 126 168 191
60 3 29 52 64 143 167 193 194
60 24 84 104 109 111 148 193
60 30 71 104 137 165
61 28 43 45 113 117 130 151 154 163 169 181 185 192 196
61 24 51 53 67 115 131 149 184 191 195
61 15 21 69 109 117 130 138 152 197
61 108 126 142 155 163 169 194 196 199
61 5 10 50 77 97 105 158 184
61 36 105 116 135 148 197
61 30 128 136 150 158 164
61 1 53 73 90 115
62 27 32 72 94 95 110 116 117 126 145 151 158 171
62 24 27 34 38 91 110 111 117 119 198
62 73 75 76 86 87 107 114 156 198 199
63 7 12 32 43 59 83 88 89 109 116 117 125 131 147 187
63 5 14 42 49 50 56 61 101 117 136 170 178 179 197
63 12 14 46 47 49 56 74 91 99 123 146 179
63 10 16 50 74 91 103 125 131 133 184 192
63 4 18 29 34 86 98 122 140 165 177 194
63 10 35 46 111 127 139 145 165 177 187
63 24 56 76 82 92 103 174 180
63 11 50 88 105 116 137 157 176
63 23 69 80 86 109 111 130
63 5 47 108 121 151 165 169
63 18 57 76 91 109 143 144
63 19 115 125 133 157 158 176
63 50 120 192
64 16 17 33 34 73 76 86 104 106 119 130 146 151 153 159 199
64 18 28 31 33 82 101 115 138 143 147 166 187 193
64 3 13 14 47 61 64 73 82 103 112 163 178 189
64 18 55 91 92 101 131 133 135 144 164 169 199
64 10 45 62 85 104 105 108 109 110 135 189 190
64 40 79 100 102 115 144 154 166 177 198
64 42 47 51 85 93 119 121 122 128 133
64 55 62 67 91 113 122 152 164 195
64 12 26 31 91 95 118 153 167
64 1 72 97 132 165 169 189
64 70 96 101 144 164 188
65 66 76 104 106 129 139 141 147 154 166 193 194 195
65 0 43 56 65 71 119 135 156 174 176 183 197
65 50 51 69 80 105 128 131 149 151 161 164 190
65 24 28 37 70 135 136 139 165 180 191
65 27 77 80 86 92 135 147 155 165
65 41 52 81 99 108 118 147 175 183
65 3 9 79 96 99 112 157 192
65 10 44 45 49 54 85 195
66 8 10 14 34 54 71 77 86 108 125 139 140 144 147 169 173
66 15 37 63 78 79 82 84 88 98 104 165 182 194 197
66 1 8 23 32 37 47 51 59 60 95 175 188
66 23 27 65 84 155 159 164 169 171 184 188
66 4 7 21 48 58 82 99 119 138 145 165
66 25 63 65 113 114 174 175 182 189
66 17 36 44 73 84 93 112 153 168
66 22 86 135 156 157 162 191 193
67 10 21 22 35 59 108 116 163 169 183 184 185
67 15 23 24 43 87 93 133 140 167 171 178 185
67 0 1 31 61 70 86 96 107 125 158 182
67 1 16 22 30 35 58 60 61 82 189 197
67 24 33 41 89 91 112 122 132 172 193
67 17 29 46 110 117 127 151 163 187 196
67 1 24 40 41 51 65 85 90 133
67 10 46 86 96 112 126 149 187 189
67 20 23 47 75 126 132 154 181 197
67 18 37 39 63 99 135 155 183 187
67 2 5 29 61 103 119 156 194
67 24 80 84 125 144 184 191
67 28 30 37 58 61 93 146
67 12 45 61 71 108 150
67 124 135 139 165 175 199
68 0 8 10 25 30 31 34 68 86 125 127 161 177 184 193
68 4 22 33 52 73 91 157 158 160 179 184 190
68 21 26 27 69 77 81 87 114 130 135 150 179
68 16 49 62 76 100 113 124 146 151 156 180 183
68 10 41 48 59 77 84 126 147 157 158 174
68 24 64 74 102 122 151 165 175 180 181 188
68 4 22 55 62 80 81 126 130 142 191 194
68 24 27 46 51 91 103 112 113 143 185
68 13 15 35 68 75 100 133 148 199
68 41 55 56 100 115 165 167 170 176
68 12 64 81 103 105 147 158 159
69 10 38 72 76 95 99 102 104 137 138 141 156 163 175 190 199
69 15 17 21 30 34 39 63 70 92 148 160 166 181
69 44 50 57 73 83 97 119 122 126 155 183 195
69 14 19 42 78 89 130 145 146 147 156 162 183
69 16 32 41 61 91 92 103 130 163 174 177
69 6 29 38 67 83 108 120 122 130 198
69 2 48 76 95 149 180 195 196
69 8 20 44 90 125 134 182 185
69 70 78 79 124 184 187 191
69 43 68 74 99 124 146 160
70 1 10 39 76 93 97 104 106 113 144 149 165 167 177 188
70 4 17 50 53 76 106 113 121 148 176 185 191
70 26 51 73 85 86 123 157 169 176 192 197
70 52 67 78 89 117 120 176
70 11 22 25 26 56 149
70 48 96 130 136 182 195
70 2 20 74 107 133 152
70 22 95 180 187
71 0 11 50 73 74 75 129 146 150 153 185 192
71 2 37 69 97 108 113 115 144 157 168 185
71 39 57 68 112 140 149 161 194 197
71 4 15 36 75 140 145 173 176
71 0 16 42 53 59 64 73
71 2 50 63 118 186 192 198
72 28 77 85 105 107 108 109 129 144 156 158 178
72 66 90 95 156 159 166 179 180 194 199
72 53 79 100 103 118 124 125 167 180 187
72 11 25 40 42 59 116 121 159 169
72 21 28 48 59 105 173 183 193
72 48 53 78 79 107 134 137 143
72 44 96 127 129 132 143 157
72 10 19 95 108 120 177 192
73 6 15 18 21 25 39 58 59 65 78 90 137 166 175 195
73 18 44 50 53 63 82 106 130 137 163 177 194 198
73 16 22 29 52 60 89 93 122 123 160 170 183
73 12 61 83 102 112 116 132 136 149 153 180
73 6 32 37 39 49 60 76 92 104 143 151
73 14 17 21 52 68 85 93 105 129 130 189
73 1 11 12 64 76 83 102 147 154 159 183
73 41 42 48 51 63 79 99 115 131 144
73 12 13 39 58 97 105 113 121 126 141
73 2 31 109 127 133 139 143 168 170 196
73 20 39 54 56 143 164 193
73 15 53 96 132 149
74 5 15 38 48 87 98 105 111 121 136 139 140 161 170 199
74 10 27 45 60 63 77 82 97 105 146 162 165 187
74 17 38 39 58 83 86 110 111 148 174 175 191
74 10 20 23 24 28 85 86 115 124 130 159 196
74 12 14 29 35 59 95 150 151 153 172 197
74 6 46 60 91 93 146 148 150 175 177 192
74 51 55 68 109 124 135 155 161 172 182 188
74 33 42 49 53 71 72 148 149 151 158
74 9 45 64 73 78 92 151 176 177 194
74 45 81 94 105 109 131 145 168 183
74 7 17 25 29 31 121 147 153 159
74 22 62 67 90 100 110 123 133 136
75 17 26 33 41 42 45 51 69 128 131 139 142 181
75 28 93 98 105 119 121 133 162 178 181 189
75 29 52 99 100 102 112 125 132 171 191
75 1 4 25 85 106 119 160 175 178 198
75 0 11 26 36 44 51 67 85 90
75 11 18 22 76 79 81 136 197
75 20 33 51 74 79 152 183 189
75 31 59 76 112 120 160 174
75 5 52 74 90 103 143 173
75 35 52 113 143 181 182 193
75 10 42 49 83 106 181
75 51 65 77 86 102
76 26 49 60 61 68 80 102 107 146 156 163 180 183 194
76 41 43 49 88 124 141 144 150 164 171 191
76 20 27 83 124 137 141 143 160 164 180
76 4 54 80 81 89 113 141 165 183
76 6 10 26 41 51 76 110 165 185
76 43 76 88 103 109 120 183 187
76 15 17 35 110 135 152 183 192
76 16 83 108 114 160 178 194
76 28 100 134 150 155 160
77 1 4 5 12 13 16 35 57 65 87 89 94 105 109 111 197
77 18 19 86 89 130 137 148 175 177 194 198
77 17 36 43 67 88 93 100 106 138 186 194
77 11 15 43 87 92 94 101 104 144 163 166
77 26 33 65 77 80 112 181 196
77 1 19 44 121 142 151 185 196
77 0 26 40 60 70 123 150 188
77 5 30 69 83 105 134 176 178
77 21 24 80 111 140
78 23 40 65 71 90 128 129 140 152 160 174
78 24 71 104 110 146 155 157 168 186 194
78 1 23 50 82 92 95 108 118 144 168
78 8 11 62 71 87 94 150 167 176 195
78 3 49 81 87 95 133 145 182 188 193
78 21 28 35 46 51 99 192 193 197
78 20 55 71 104 107 111 152 178 199
78 0 33 36 66 143 147 148 175
78 12 15 30 73 77 102 104 121
78 39 62 178 183 194 195
79 11 25 51 63 94 103 122 157 165 177 189 192
79 18 23 63 115 123 146 158 168 179 180 192
79 0 4 56 69 95 112 134 141 170 191 196
79 15 27 46 76 81 94 137 163 175
79 22 68 77 93 111 118 147 150
79 10 47 51 54 93 191 193
79 53 77 154 169 183 190 195
79 7 78 82 127 174
80 10 13 17 19 20 28 29 56 86 106 128 140 145 152 155
80 4 24 34 37 81 88 98 119 123 132 133 137 172 175
80 3 10 14 36 43 83 105 117 143 150 151 157 162 163
80 14 28 34 51 54 55 95 98 128 143 153 166 176
80 14 45 46 59 86 92 116 123 131 145 170 187
80 18 32 43 64 77 113 129 141 142 171 178 195
80 36 62 84 90 91 146 159 169 191
80 47 50 51 102 121 148 185 188
80 11 83 90 106 115 136 176
80 4 13 37 58 182 188
80 2 33 50 73 130
81 0 19 26 62 67 71 82 102 110 169 179 188
81 1 18 36 52 78 91 119 141 148 153 180
81 1 12 28 44 62 97 146 171 189 192
81 21 34 50 54 63 66 87 89 181
81 18 37 46 66 127 130 135 171 182
81 1 17 32 76 87 156 197
81 13 34 46 127 138 165
81 12 105 112 150 183
81 6 21 139 171 177
81 59 101 111
82 13 15 62 70 89 99 103 112 118 130 151 159 179
82 3 52 67 93 134 138 143 146 172 179 194
82 5 35 43 49 93 95 102 157 169 176 183
82 28 37 57 89 101 117 145 153 166 177 194
82 28 32 39 92 94 127 135 146 150 159 191
82 24 29 33 34 42 51 56 116 128 178
82 24 33 36 64 66 93 103 114 122 162
82 7 36 40 48 127 129 146 147 180
82 25 42 44 96 117 119 158 175 181
82 25 43 52 126 134 156 182 199
82 39 46 93 107 137 146 159 191
82 14 43 73 79 117 156 172
82 69 167 179 198
83 16 38 51 75 76 83 85 88 94 95 107 127 134 146 158 171 175 187
83 5 16 20 40 47 60 86 109 139 153 187 191 192
83 6 12 30 40 45 63 81 83 91 131 159 175
83 45 51 60 67 84 101 109 122 152 166 175 176
83 15 18 30 32 70 86 96 100 114 140 187
83 17 23 35 81 82 98 106 136 168 191
83 22 118 120 124 138 154 157 171 191
83 57 60 64 105 141 150 152
83 41 81 104 111 145
83 24 104 164
84 3 15 42 54 75 81 88 98 125 136 147 188
84 8 27 29 31 58 64 95 104 106 148 182 197
84 30 87 114 115 118 120 135 165 167 173 178
84 18 20 22 50 78 93 115 140 164 165 185
84 3 26 40 47 73 77 79 96 97 109 137
84 19 33 39 43 108 109 122 136 170
84 13 15 55 76 85 111 164 170 199
84 49 62 66 89 91 116 146 181
84 17 80 121 151 153 196 199
84 78 98 126 137 190
85 4 14 29 40 41 57 71 77 85 95 100 128 173 181
85 9 11 45 70 74 119 122 127 151 158 183 185 186
85 15 35 62 70 95 109 110 115 140 196
85 19 21 27 33 50 55 59 192
85 44 54 66 68 148 153 166 171
85 14 16 33 140 159 166 170 174
85 2 23 46 116 119 128 178 180
85 40 56 83 120 176 183 193
85 64 70 83 131 139 159
85 5 67 77
86 0 2 43 52 71 93 106 137 143 151 187 193 197
86 12 32 33 41 50 69 86 87 109 148 160 166 187
86 10 39 51 82 103 107 124 143 145 187 190 195
86 10 11 12 22 27 56 77 95 99 133 153 162
86 2 6 8 17 40 58 104 107 110 179 191
86 27 32 39 43 49 124 126 155 158 187 195
86 38 42 85 92 154 159 165 167 181 191 198
86 16 40 47 66 85 137 179 186 187 192 198
86 15 22 34 42 52 57 102 133 134 188
86 1 4 12 19 85 98 145 146 160
86 1 6 73 86 117 124 134 190 199
86 13 36 68 74 77 106 124 178
86 3 30 59 96 149 154 162 183
86 69 76 78 104 127 128 187 199
86 5 61 63 79 107 111 116
86 8 21 45 71 74 151
86 28 46 144 188
87 0 13 41 111 116 129 130 144 148 150 161 168 174 196
87 7 33 57 77 88 111 133 169 182 187 195
87 23 29 36 62 90 101 129 148 151 195
87 23 37 41 42 60 79 105 132 190
87 13 16 40 47 55 99 149 169
87 45 54 77 92 155 167 168 190
87 42 67 94 117 141 184 186
87 53 70 77 86 100 135 181
87 17 27 44 57 73 152 153
88 4 5 11 49 55 79 80 117 149 153 156 174 189 197
88 16 76 90 93 100 101 102 110 119 126 144 150 151
88 23 32 39 79 82 87 88 99 148 149 184
88 12 29 104 105 108 113 124 149 168 190 198
88 10 33 34 41 94 147 173 187 189 192 198
88 30 56 91 103 104 106 129 167 179 185
88 10 21 93 100 121 127 138 142 181 197
88 41 86 139 148 152 153 154
88 29 43 88 152 161
89 0 7 13 20 24 25 42 45 61 79 90 107 129 159 181
89 21 32 37 55 76 89 110 131 140 166 167 170 181 186
89 1 7 40 58 64 79 96 99 110 118 127 148 158
89 28 40 42 73 75 79 87 110 141 156 171 175 184
89 14 30 68 90 92 120 136 180 183 188 190 193
89 12 39 40 61 62 74 114 118 181 194 197
89 31 39 40 56 68 71 86 94 111
89 6 35 49 180 195 197
89 53 56 85 98 128 137
90 48 57 58 69 70 77 100 104 105 111 132 139 140 149 163 168 186
90 20 25 30 39 89 99 121 135 161 174 186 190 191
90 9 31 45 49 64 70 71 80 119 120 143 155 199
90 2 32 34 72 78 83 117 143 163 180 184
90 1 2 59 65 87 90 105 117 122 146 191
90 0 43 49 56 62 83 102 107 116 133 190
90 0 40 46 63 80 125 130 147 172 193
90 30 31 38 58 84 109 146 178 189
90 97 102 127 157 165 171 192
90 24 72 113 147 166 188
91 4 10 18 20 57 64 69 83 100 105 113 116 138 142 187 189 197
91 4 34 58 66 99 106 115 123 128 177 186 192 195
91 15 49 77 88 93 101 104 127 138 142 150 182 196
91 8 17 39 47 52 54 62 68 83 123 127 151 192
91 3 11 34 42 86 106 126 129 173 196 198
91 55 56 92 93 100 102 116 157 158 180
91 10 31 47 53 114 116 119 143 154 164
91 32 50 54 56 64 74 153 168 179
91 18 27 38 53 55 81 102 122
91 7 68 105 108 151 183 186
91 1 23 84 86 127 165 173
91 48 90 103 141 148
92 1 11 47 49 84 86 89 102 110 118 126 136 138 163 165 172 175
92 0 16 27 34 43 57 78 82 88 136 143 156 199
92 2 11 33 34 59 97 103 113 134 152 169
92 37 66 77 86 95 113 149 169 173 178
92 3 21 27 50 54 128 166 178 188
92 56 62 83 102 123 145 160 179 184
92 66 69 88 113 141 197 199
93 6 20 41 44 49 52 53 84 90 96 98 105 112 118 153 156 166
93 1 19 20 26 32 44 49 53 55 72 98 126 144 152
93 6 17 38 63 88 94 109 110 111 117 118 127 158 180
93 0 2 4 28 38 46 49 60 80 94 105 118 152
93 39 92 102 106 113 132 137 141 143 144 166
93 21 24 29 33 56 59 60 136 179 190
93 20 44 63 74 90 92 108 127 151 197
93 38 48 62 76 80 86 170 184 188
93 7 27 36 83 137 155 170 198
93 67 81 111 177 180 197
93 4 8 32 153 154 198
94 4 20 40 52 71 107 112 118 141 161 185
94 4 39 45 65 80 101 107 111 143 187 189
94 1 21 26 40 46 87 103 130 143 162 169
94 0 30 58 86 88 123 135 176 180 186 199
94 0 3 7 22 53 62 164 183
94 59 104 114 130 148 155 159 167
94 34 45 67 73 92 111 174
94 8 42 80 98 114 159
95 1 2 8 10 13 16 25 46 55 68 78 123 133 162 179 188 190 194
95 1 5 8 35 84 94 106 109 140 166 173
95 4 5 28 31 55 61 95 138 141 177 180
95 6 7 15 22 24 62 68 73 125 182 192
95 37 52 111 121 135 146 155 159 188
95 12 21 45 53 54 74 120 138 177
95 24 47 65 74 98 114 128 196 198
95 69 71 86 102 107 143 157 189
95 8 68 79 86 141 153 169 195
95 69 111 114 126 140 144
95 26 50 86 93 96 131
95 122 178 192 198
96 4 6 13 27 28 37 58 66 144 149 153 156 181 182 190
96 15 21 27 28 30 59 60 92 96 109 138 170 174 197
96 10 18 21 31 52 65 77 90 92 102 124 131 171
96 16 24 42 49 51 59 75 92 94 153 183 198
96 51 54 57 81 92 94 95 109 148 165 173 199
96 0 13 21 24 43 67 78 81 112 151
96 14 64 75 87 90 94 101 153 190
96 60 62 90 97 101 120 142 160 196
96 2 24 69 99 112 123 125 133
96 15 46 55 65 79 95 160
96 4 43 72 110 165 179
97 5 17 19 32 41 61 86 97 101 109 119 120 130 196
97 1 5 17 21 50 62 67 91 96 116 126 133 144 189
97 24 40 45 46 69 72 73 87 99 168 185 186 196
97 23 32 56 60 64 75 85 106 114 149 169 186
97 11 30 65 83 94 116 120 131 135 148 155 161
97 30 33 40 45 48 66 73 96 118 125 127
97 6 16 23 40 54 57 67 75 97 109 176
97 38 56 57 58 61 75 77 171 173 190
97 46 70 141 153 163 181 187 189 191
97 15 53 101 113 120 121 140 148
97 4 38 46 59 98 108 113
97 34 117 126 138 158 180 189
97 15 26 83 161 177
98 0 1 21 52 56 60 66 74 105 121 136 183
98 21 34 46 85 86 87 89 122 125 193
98 3 13 16 19 77 100 103 143 155 183
98 8 31 41 60 102 115 141 162 165 173
98 13 64 65 82 89 125 127 138 167
98 20 36 72 76 78 157 158 162 164
98 10 65 74 82 125 180 183 189
98 77 107 151 153 163
99 15 24 29 33 35 82 87 91 105 149 172 188 195
99 15 19 23 28 31 43 46 71 100 145 156 194
99 48 85 93 125 129 154 161 166 171 188 196
99 1 11 52 73 87 130 141 142 145 185 194
99 3 7 43 61 87 99 125 132 177
99 14 36 45 62 106 134 151 181
99 42 71 72 77 127 134 149 153
99 13 14 96 118 165 182 187
100 16 29 37 40 41 43 90 98 102 105 110 130 132 152 175 181 184 185
100 12 26 36 50 61 67 98 111 126 132 185
100 6 18 44 89 99 151 161 166 173 179 198
100 26 36 37 41 91 100 138 177 184 196
100 14 39 44 117 148 161 174 178 182 190
100 36 46 53 62 84 97 111 116 130 147
100 26 51 56 71 99 100 130 137 195
100 22 27 77 166
