29 157
9400 8
10000 10 8
11600 17 12 10 8
10600 18 15 10 8
10000 13 8
10650 8 19 13
10000 16 8
10000 14 8
10600 8 19 14
9400 17
10000 24 17
10000 21 17
6800 9
7400 13 9
8000 9 19 13
10800 0 13 9
7400 16 9
7400 14 9
8000 9 19 14
10800 0 14 9
6800 7
7400 11 7
9000 18 15 11 7
7400 10 7
9000 17 12 10 7
10400 1 10 7
9050 18 15 10 7
9800 1 7
7400 13 7
8050 7 19 13
7400 16 7
7400 14 7
8000 7 19 14
6800 18
7400 24 18
7400 21 18
10100 1 18
5800 17 6
6400 24 6 17
11200 17 6 24 28
10600 2 17 6
6400 21 6 17
11250 6 17 28 21
9100 1 6 17
5800 6
10600 6 28
9800 2 6
5800 4
6400 21 4
11200 4 28 21
9100 1 4
5800 20 4
9800 4 25 20
10600 4 20 28
7400 0 4
3400 5
4000 18 15 5
4600 24 5 18 15
8800 2 5 18 15
4600 21 5 18 15
8300 1 15 5 18
11500 3 5 18 15
10600 3 15 5
3400 18 5
4000 24 5 18
8800 18 5 24 28
8200 2 18 5
4000 21 5 18
8800 5 18 28 21
6700 1 5 18
10900 3 18 5
8200 5 28
9800 3 5
1600 11
2200 18 15 11
8800 3 11 15
1600 10
2200 17 12 10
10700 3 10 12 17
6400 2 12 10
6400 10 12
4600 1 10
2200 18 15 10
10700 3 10 15 18
8800 3 15 10
4000 1
1600 13
2200 20 19 13
5000 0 19 13
3200 22 13
7400 2 13
2200 21 13
9100 3 13
1600 16
3200 23 16
2200 22 16
3200 24 16
6700 2 16
2200 21 16
9100 3 16
1600 14
2200 20 19 14
4000 0 19 14
2200 23 14
2200 22 14
2200 24 14
6400 2 14
2200 21 14
5900 1 14
9100 3 14
1600 17 12
2200 24 12 17
6400 2 17 12
2200 21 12 17
4900 1 12 17
9100 3 17 12
5800 2 12
5800 12
1600 18 15
2200 24 15 18
6400 2 18 15
2200 21 15 18
11800 15 18 26 21
4900 1 15 18
9100 3 18 15
8200 3 15
10600 15
11850 18 27 24
8000 18 24 28
11800 18 27 21
8000 18 28 21
1600 20 19
5600 19 20 25
11200 19 20 26
11200 19 20 27
6400 19 20 28
3400 0 19
10600 19
1600 23
11200 23 27
6400 23 28
1600 22
11200 22 27
6400 22 28
1600 24
11200 27 24
6400 24 28
1600 21
11200 26 21
11200 27 21
6400 28 21
5000 25
10600 26
10600 27
5800 28
8200 3
5800 2
