118 1165
3400 1
11500 1 57
607600 31
611200 31 33
611200 31 39
910900 43
911800 43 57
608800 32
912100 58 32
304300 9
1210600 58 9
305500 28 9
608500 9 38
609700 64 9 38
909400 65 9 38
609400 9 63 38
309100 9 28 39
306400 36 9
309100 62 9
310900 45
311800 45 53
2200 0
8200 27 0
11800 0 27 33
11800 0 27 39
910900 58 0
3400 3 0
11500 0 57 3
3400 5 0
9400 30 0 5
311500 23 0 5
312400 5 57 23 0
310300 50 0
11200 62 0
11200 62 57 0
9400 60 0
10300 0 57
2200 4
8200 30 4
4600 6
607300 19 6
610900 6 19 39
5800 15 6
910900 58 6
307300 18 6
310900 6 18 39
310300 40 6
11800 54 6
12700 6 63 54
2200 3
609400 37 3
10300 3 57
3400 8
306700 17 8
610000 47 8
611200 8 53 47
611200 56 53 47 8
307900 22
311500 22 29
311500 22 39
306100 16
310900 16 29
310900 29
310900 39
2200 5
909400 47 5
910600 5 53 47
910600 56 53 47 5
305200 5 14
907900 24 5
911500 5 24 39
311200 14 5 39
307600 5 20
311200 20 5 39
310600 14 5 20
1211500 58 14 5
610300 55 51 14 5
8200 30 5
310300 23 5
311200 5 57 23
309100 50
10000 62
10000 62 57
8200 60
606400 17
910300 46
911200 46 53
3400 2
310300 50 2
7000 27 2
10600 2 27 33
10600 2 27 39
11200 62 2
11200 62 57 2
9400 60 2
909700 58 2
307300 36 25
310300 62 25
309100 25
4600 11
910900 58 11
5800 28 11
308800 11 38
310000 64 11 38
609700 65 11 38
309700 11 63 38
9400 11 28 39
6700 36 11
9400 62 11
3400 12
909700 58 12
604000 7
910900 50 7
607600 27 7
611200 7 27 33
611200 7 27 39
611800 62 7
611800 62 57 7
610000 60 7
1510300 58 7
1206700 19 7
1210300 7 19 39
605200 15 7
306100 18
309700 18 39
309100 40
10600 54
11500 54 63
608200 37
5800 10
912100 58 10
8200 49
9400 64 49
309100 65 49
8200 56 49
908500 47
909700 47 53
909700 56 53 47
304300 14
907000 24
910600 24 39
310300 14 39
306700 20
310300 20 39
309700 14 20
1210600 58 14
609400 55 51 14
7000 66
9400 107 66
608800 66 100
9700 87
10900 109 87
10900 110 87
10300 84
610900 84 97
11500 84 99
11500 101 84
10300 111
310300 88
310300 81
909700 92 80
610000 95 80
310300 94
10600 95 73
310300 98 73
310300 72 89
608800 78 72
1209400 72 91 78
610000 102 72 78
610000 72 93 78
1209400 72 97 78
608800 79 72
1209400 72 91 79
610000 102 72 79
610000 72 93 79
608800 74
610000 94 74
1209400 98 83 74
1209400 74 83
1209400 74 91
610000 102 74
310300 74 89
608800 78 74
1209400 74 91 78
610000 102 74 78
610000 74 93 78
1209400 74 97 78
310300 88 57
310300 57 81
909700 92 80 57
610000 95 80 57
310300 94 57
10600 95 57 73
310300 98 57 73
7900 57
10300 84 57
610900 57 97 84
11500 57 99 84
11500 101 57 84
10300 111 57
309400 79
910000 79 91
310600 102 79
310600 79 93
310600 96
9400 90
610000 90 104
10600 116 90
10300 90 106
307900 68
309100 68 77
310000 68 99 77
608800 92 77 68
309100 85 68
309100 82 68
310000 68 99 82
307900 69
309100 69 77
310000 69 99 77
608800 92 77 69
309100 85 69
309100 82 69
310000 69 99 82
605200 13
910900 115 29 13
608800 13 29
912100 13 89 29 72
1210600 78 72 13 29
1811200 13 91 78 72 29
1211800 102 13 78 72 29
1211800 13 93 78 72 29
1811200 13 97 78 72 29
1210600 79 72 13 29
1811200 13 91 79 72 29
1211800 102 13 79 72 29
1211800 13 93 79 72 29
1210600 13 74 29
1211800 94 29 13 74
1811200 98 83 13 74 29
1811200 13 83 29 74
1811200 13 91 29 74
1211800 102 29 13 74
912100 13 89 29 74
1210600 78 74 13 29
1811200 13 91 78 74 29
1211800 102 13 78 74 29
1211800 13 93 78 74 29
1811200 13 97 78 74 29
910900 13 57 29
912100 84 29 13 57
913000 29 99 84 13 57
912100 88 29 13 57
912100 29 81 13 57
1511500 92 80 13 57 29
1211800 95 80 13 57 29
912100 94 29 13 57
612400 95 13 73 57 29
912100 98 13 73 57 29
911200 79 13 29
1511800 29 91 79 13
912400 102 29 79 13
912400 29 93 79 13
912400 29 96 13
611200 90 13 29
1211800 13 104 90 29
612400 116 13 90 29
612100 29 106 90 13
909700 68 13 29
910900 13 77 68 29
911800 29 99 13 77 68
1210600 92 77 68 13 29
910900 85 13 68 29
910900 82 13 68 29
911800 29 99 82 13 68
909700 69 13 29
910900 13 77 69 29
911800 29 99 13 77 69
1210600 92 77 69 13 29
910900 85 13 69 29
910900 82 13 69 29
911800 29 99 82 13 69
611200 13 89 29 71
909700 79 71 13 29
1510300 13 91 79 71 29
910900 102 13 79 71 29
910900 13 93 79 71 29
910900 115 105 29 13
910900 13 105 29
610000 95 13 29
611200 110 13 95 29
910900 29 103 95 13
909700 98 13 29
1510300 29 104 98 13
608800 13 39
912100 13 89 39 72
1210600 78 72 13 39
1811200 13 91 78 72 39
1211800 102 13 78 72 39
1211800 13 93 78 72 39
1811200 13 97 78 72 39
1210600 79 72 13 39
1811200 13 91 79 72 39
1211800 102 13 79 72 39
1211800 13 93 79 72 39
1210600 13 74 39
1211800 94 39 13 74
1811200 98 83 13 74 39
1811200 13 83 39 74
1811200 13 91 39 74
1211800 102 39 13 74
912100 13 89 39 74
1210600 78 74 13 39
1811200 13 91 78 74 39
1211800 102 13 78 74 39
1211800 13 93 78 74 39
1811200 13 97 78 74 39
911800 84 13 39
912700 39 99 84 13
911800 88 13 39
911800 13 81 39
1511200 92 80 13 39
1211500 95 80 13 39
911800 94 13 39
612100 95 13 73 39
911800 98 13 73 39
611200 13 89 39 71
909700 79 71 13 39
1510300 13 91 79 71 39
910900 102 13 79 71 39
910900 13 93 79 71 39
910900 115 105 39 13
910900 13 105 39
610000 95 13 39
611200 110 13 95 39
910900 39 103 95 13
909700 98 13 39
1510300 39 104 98 13
909700 68 44 13 39
910900 13 77 68 44 39
911800 39 99 13 77 68 44
1210600 92 77 68 44 13 39
910900 85 13 68 44 39
910900 82 13 68 44 39
911800 39 99 82 13 68 44
909700 69 44 13 39
910900 13 77 69 44 39
911800 39 99 13 77 69 44
1210600 92 77 69 44 13 39
910900 85 13 69 44 39
910900 82 13 69 44 39
911800 39 99 82 13 69 44
909700 13 86 39
910900 116 39 13 86
910600 39 106 13 86
910300 39 113 13
610600 117 39 13
1210000 39 114 13
908500 68 39 13
909700 13 77 68 39
910600 39 99 13 77 68
1209400 92 77 68 39 13
909700 85 13 68 39
909700 82 13 68 39
910600 39 99 82 13 68
908500 69 39 13
909700 13 77 69 39
910600 39 99 13 77 69
1209400 92 77 69 39 13
909700 85 13 69 39
909700 82 13 69 39
910600 39 99 82 13 69
1510900 13 97
911500 13 99
911500 101 13
904900 21
1210600 115 29 21
908500 21 29
1211800 21 89 29 72
1510300 78 72 21 29
2110900 21 91 78 72 29
1511500 102 21 78 72 29
1511500 21 93 78 72 29
2110900 21 97 78 72 29
1510300 79 72 21 29
2110900 21 91 79 72 29
1511500 102 21 79 72 29
1511500 21 93 79 72 29
1510300 21 74 29
1511500 94 29 21 74
2110900 98 83 21 74 29
2110900 21 83 29 74
2110900 21 91 29 74
1511500 102 29 21 74
1211800 21 89 29 74
1510300 78 74 21 29
2110900 21 91 78 74 29
1511500 102 21 78 74 29
1511500 21 93 78 74 29
2110900 21 97 78 74 29
1210600 21 57 29
1211800 84 29 21 57
1212700 57 99 84 29 21
1211800 88 29 21 57
1211800 29 81 21 57
1811200 92 80 21 57 29
1511500 95 80 21 57 29
1211800 94 29 21 57
912100 95 21 73 57 29
1211800 98 21 73 57 29
1210900 79 21 29
1811500 21 91 79 29
1212100 102 21 79 29
1212100 21 93 79 29
1212100 29 96 21
910900 90 21 29
1511500 21 104 90 29
912100 116 21 90 29
911800 29 106 90 21
1209400 68 21 29
1210600 21 77 68 29
1211500 29 99 21 77 68
1510300 92 77 68 21 29
1210600 85 21 68 29
1210600 82 21 68 29
1211500 29 99 82 21 68
1209400 69 21 29
1210600 21 77 69 29
1211500 29 99 21 77 69
1510300 92 77 69 21 29
1210600 85 21 69 29
1210600 82 21 69 29
1211500 29 99 82 21 69
910900 21 89 29 71
1209400 79 71 21 29
1810000 21 91 79 71 29
1210600 102 21 79 71 29
1210600 21 93 79 71 29
1210600 115 105 29 21
1210600 29 105 21
909700 95 21 29
910900 110 21 95 29
1210600 29 103 95 21
1209400 98 21 29
1810000 29 104 98 21
908500 21 39
1211800 21 89 39 72
1510300 78 72 21 39
2110900 21 91 78 72 39
1511500 102 21 78 72 39
1511500 21 93 78 72 39
2110900 21 97 78 72 39
1510300 79 72 21 39
2110900 21 91 79 72 39
1511500 102 21 79 72 39
1511500 21 93 79 72 39
1510300 21 74 39
1511500 94 39 21 74
2110900 98 83 21 74 39
2110900 21 83 39 74
2110900 21 91 39 74
1511500 102 39 21 74
1211800 21 89 39 74
1510300 78 74 21 39
2110900 21 91 78 74 39
1511500 102 21 78 74 39
1511500 21 93 78 74 39
2110900 21 97 78 74 39
1211500 84 39 21
1212400 21 99 84 39
1211500 88 39 21
1211500 39 81 21
1810900 92 80 21 39
1511200 95 80 21 39
1211500 94 39 21
911800 95 21 73 39
1211500 98 21 73 39
910900 21 89 39 71
1209400 79 71 21 39
1810000 21 91 79 71 39
1210600 102 21 79 71 39
1210600 21 93 79 71 39
1210600 115 105 39 21
1210600 39 105 21
909700 95 21 39
910900 110 21 95 39
1210600 39 103 95 21
1209400 98 21 39
1810000 39 104 98 21
1209400 68 44 21 39
1210600 21 77 68 44 39
1211500 39 99 21 77 68 44
1510300 92 77 68 44 21 39
1210600 85 21 68 44 39
1210600 82 21 68 44 39
1211500 39 99 82 21 68 44
1209400 69 44 21 39
1210600 21 77 69 44 39
1211500 39 99 21 77 69 44
1510300 92 77 69 44 21 39
1210600 85 21 69 44 39
1210600 82 21 69 44 39
1211500 39 99 82 21 69 44
1209400 21 86 39
1210600 116 39 21 86
1210300 39 106 21 86
1210000 21 113 39
910300 117 21 39
1509700 21 114 39
1208200 68 39 21
1209400 21 77 68 39
1210300 39 99 21 77 68
1509100 92 77 68 39 21
1209400 85 21 68 39
1209400 82 21 68 39
1210300 39 99 82 21 68
1208200 69 39 21
1209400 21 77 69 39
1210300 39 99 21 77 69
1509100 92 77 69 39 21
1209400 85 21 69 39
1209400 82 21 69 39
1210300 39 99 82 21 69
1209400 21 86
1210600 116 86 21
1210300 86 106 21
1210000 21 113
910300 117 21
1509700 21 114
1208200 68 21
1209400 21 77 68
1210300 68 99 21 77
1509100 92 77 68 21
1209400 85 21 68
1209400 82 21 68
1210300 68 99 82 21
1208200 69 21
1209400 21 77 69
1210300 69 99 21 77
1509100 92 77 69 21
1209400 85 21 69
1209400 82 21 69
1210300 69 99 82 21
910900 59
1511500 59 97
912100 59 99
912100 101 59
612400 61 89
910900 78 61
1511500 61 91 78
912100 102 61 78
912100 61 93 78
1511500 61 97 78
907900 55 51
1810600 51 97 55 77
1211200 101 51 55 77
910300 51 77 55
911500 51 99 55 77
911500 112 51 55 77
1210000 92 77 55 51
1810600 51 100 92 77 55
1211200 109 51 92 77 55
1211200 110 51 92 77 55
910300 85 51 55
911500 107 51 85 55
1510900 51 100 85 55
911500 109 51 85 55
909700 51 76
910900 51 99 76
910900 112 51 76
1209400 92 76 51
1810000 51 100 92 76
1210600 109 51 92 76
1210600 110 51 92 76
909100 51
909100 52
910300 116 52
910000 52 106
1208800 68 53
1210000 53 77 68
1210900 53 99 68 77
1509700 92 77 68 53
1210000 85 53 68
1210000 82 53 68
1210900 53 99 82 68
1208800 69 53
1210000 53 77 69
1210900 53 99 69 77
1509700 92 77 69 53
1210000 85 53 69
1210000 82 53 69
1210900 53 99 82 69
5800 27
311500 115 33 27
9400 27 33
312700 33 89 27 72
611200 78 72 27 33
1211800 33 91 78 72 27
612400 102 33 78 72 27
612400 33 93 78 72 27
1211800 33 97 78 72 27
611200 79 72 27 33
1211800 33 91 79 72 27
612400 102 33 79 72 27
612400 33 93 79 72 27
611200 33 74 27
612400 94 27 33 74
1211800 98 83 33 74 27
1211800 33 83 27 74
1211800 33 91 27 74
612400 102 27 33 74
312700 33 89 27 74
611200 78 74 27 33
1211800 33 91 78 74 27
612400 102 33 78 74 27
612400 33 93 78 74 27
1211800 33 97 78 74 27
311500 33 57 27
312700 84 27 33 57
313600 57 99 84 33 27
312700 88 27 33 57
312700 27 81 33 57
912100 92 80 33 57 27
612400 95 80 33 57 27
312700 94 27 33 57
13000 95 33 73 57 27
312700 98 33 73 57 27
311800 79 33 27
912400 27 91 79 33
313000 102 27 79 33
313000 27 93 79 33
313000 33 96 27
11800 90 33 27
612400 33 104 90 27
13000 116 33 90 27
12700 27 106 90 33
310300 68 27 33
311500 27 77 68 33
312400 33 99 27 77 68
611200 92 77 68 27 33
311500 85 27 68 33
311500 82 27 68 33
312400 33 99 82 27 68
310300 69 27 33
311500 27 77 69 33
312400 33 99 27 77 69
611200 92 77 69 27 33
311500 85 27 69 33
311500 82 27 69 33
312400 33 99 82 27 69
11800 27 89 33 71
310300 79 71 27 33
910900 27 91 79 71 33
311500 102 27 79 71 33
311500 27 93 79 71 33
311500 115 105 33 27
311500 27 105 33
10600 95 27 33
11800 110 27 95 33
311500 33 103 95 27
310300 98 27 33
910900 33 104 98 27
310300 68 44 27 33
311500 33 77 68 44 27
312400 33 99 27 77 68 44
611200 92 77 68 44 27 33
311500 85 33 68 44 27
311500 82 33 68 44 27
312400 33 99 82 27 68 44
310300 69 44 27 33
311500 33 77 69 44 27
312400 33 99 27 77 69 44
611200 92 77 69 44 27 33
311500 85 33 69 44 27
311500 82 33 69 44 27
312400 33 99 82 27 69 44
310300 68 44 27 35
311500 35 77 68 44 27
312400 35 99 27 77 68 44
611200 92 77 68 44 27 35
311500 85 35 68 44 27
311500 82 35 68 44 27
312400 35 99 82 27 68 44
310300 69 44 27 35
311500 35 77 69 44 27
312400 35 99 27 77 69 44
611200 92 77 69 44 27 35
311500 85 35 69 44 27
311500 82 35 69 44 27
312400 35 99 82 27 69 44
310300 27 86 35
311500 116 35 27 86
311200 35 106 27 86
10000 35 27
310900 35 113 27
11200 117 35 27
610600 35 114 27
9400 27 39
312700 39 89 27 72
611200 78 72 27 39
1211800 39 91 78 72 27
612400 102 39 78 72 27
612400 39 93 78 72 27
1211800 39 97 78 72 27
611200 79 72 27 39
1211800 39 91 79 72 27
612400 102 39 79 72 27
612400 39 93 79 72 27
611200 39 74 27
612400 94 27 39 74
1211800 98 83 39 74 27
1211800 39 83 27 74
1211800 39 91 27 74
612400 102 27 39 74
312700 39 89 27 74
611200 78 74 27 39
1211800 39 91 78 74 27
612400 102 39 78 74 27
612400 39 93 78 74 27
1211800 39 97 78 74 27
312400 84 39 27
313300 27 99 84 39
312400 88 39 27
312400 39 81 27
911800 92 80 39 27
612100 95 80 39 27
312400 94 39 27
12700 95 39 73 27
312400 98 39 73 27
11800 27 89 39 71
310300 79 71 27 39
910900 27 91 79 71 39
311500 102 27 79 71 39
311500 27 93 79 71 39
311500 115 105 39 27
311500 27 105 39
10600 95 27 39
11800 110 27 95 39
311500 39 103 95 27
310300 98 27 39
910900 39 104 98 27
310300 68 44 27 39
311500 39 77 68 44 27
312400 39 99 27 77 68 44
611200 92 77 68 44 27 39
311500 85 39 68 44 27
311500 82 39 68 44 27
312400 39 99 82 27 68 44
310300 69 44 27 39
311500 39 77 69 44 27
312400 39 99 27 77 69 44
611200 92 77 69 44 27 39
311500 85 39 69 44 27
311500 82 39 69 44 27
312400 39 99 82 27 69 44
310300 27 86 39
311500 116 39 27 86
311200 39 106 27 86
310900 39 113 27
11200 117 39 27
610600 39 114 27
309100 68 39 27
310300 27 77 68 39
311200 39 99 27 77 68
610000 92 77 68 39 27
310300 85 27 68 39
310300 82 27 68 39
311200 39 99 82 27 68
309100 69 39 27
310300 27 77 69 39
311200 39 99 27 77 69
610000 92 77 69 39 27
310300 85 27 69 39
310300 82 27 69 39
311200 39 99 82 27 69
310300 27 86
311500 116 27 86
311200 27 106 86
310900 27 113
11200 117 27
610600 27 114
309100 68 27
310300 27 77 68
311200 68 99 27 77
610000 92 77 68 27
310300 85 27 68
310300 82 27 68
311200 68 99 82 27
309100 69 27
310300 27 77 69
311200 69 99 27 77
610000 92 77 69 27
310300 85 27 69
310300 82 27 69
311200 69 99 82 27
11800 27 89 42 71
310300 79 71 42 27
910900 27 91 79 71 42
311500 102 27 79 71 42
311500 27 93 79 71 42
311500 115 105 42 27
311500 27 105 42
10600 95 27 42
11800 110 42 95 27
311500 42 103 95 27
310300 98 27 42
910900 42 104 98 27
8800 67
11200 109 67
11200 110 67
610600 70
611800 94 70
1211200 98 83 70
1211200 70 83
1211200 70 91
611800 102 70
312100 70 89
610600 78 70
1211200 70 91 78
611800 102 70 78
611800 70 93 78
1211200 70 97 78
611200 117
1210600 114
610000 75
610000 95
611200 110 95
910900 95 103
1210600 95 104
611200 116 95
610900 95 106
1209400 97
610000 99
610000 101
309700 116
309400 106
609400 108
609400 113
908500 58
1811200 77 97 58
1211800 101 58 77
910900 58 77
912100 77 99 58
912100 112 58 77
1210600 92 77 58
1811200 58 100 92 77
1211800 109 58 92 77
1211800 110 58 92 77
910900 85 58
912100 107 58 85
1511500 58 100 85
912100 109 58 85
909100 79 41
1509700 41 91 79
910300 102 41 79
910300 41 93 79
910300 41 96
909100 41
1509700 41 97
910300 41 99
910300 101 41
4600 34
6700 55 34
909400 34 97 55 77
310000 101 34 55 77
9100 34 77 55
10300 34 99 55 77
10300 112 34 55 77
308800 92 77 55 34
909400 34 100 92 77 55
310000 109 34 92 77 55
310000 110 34 92 77 55
9100 85 34 55
10300 107 34 85 55
609700 34 100 85 55
10300 109 34 85 55
8500 34 76
9700 34 99 76
9700 112 34 76
308200 92 76 34
908800 34 100 92 76
309400 109 34 92 76
309400 110 34 92 76
9100 116 34
8800 34 106
307300 48
610600 72 89 48
909100 78 72 48
1509700 48 91 78 72
910300 102 48 78 72
910300 48 93 78 72
1509700 48 97 78 72
909100 79 72 48
1509700 48 91 79 72
910300 102 48 79 72
910300 48 93 79 72
909100 48 74
910300 94 48 74
1509700 98 83 48 74
1509700 74 83 48
1509700 74 91 48
910300 102 48 74
610600 74 89 48
909100 78 74 48
1509700 48 91 78 74
910300 102 48 78 74
910300 48 93 78 74
1509700 48 97 78 74
5800 26
311500 115 33 26
9400 26 33
312700 33 89 26 72
611200 78 72 26 33
1211800 33 91 78 72 26
612400 102 33 78 72 26
612400 33 93 78 72 26
1211800 33 97 78 72 26
611200 79 72 26 33
1211800 33 91 79 72 26
612400 102 33 79 72 26
612400 33 93 79 72 26
611200 33 74 26
612400 94 26 33 74
1211800 98 83 33 74 26
1211800 33 83 26 74
1211800 33 91 26 74
612400 102 26 33 74
312700 33 89 26 74
611200 78 74 26 33
1211800 33 91 78 74 26
612400 102 33 78 74 26
612400 33 93 78 74 26
1211800 33 97 78 74 26
311500 33 57 26
312700 84 26 33 57
313600 33 99 84 57 26
312700 88 26 33 57
312700 26 81 33 57
912100 92 80 33 57 26
612400 95 80 33 57 26
312700 94 26 33 57
13000 95 33 73 57 26
312700 98 33 73 57 26
311800 79 33 26
912400 26 91 79 33
313000 102 26 79 33
313000 26 93 79 33
313000 33 96 26
11800 90 33 26
612400 33 104 90 26
13000 116 33 90 26
12700 26 106 90 33
310300 68 26 33
311500 26 77 68 33
312400 33 99 26 77 68
611200 92 77 68 26 33
311500 85 26 68 33
311500 82 26 68 33
312400 33 99 82 26 68
310300 69 26 33
311500 26 77 69 33
312400 33 99 26 77 69
611200 92 77 69 26 33
311500 85 26 69 33
311500 82 26 69 33
312400 33 99 82 26 69
11800 26 89 33 71
310300 79 71 26 33
910900 26 91 79 71 33
311500 102 26 79 71 33
311500 26 93 79 71 33
311500 115 105 33 26
311500 33 105 26
10600 95 26 33
11800 110 26 95 33
311500 33 103 95 26
310300 98 26 33
910900 33 104 98 26
310300 68 44 26 33
311500 33 77 68 44 26
312400 26 99 33 77 68 44
611200 92 77 68 44 26 33
311500 85 33 68 44 26
311500 82 33 68 44 26
312400 26 99 82 33 68 44
310300 69 44 26 33
311500 33 77 69 44 26
312400 26 99 33 77 69 44
611200 92 77 69 44 26 33
311500 85 33 69 44 26
311500 82 33 69 44 26
312400 26 99 82 33 69 44
310300 68 44 26 35
311500 35 77 68 44 26
312400 26 99 35 77 68 44
611200 92 77 68 44 26 35
311500 85 35 68 44 26
311500 82 35 68 44 26
312400 26 99 82 35 68 44
310300 69 44 26 35
311500 35 77 69 44 26
312400 26 99 35 77 69 44
611200 92 77 69 44 26 35
311500 85 35 69 44 26
311500 82 35 69 44 26
312400 26 99 82 35 69 44
310300 26 86 35
311500 116 35 26 86
311200 35 106 26 86
10000 35 26
310900 26 113 35
11200 117 26 35
610600 26 114 35
9400 26 39
312700 39 89 26 72
611200 78 72 26 39
1211800 39 91 78 72 26
612400 102 39 78 72 26
612400 39 93 78 72 26
1211800 39 97 78 72 26
611200 79 72 26 39
1211800 39 91 79 72 26
612400 102 39 79 72 26
612400 39 93 79 72 26
611200 39 74 26
612400 94 26 39 74
1211800 98 83 39 74 26
1211800 39 83 26 74
1211800 39 91 26 74
612400 102 26 39 74
312700 39 89 26 74
611200 78 74 26 39
1211800 39 91 78 74 26
612400 102 39 78 74 26
612400 39 93 78 74 26
1211800 39 97 78 74 26
312400 84 39 26
313300 26 99 84 39
312400 88 39 26
312400 39 81 26
911800 92 80 39 26
612100 95 80 39 26
312400 94 39 26
12700 95 39 73 26
312400 98 39 73 26
11800 26 89 39 71
310300 79 71 26 39
910900 26 91 79 71 39
311500 102 26 79 71 39
311500 26 93 79 71 39
311500 115 105 39 26
311500 39 105 26
10600 95 26 39
11800 110 26 95 39
311500 39 103 95 26
310300 98 26 39
910900 39 104 98 26
310300 68 44 26 39
311500 39 77 68 44 26
312400 26 99 39 77 68 44
611200 92 77 68 44 26 39
311500 85 39 68 44 26
311500 82 39 68 44 26
312400 26 99 82 39 68 44
310300 69 44 26 39
311500 39 77 69 44 26
312400 26 99 39 77 69 44
611200 92 77 69 44 26 39
311500 85 39 69 44 26
311500 82 39 69 44 26
312400 26 99 82 39 69 44
310300 26 86 39
311500 116 39 26 86
311200 39 106 26 86
310900 26 113 39
11200 117 26 39
610600 26 114 39
309100 68 39 26
310300 26 77 68 39
311200 39 99 26 77 68
610000 92 77 68 39 26
310300 85 26 68 39
310300 82 26 68 39
311200 39 99 82 26 68
309100 69 39 26
310300 26 77 69 39
311200 39 99 26 77 69
610000 92 77 69 39 26
310300 85 26 69 39
310300 82 26 69 39
311200 39 99 82 26 69
911500 26 97
312100 26 99
312100 101 26
5800 30
310300 68 44 30 35
311500 30 77 68 44 35
312400 30 99 35 77 68 44
611200 92 77 68 44 30 35
311500 85 30 68 44 35
311500 82 30 68 44 35
312400 30 99 82 35 68 44
310300 69 44 30 35
311500 30 77 69 44 35
312400 30 99 35 77 69 44
611200 92 77 69 44 30 35
311500 85 30 69 44 35
311500 82 30 69 44 35
312400 30 99 82 35 69 44
310300 35 86 30
311500 116 30 35 86
311200 30 106 35 86
10000 30 35
310900 35 113 30
11200 117 35 30
610600 35 114 30
310300 30 86
311500 116 30 86
311200 30 106 86
310900 30 113
11200 117 30
610600 30 114
309100 68 30
310300 30 77 68
311200 30 99 68 77
610000 92 77 68 30
310300 85 30 68
310300 82 30 68
311200 30 99 82 68
309100 69 30
310300 30 77 69
311200 30 99 69 77
610000 92 77 69 30
310300 85 30 69
310300 82 30 69
311200 30 99 82 69
11800 30 89 42 71
310300 79 71 42 30
910900 30 91 79 71 42
311500 102 30 79 71 42
311500 30 93 79 71 42
311500 115 105 30 42
311500 30 105 42
10600 95 30 42
11800 110 42 95 30
311500 30 103 95 42
310300 98 30 42
910900 30 104 98 42
10000 107
10000 109
309700 103
308800 92
909400 92 100
310000 109 92
310000 110 92
307900 66 23
310300 107 23 66
909700 23 100 66
310600 87 23
311800 109 23 87
311800 110 23 87
308800 23
311200 84 23
911800 23 97 84
312400 23 99 84
312400 101 23 84
