200 1000
1 18 28 32 43 72 119 156 177
1 81 113 114 121 130 136 179
1 31 55 76 108 152 199
1 79 90 94 116 194
1 21 45 93 104 186
1 31 64 100 123 177
1 68 74 78 104 179
1 16 20 32 147
1 106 121 124 143
1 36 70 112 122
1 59 139 191
1 72 148 180
1 138 140 145
1 51 78 113
1 22 125 188
1 12 33 65
2 7 37 43 44 82 114 139 194 197
2 51 99 124 129 130 172
2 34 58 102 181 184 186
2 27 68 105 134 185
2 14 34 81 137 174
2 29 43 110 188
2 18 72 162 196
2 17 123 154 158
2 26 51 125 160
2 34 99 104 137
2 5 36 64 104
2 28 51 192 199
2 33 59 153
2 0 139 163
3 20 68 90 91 95 100
3 11 50 114 128 138
3 31 82 118 172
3 27 72 127 152
3 23 86 141
3 2 140 144
3 52 114 154
3 62 82 161
3 196
4 29 35 74 94 110 113 156 173
4 15 64 70 79 119 123
4 2 50 91 119 144
4 17 22 92 142 192
4 7 98 149 176
4 10 14 47 73
4 48 85 162 199
4 71 81 167 192
4 8 99 146 190
4 81 102 139 194
4 34 116 152
4 51 145 164
4 61 120 150
4 119 186
4 121 132
4 117
4 120
5 62 104 120 185 193 194
5 24 48 145 147 164
5 22 49 74 163 165
5 2 66 125 157
5 9 104 159 171
5 49 102 158
5 40 66 173
5 109 119
5 72 106
5 18 145
5 94
6 3 20 103 141 148 156
6 18 53 59 113 153 174
6 0 16 21 73 187
6 41 110
7 15 30 62 72 103 143 181
7 6 54 110 148 171 184 189
7 7 52 68 72 140 165
7 27 35 102 155 175 185
7 64 88 100 140 177
7 23 76 188 199
7 2 5 135 175
7 36 109 171
7 12 119 194
7 88
8 0 12 17 29 53 122
8 26 43 96 154 193
8 25 55 91 151
8 38 170
8 176
9 43 51 91 121 133 138
9 17 26 62 122 146
9 31 59 147 187 198
9 103 132 145 183
9 40 130 144
9 22 78
9 44 124
9 62 82
9 139
9 13
10 8 44 51 79 129 176 182 184
10 69 101 126 176
10 24 48 135 140
10 4 114 179
10 37 57 178
10 66 114 137
10 57 80
10 176
10 102
11 35 37 59 97 174
11 56 57 72 128 198
11 69 76 116 123 172
11 17 45 102 178 194
11 102 155 160 182
11 35 38 96 140
11 61 143 157 177
11 27 76 88 155
11 18 138 165
11 32 65 182
12 2 3 25 43 94 170
12 28 31 33 37 68 186
12 4 116 175 183 187
12 23 53 69 101 137
12 3 9 10 38 76
12 2 26 42 84
12 30 46 92 95
12 6 104 105 152
12 6 42 77 154
12 58 80 180
12 34 52 156
12 143 162
12 197
13 6 20 34 58 84 94 145 186
13 40 49 105 109 128 158 184
13 4 91 107 118 126 197
13 0 18 42 81 168 178
13 112 147 192
13 28 102 163
13 53 165
13 87 155
13 127 145
13 75 155
14 21 59 60 72 88 127 166
14 3 16 41 60 92 174
14 43 53 67 119
14 22 70 145 178
14 37 109 183 191
14 31 62 107 172
14 94 152 167
14 24 49 97
14 35 188
15 10 27 30 45 126 127 148 149
15 0 14 41 44 51 57 120 150
15 57 62 122 143 160 180
15 4 33 47 92 136 146
15 20 26 57 123 190
15 122 138 139 184
15 21 79 103 156
15 12 85 157 166
15 4 31 79 112
15 90 178 183
15 36 146 184
15 113 118 159
15 58 75
15 134 192
15 117 182
15 37 71
16 3 19 28 133 134 166 184 186
16 60 88 101 148 157 160 163
16 35 54 68 79 98
16 89 106 132 134 163
16 0 1 107
16 60 105 171
16 8 10 140
16 126 141 173
16 9 112 125
16 14 179
17 35 39 117 183 192
17 70 74 79 160 188
17 13 85 102 123
17 74 166 182 195
17 3 52 81 198
17 62 132 169
17 7 45 177
17 70 75 188
17 21 32
17 92 101
18 29 61 67 72 84 91 193
18 5 82 105 123 142 185
18 4 52 55 97 127 175
18 10 48 87 91 189
18 71 81 174 190
18 63 114 136 149
18 32 39 91 130
18 25 58 119 137
18 63 66 146
18 16 70 163
18 15 181
18 84 92
19 10 35 37 86 99 137 159 160
19 30 54 61 85 139
19 36 44 53 171
19 39 47 187
19 135 137 169
19 74 158
20 89 110 112 141 147
20 48 51 56 94
20 45 117 147 184
20 14 39 103 177
20 34 67 112 123
20 4 74 83 173
20 51 111 125
20 124 148
20 24 71
20 189 194
20 179
21 20 121 123 129 134 148 151
21 11 36 63 67 117 163
21 21 70 172 177 182
21 7 35 100 169
21 54 113 155
21 30 139 148
21 60 145
22 65 96 101 171 172 190
22 10 38 103 150 154 168
22 22 38 87 152 190
22 7 26 125 157 196
22 26 82 96 199
22 26 103 112 198
22 29 87 171 183
22 38 83 129 144
22 39 153 158 196
22 1 123
23 50 58 68 83 114 153 192
23 12 104 158 163 182
23 1 103 177 181
23 63 75 120 195
23 106 113 163
23 37 66 124
23 84 156
24 6 8 12 35 54 90 105 180 199
24 109 135 138 143 147 167 169 173 180
24 33 59 64 124 151 178
24 33 38 41 72 148 153
24 67 131 191 197 199
24 55 71 107 186 192
24 58 67 133 192
24 6 46 73
24 3 89 182
24 77
25 10 12 72 82 110 151
25 50 54 142 143 184
25 1 15 68 121
25 5 58 88 103
25 17 130 149 190
25 23 164 170 172
25 9 104 121 152
25 57 67 193 197
25 15 65 96
25 122 160
26 54 91 107 114 171 178 179
26 51 54 58 75 88 142
26 25 78 141 145
26 73 142 186 190
26 14 38 118 194
26 87 164 193
26 77 121 199
26 1 158
26 35 84
26 30 44
26 98 184
27 2 10 120 165 174 198
27 23 27 96 138 185 197
27 42 54 140 151 159
27 2 79 171 199
27 25 76 127 190
27 43 109 199
27 82 98 153
28 27 39 81 85 116 196
28 99 109 144 155 178 195
28 9 97 127 131 171 182
28 19 29 34 89 94
28 29 45 68 179
28 58 89 136 198
28 24 74 129
28 58 146 191
28 10 86
28 144
29 39 108 109 126 133 135 198
29 0 59 91 136 153
29 25 39 67 177
29 84 94 107
29 60 110 180
29 4 40
29 37 195
30 46 50 66 82 88 126
30 15 50 84 175 177
30 24 87 122 188
30 18 69 107 155
30 46 73 95 101
30 45 60 146 191
30 0 84 85 93
30 143 147 167
30 81 155 171
30 73 98 127
30 39 131
30 44 193
30 119
31 0 131 145 151 152 178
31 26 96 100 146 173
31 36 81 100 129
31 37 122 150 158
31 60 100 163 167
31 107 118 126
31 49 74 121
31 2 100 179
32 0 80 84 85 104 167
32 19 24 27 40 42 157
32 114 139 145 167 177
32 37 59 74 76 146
32 13 16 127 134
32 49 66 121
32 73 83 180
32 79 88 91
32 71 86 114
32 104 156 196
32 5 17 168
32 94 148
32 63 157
32 17 171
32 131
33 3 34 82 111 114 158
33 10 30 34 41 61
33 145 154 157 166 182
33 3 13 73 112
33 5 28 62 189
33 0 42 70 85
33 60 75 77
33 76
33 141
33 137
34 28 103 113 137 171 180
34 62 87 107 132 160
34 111 113 147 153 172
34 83 94 136 169
34 98 123 145 177
34 3 91 110
34 84 167 191
34 71 113 163
34 7 109
34 42 129
34 40
35 16 37 39 127 144 173 177
35 3 19 24 52 130 142
35 5 35 101 192
35 88 161 189
35 40 187 195
35 108 120 124
35 12 129 187
35 58 159
35 108 129
35 86
35 172
36 7 39 135 162 163 199
36 60 130 146 167
36 20 40 51 171
36 21 57 152
36 41 106 110
36 21 34
37 14 87 150 187
37 40 110 178
37 84 143 187
38 14 21 66 87 133 164 171 173
38 91 92 93 110 112 132
38 19 67 138 187
38 80 96 148 162
38 12 95 141 198
38 21 30 174 181
38 29 83 111 186
38 28 40 53 74
38 5 96 194
38 91 173 195
38 27 157
38 176 179
38 1 24
39 20 30 67 97 138 156 189
39 8 44 72 94 148 183
39 5 64 74 108 148 152
39 20 53 109 121 146
39 3 16 55 81 199
39 43 68 117 179 190
39 31 49 73 76
39 2 108 157
39 152 172 198
39 99 124 142
39 125 143
40 35 52 60 74 119 123 145 147 188
40 51 68 71 81 142 155 173 186
40 62 104 121 127 128
40 54 86 145 153 154
40 64 109 112 181 186
40 14 27 59 74
40 15 18 193
40 32 130
41 7 16 39 87 152 171 189
41 1 25 40 94 111 125
41 23 28 98 126 197
41 4 16 59 76 166
41 5 35 147 191
41 15 54 67 165
41 17 33 192 198
41 30 98 106 135
41 12 54 180
41 40 101 173
41 2 41 122
41 135 163
41 43 92
41 32 129
42 6 26 39 98 173 191
42 3 78 79 106 117 152
42 68 101 112 171 187
42 42 45 55 90
42 167 169 174 183
42 24 85 115 191
42 6 95
42 155
42 86
43 42 49 156 157 181
43 1 7 52 106
43 16 40 45 55
43 38 97 147 153
43 15 17 75 79
43 21 45 62 107
43 11 98 104
43 19 155
43 163 165
44 6 29 64 98 157 163 185 191 197
44 39 70 72 86 121 125
44 19 64 124 137 161
44 75 106 128 196
44 32 39 81 138
44 20 126 140 146
44 7 80 85 101
44 103 108
44 52 59
44 139 156
44 9 75
44 92
44 139
45 24 37 55 68 87 121 131 167
45 16 27 36 56 60 85 123 181
45 26 44 64 102 154 158
45 14 24 47 98 106 137
45 7 33 127 128 176 184
45 43 50 61 174 183
45 66 76 168 189
45 23 74 111 138
45 103 160 199
45 139 142
45 146 148
45 45
45 12
46 13 19 25 61 113 154
46 47 78 161
46 37 151 171
46 40 80 176
46 22 130 172
46 20 169
47 20 33 44 50 104 133 166
47 40 42 43 108 112 138 152
47 59 85 168 179 189
47 13 112 115 149 193
47 32 61 110 145
47 10 64 69 147
47 1 30 47 165
47 2 121
47 30 115
48 35 37 142 148 152 166 167 169
48 10 46 49 119 162
48 63 69 133 162 170
48 32 57 79 118
48 53 88 144 174
48 5 20 38 191
48 37 43 46 118
48 116 141 149
48 75 89
48 87 187
49 1 2 59 96 112 132 176 180
49 31 40 45 72 90 107 135 194
49 0 4 9 70 87 99 100 144
49 8 56 68 77 97 118 149 170
49 75 79 103 105 128 151 154
49 39 80 101 125 137 148 149
49 26 64 99 105 191
49 65 84 118 180 198
49 10 33 69 124 156
49 53 117 133 147 188
49 64 100 105 161
49 42 69 177 198
49 43 101
50 23 55 62 67 75 85 110 154 177
50 60 85 105 142 195
50 26 67 73 81 149
50 20 41 115 132 142
50 141 150 152 161
50 4 13 91 163
50 21 56 145 168
50 46 90 112 186
50 9 40 150
50 39 107 154
50 74 137 148
50 51 89
51 18 19 27 33 73 126 157 164 189 194
51 12 100 126 153 157
51 9 16 73 119
51 59 168 187
51 154 178
51 26 63
52 2 30 67 102 182
52 28 38 64 184
52 5 7 21 190
52 4 19 162 166
52 28 60 199
52 38 48 80
52 74 90 159
52 16 45
53 46 51 158
53 132 134
53 14 37
54 7 12 79 87 93 98 123 173
54 20 68 72 97 108 135 141 196
54 7 29 105 148 157 184 189
54 9 11 27 74 167
54 106 109 138 198
54 48 120 142 197
54 20 38 63 194
54 20 78 153 170
54 20 62 73
54 72 97 111
54 41 83 180
54 24 41 166
54 69 148 194
54 16 36 145
54 65 143 191
54 110 153 187
54 138
55 72 82 110 112 134 167
55 76 90 91 95 171 198
55 24 180 183
55 116
56 21 41 45 54 75 136 139 181
56 4 27 32 120 133 169 184 196
56 0 31 48 64 87 153
56 37 101 118 140 145 170
56 40 135 140 142 178
56 25 48 81 163
56 25 67 75 197
56 93 103 147 151
56 90 99 162
56 59 155 199
56 2 84 86
56 26 32
56 141 166
57 39 40 44 75 76 141 145 176
57 23 49 71 75 116 141 189 199
57 2 14 36 59 63 178
57 2 115 128 144 176
57 5 86 126 145
57 34 39 99 186
57 92 131 186
57 20 26 146
57 109 137
57 172
58 8 40 62 87 106 194
58 1 13 20 30 40 70
58 3 58 73 130 147
58 35 96 141 172
58 8 46 67 105
58 8 26 52 122
58 23 38 64 124
58 97 123 188
58 64 71 161
58 13 87 152
58 87 133 165
58 7 130
59 53 95 103 120 179 183
59 11 49 51 82 130 133
59 10 55 106 124 164 186
59 14 45 51 72 116 141
59 95 108 117 145 167
59 30 40 113 134 169
59 23 47 50 90 160
59 101 103 134 187 198
59 10 88 101 179
59 76 108 118 192
59 104 127 139
59 47 99 103
59 8 84 161
59 20 188 193
59 32 55
59 17
60 0 8 41 42 73 124 131 151 164 187
60 14 22 69 88 192
60 38 124 140 142 160
60 49 70 119 183 199
60 30 50 68 144 158
60 19 29 134 137 169
60 1 77 144 193
60 51 64
60 46 139
61 30 85 110 120 177
61 17 25 68 140 159
61 4 87 98 124 131
61 36 40 90 164
61 37 42 124 186
61 66 95
61 10
62 17 26 30 68 111 127 149 186 193
62 64 105 113 182 185
62 65 83 107 168
62 74 80 107 122
62 60 82 163 180
62 114 121 178
62 57
63 41 62 85 112 114 126 137 182
63 4 62 91 104 166 176
63 78 138 159 166 187 191
63 71 83 112 166 198
63 41 125 182 194
63 11 69 73 125
63 12 29 92
63 15 93 189
63 51 122
64 19 34 119 174 193
64 5 22 93 102 128
64 96 98 165 198
64 36 99 172 183
64 23 51 125 192
64 7 56 66 197
64 46 50 80 116
64 64 121
64 102 107
65 1 106 123 176 181 197
65 23 75 150 165 180 196
65 52 91 149 184 187 194
65 20 23 30 82 91
65 23 58 77 129 177
65 46 98 122 125 135
65 6 33 130 163
65 27 37 59 176
65 41 153 190
65 148 170 187
65 59 75
66 11 28 31 52 78 147
66 19 50 82 93 126 132
66 5 45 69 102 179 196
66 21 72 76 121 134
66 72 121 176 199
66 24 176 185 189
66 20 54 132
66 20 84 125
66 23 67 191
66 77 160 161
67 0 4 19 34 99 134 197
67 52 86 127 150 153
67 17 106 114 174 194
67 101 118 160 176
67 28 62 82
67 115 161 185
67 52 140
68 51 65 77 103 116 137
68 22 35 100 167 182
68 49 79 97 153
68 0 24 43 192
68 10 28 133 175
68 15 50 66
68 196
69 10 12 28 32 174
69 61 87 124 154 194
69 20 98 130 141 186
69 21 47 113 125 190
69 7 98 121 178
69 67 83 191
69 36 75 143
69 37 92 119
69 1 72 93
69 63 85 149
69 102 149 172
69 71 123 180
69 6 196
70 0 72 75 90 136 154 175
70 56 64 122 138 179 191
70 9 77 126 132 143
70 40 118 158 168
70 14 63 113 122
70 43 84 110 134
70 47 154 188
70 95 98 199
70 8 193
70 136 176
70 41 102
71 48 57 147 156 157 170 177
71 10 27 31 35 164 172
71 4 9 13 155 159
71 6 30 127 182 195
71 12 41 43 56 195
71 71 77 95 143
71 9 81 113 159
71 7 105 121 186
71 73 123 134 135
71 66 129 151 186
71 14 124 143
71 37 58 103
71 89 190
72 77 80 138 144 149 153 162
72 19 59 90 92 106 136 148
72 1 8 62 101 147 194
72 17 32 40 78 134
72 0 34 68 120 151
72 8 85 101 110 155
72 23 36 39 194
72 25 81 127 141
72 93 153
73 23 37 102 185 192
73 126 145 186
73 35 130 187
73 86 109
73 59 133
73 26 135
73 171
74 25 33 58 60 74 77 167
74 15 44 81 91 153 185
74 25 38 113 156 160
74 31 102 115 181
74 10 37 40
74 68 118 168
74 5 38
74 69 164
74 93
74 25
75 19 28 38 138 170 174
75 13 27 28 51 176
75 5 83 147 155
75 64 108 163
76 17 35 71 105 110 146 185 189
76 0 105 109 123 142 183 196
76 8 16 20 24 25 38 88
76 11 49 61 126 192
76 55 119 140 147
76 42 47 60 186
76 18 30 181
76 4 164 177
76 111 159 199
76 18 88 136
76 121 174 184
76 83 86
76 52 134
76 152 164
76 147 166
76 57
77 14 21 24 60 77 110 154
77 40 75 79 132 157
77 3 23 28 166 182
77 45 52 66 140 179
77 22 104 134 152
77 13 19 111 184
77 141 181 185
77 120 137
77 88 164
77 104 177
77 69 174
77 53 156
77 78 98
77 2
78 56 115 125 156 196
78 44 53 72 155 160
78 52 81 181 189
78 70 86 123 138
78 49 63 180
78 143 145 193
78 32 113 142
78 63 188
79 16 31 48 66 99 148
79 16 58 138 151 191
79 29 46 150 175
79 31 92 127 199
79 3 96 142 182
79 8 49 148
79 3 83 183
79 59 106 127
79 40 183
80 4 36 59 63 77 111 168
80 76 95 127 128 143 156 190
80 28 47 64 100 109 152
80 46 60 74 118 125 144
80 54 85 105 166 172
80 39 59 68 163 183
80 0 107 109 180
80 67 154 173 179
80 75 94 134 164
80 103 153 191
80 121 168
81 52 55 59 70 75 80 84 92
81 27 41 43 98 134 188 193
81 31 76 119 150 157 164 172
81 11 53 82 87 99 100 151
81 0 26 81 86 148 193
81 2 55 65 131 164 180
81 4 25 50 93 105
81 17 31 102 149 188
81 21 81 113 140
81 88 93 138 159
81 57 67 185 191
81 42 127 153
81 57 85 168
81 27 83 151
81 10 29 76
81 14 80
82 35 73 84 88 118 133 148 176
82 25 63 68 123 169 180
82 0 63 78 129 139 192
82 24 32 44 73 122 199
82 8 10 120 147 181
82 41 66 127 145
82 4 109 159
82 42 44 175
83 25 44 52 102 151 152 159
83 42 99 114 136 163
83 2 18 62 115 168
83 21 32 57 86
83 29 47 163 180
83 57 142 168 180
83 42 116 180
83 43 107 157
83 49 93 107
83 44 95
83 2 148
83 90 172
83 91 149
84 6 28 45 78 90 102 123 154
84 55 73 82 148 175
84 24 63 76 192
85 18 31 54 102 104 113 167 186 194
85 52 100 112 138 153 157 194
85 42 62 76 109 138 195
85 11 79 87 88 173 191
85 45 95 99 149 170
85 4 17 122 184
85 48 120 180
86 6 29 51 55 67 145
86 8 64 92 121 149 168
86 7 12 146 152 169 189
86 31 51 88 156 174
86 36 37 38 53
86 32 44 72 103
86 44 86 93 198
86 3 88 148 169
86 19 69 94
86 16 82 87
86 38 135
87 6 32 69 75 100 177 182
87 22 66 91 92 192 198
87 54 64 77 153
87 47 131 156 188
87 10 21 85 151
87 7 91 153
87 103 160 198
87 9 144
87 73 81
87 21
88 57 87 117 133 136 157 158 184
88 8 25 136 142
88 14 146 182
88 12 81 109
88 42 94 96
88 112 123 136
88 10 169
89 7 22 30 69 112 117 136 138
89 51 55 108 137 147
89 7 58 177 180 181
89 47 64 86 99 112
89 42 58 69 97 136
89 93 111 119 129
89 51 99 114
89 88 116
90 18 50 80 129 165
90 0 11 15 46 186
90 1 44 118 168 198
90 41 47 76 88 157
90 68 72 184 186
90 10 96 129 188
90 69 76 98 111
90 5 54 131 199
90 33 111 165
90 124 155
91 19 51 58 83 93 130
91 62 66 114 116 178
91 91 116 126 194
91 63 126 156 163
91 95 154 192
91 7 38 193
91 69 160
91 2 61
91 2 132
91 92
92 67 101 107 112 146 162
92 2 34 61 98 118 194
92 27 107 131 154 176 193
92 17 55 108 138 177
92 69 74 88 173
92 72 105 122
92 0 96 172
92 109 132 184
92 22 23 96
92 164 180
93 53 58 69 73 138 185
93 3 13 23 29 121
93 15 22 113 155 190
93 10 20 80 173 176
93 12 16 31 196
93 20 37 74 193
93 36 69 101 114
93 8 25 114
93 75 78 188
93 142 190
93 155 188
94 50 76 119 120 124 131 178
94 12 21 95 147 163 177
94 12 133 135 150 180 195
94 4 16 61 148 186 192
94 5 52 104 117 128
94 8 69 83 173 175
94 5 21 59 70 148
94 17 25 78 83 86
94 25 125 128 142 157
94 107 153 160 174
94 71 104 148 175
94 2 78 84
94 74 87 108
94 82 111 120
94 31 99 194
94 36 168
95 4 17 30 102 124 192
95 47 52 104 159
95 9 82 147 179
95 10 62 122 162
95 26 27 99 116
95 87 100 180
95 19 92 114
95 17 32
96 15 110 134 156
96 3 52 87 177
96 67 109 132 192
96 78 81 195
96 17 21 124
96 42 45 86
96 84 129 166
96 160 194
96 50 97
97 19 34 44 108 115 189 195
97 2 61 84 147 157 187
97 41 120 148 185 189 196
97 88 101 125 139 197
97 13 90 106 142 193
97 42 63 96 125 139
97 60 80 83 92 189
97 33 54 62 149
97 35 56 110 193
97 9 71 178
97 93 109 167
97 4 48
97 143 147
97 62 108
97 88
98 50 82 127 157 181 193
98 37 77 109 138
98 150 175 182 195
98 23 40 68 128
98 55 80 151
98 13 107 162
98 22 81 115
98 20 48
98 67
98 68
98 41
99 7 28 55 122 176 184
99 5 78 159 198
99 59 61 80 128
99 23 134 184
99 130 151 181
99 76 164 183
100 19 63 72 91 104 142 151
100 44 84 106 172 198
100 23 62 158 186 196
100 8 81 120 124 139
100 18 26 96 175 180
100 5 39 104 126
100 58 121 156 186
100 11 30 38 127
100 44 102 148 164
100 61 68 96
100 34 52 74
100 10 68 91
100 60 149
