200 1000
1 38 54 63 97 125 128 195
1 99 114 160 161 164 166
1 147 152 164 168
1 56 57 61 97
1 121 160 184
1 28 47 119
1 70 83 180
1 44 120 127
1 100 105
1 13
1 86
2 24 55 175 179
2 60 130 146 151
2 16 52 61 88
2 81 144 176
2 15 147 159
2 148 164 170
2 72 110
2 74
3 8 12 62 162 166
3 2 7 135 146 150
3 26 39 108 137 150
3 59 79 176 187
3 32 96 108 154
3 63 80 143 159
3 10 111 117 167
3 7 44 145
3 109 120
3 179
4 50 82 133 140 153 156 197
4 2 33 45 60 104
4 21 58 113 115 146
4 62 69 81 110 191
4 1 38 197
4 9 90 198
4 141
5 28 43 49 67 125 160 168
5 4 6 26 86 95 130
5 16 37 172 196
5 66 137 177 184
5 23 66 174
5 0 154 167
5 135 154
5 39 138
6 19 21 48 50 54 78 116 121
6 1 9 53 67 127 154 176
6 61 76 119 176 192
6 1 106 115 119
6 78 99 146 170
6 30 81 99 177
6 102 115 154 178
6 105 186
6 83 118
6 28 46
7 24 67 105 126 127 129 146 174
7 33 57 80 97 145 150
7 14 39 49 107 174
7 17 116 128 133 172
7 14 44 95 136
7 0 135 164 175
7 26 108 158 184
7 4 143 149 168
7 19 63 88
7 2 54 74
7 16 100 136
7 115
7 6
8 3 31 32 126 144
8 4 11 29 64 162
8 86 113 144 147
8 6 58 60 186
8 39 76 104 157
8 3 124 125
9 14 50 55 69 88 117 133 143
9 4 16 140 152 172
9 11 66 73 102 146
9 137 141
10 45 61 97 141 173 194 197
10 1 11 60 159 198
10 22 65 80 86 123
10 8 105 122 124
10 1 113 161 167
10 124 142 165
10 55 113 151
10 11 88
10 16 174
10 114 196
11 11 39 51 93 110 120 128 135 137
11 34 102 133 141 151
11 42 81 143 157 196
11 0 71 126 151 157
11 94 133 156 198
11 89 116 154 168
11 11 67 153 193
11 97 129 143
11 121 148 196
11 32 65
11 194
12 18 45 128 139 149
12 82 109 133 136 179
12 62 66 154 164
12 19 41 80 156
12 28 79 126 183
12 28 32 46 151
12 25 104 143
12 60 71 160
12 104 143 152
13 11 71 75 102 124 126
13 76 89 154 157 166 194
13 18 43 103 127 149
13 17 76 96 112 121
13 107 109 126 148 193
13 34 145 151 186
13 46 165
14 95 122 124 166 173
14 39 44 67 98 103
14 17 44 91 132 197
14 11 36 49 53 169
14 24 113 175 185
14 29 30 39 90
14 20 63 176 188
14 53 120 139
14 40 118 174
14 3 173 190
14 59 101
15 18 50 80 146 155 183 184
15 23 30 40 51 114 176
15 19 33 80 160
15 10 83 84 89
15 152 162 189
15 168 171 174
15 79 99 119
15 50 141
15 161 172
16 23 51 111 158 165
16 24 30 51 111 174
16 43 80 99 119 158
16 18 21 48 139
16 56 136 140
16 0 114 174
16 39 138 183
16 85 156
16 91 92
16 56 111
16 55 154
17 2 33 60 96 118 132 134 171 181
17 32 54 74 126 144 164 176
17 0 70 106 147 188
17 23 28 154 161 185
17 90 102 160 166 183
17 15 65 101 130
17 65 134 138 148
17 22 185 192
17 64 84 102
17 51 57 155
17 20 158
17 78
18 29 30 48 95 114 189
18 18 25 125 191 198
18 17 22 53 66 147
18 1 55 96 107
18 31 36 59 128
18 49 123 146 160
18 91 135 176 181
18 14 33 171 199
18 18 126 137
18 33 75 193
18 77 95 129
18 111 134
18 36 166
18 100
19 15 54 67 91 135 140
19 17 144 146 158 173 178
19 3 59 113 116 194
19 16 64 68 90 91
19 3 24 114
19 48 109 159
19 32 180 192
19 83 193 199
19 130 182
19 101 115
19 42 55
20 28 48 77 89 156 174 181
20 16 25 77 125 126 161
20 9 82 94 180 184
20 17 68 130 162 184
20 25 67 131 150 160
20 7 42 153 184
20 34 42 70 81
20 105 130 153 177
20 80 165 166 195
20 88 130 131
20 86 94 173
20 4 47 52
20 64 119 188
20 31 181
21 21 32 40 94 170
21 16 99 159 171 185
21 94 114 170 194
21 49 93 135 161
21 33 49 58
21 21 35 194
21 13 136
21 49 180
22 7 11 92 155 173 193
22 2 6 24 69 81 109
22 25 97 121 176 177
22 33 58 149 196
22 46 139 190 192
22 77 180 181 182
22 47 107 178
22 49 55 142
22 10 126
22 44 127
22 51 180
22 149 153
23 3 23 30 144 161 187
23 19 25 48 192 196
23 26 89 103 122 182
23 47 72 89 134 141
23 37 56 141 190
23 6 41 55 138
23 14 46 127 145
23 61 69 77 154
23 42 52 70
23 111 119 153
23 20 33 40
23 76
23 99
24 25 40 58 93 94 138 162 168
24 8 61 98 111 126
24 34 109 172
24 38 113
24 49 145
25 0 31 50 53 113 191
25 45 87 134 150 184 186
25 112 122 127
25 126 156 180
25 20 71 186
25 21 75 109
25 60 173
26 27 41 81 115 126
26 103 105 143 194
26 19 67 133 186
26 108 116 135
26 46 188
26 83 131
26 183
27 8 9 10 20 104 189
27 17 60 102 136 167
27 17 22 35 140 151
27 62 98 113 175
27 51 64 112 153
27 8 66 136 183
27 8 109 121 143
27 1 10 37
27 85 99 115
27 160 193
27 93 107
28 17 45 51 80 82 94 164
28 73 80 151 160 166 182
28 29 46 51 64 79
28 19 66 71 95
28 87 148 175
28 113 139 196
28 0 127
28 31 59
28 13
29 21 85 137 169
29 50 75 77 101
29 8 81 146
29 103 110 189
29 12 42
29 35 187
29 71 135
29 93
30 27 57 61 90 112 184 190
30 4 101 156 159 182 195
30 100 120 126 145 198
30 38 70 87 99 131
30 2 91 136 142
30 9 41 63 170
30 14 55 69 113
30 152 153 158
30 1 50 161
30 4 49
30 52 161
31 5 22 48 58 66 106 107
31 38 82 179 191
31 117 133 148 192
31 11 64 170 193
31 86 170 194
31 58 146 174
31 19 27 192
31 56 197
32 2 140 142 143 144 187
32 99 111 159 182
32 14 41 123
32 46 144 173
32 31 165
32 123 183
32 81
32 89
32 66
33 83 119 130 150
33 32 46 101 149
33 19 68 70 94
33 6 61 92 161
33 3 89 173
33 3 110 160
33 85 92
33 15 27
34 18 55 92 99 120 191
34 38 42 52 79 138 181
34 35 119 127 155 165 192
34 34 54 99 150 170
34 27 60 138 154 180
34 22 74 76 85 190
34 32 96 101 152
34 33 126 199
34 84 175 183
34 64 194
34 176 181
34 60 128
35 12 61 62 82 145 175
35 41 55 124 137 142 171
35 0 2 42 47 76 139
35 0 55 63 134 193
35 30 45 124 193
35 17 129 148
35 10 24 138
35 32 115
35 1 55
36 4 24 88 125 156 173 174
36 31 65 77 94 118 180
36 72 153 157 194
36 29 100 164 171
36 57 65 91 154
36 1 42 119
36 22 76 98
36 68 124 175
36 105 165
36 102 150
37 6 22 29 78 121 161
37 16 18 68 97 178
37 27 66 172 175 196
37 34 38 41 103 123
37 20 49 129 139
37 51 128 187 197
37 65 69 103 141
37 48 142 149
37 113 161 170
37 28 187
37 110 177
38 4 26 84 160 170 173
38 6 27 67 117 158 186
38 26 64 112 124 150 172
38 10 12 146 147
38 150 178 189
38 22 133
38 128
38 175
39 34 84 110 130 134
39 45 53 57 121 181
39 59 106 151 176
39 17 84 162
39 47 109 154
39 139
40 64 68 75 79 85 113 178
40 13 35 45 105 145
40 99 151 181 190
40 48 79 107 196
40 1 93 115 168
40 37 138 142 181
40 7 21 63
40 41 48 59
40 12 15 155
40 6 71 155
40 54 112 181
40 102 126 177
40 51 63 141
40 6 194
41 104 133 154 160
41 39 55 144 193
41 107 155 196
41 90 110 190
41 144 162 174
41 49 144 199
42 26 47 81 83 104 127 131 168 178
42 1 11 60 72 97 149 171
42 15 28 58 110 146 161
42 79 102 151 155 162 195
42 54 57 73 153 191
42 25 135 153 168
42 34 37 68 114
42 115 135 137 138
42 35 98 143 161
42 70 157
42 87 198
42 38 47
43 98 163 169 176 192
43 28 78 179 192 197
43 66 77 105 160
43 51 68 75 141
43 1 18 74 183
43 33 62 197
43 55 112 190
43 16 81 116
43 20 29 188
43 31 46 185
44 38 42 72 127 168
44 58 83 107 116
44 140 142 169 179
44 13 162
44 55 179
45 32 42 47 66 163 174
45 12 26 119 122 145 192
45 77 84 100 113 152 181
45 45 92 102 151 186 191
45 1 72 154 171 182
45 81 95 131 180
45 69 116 179
46 96 110 112 146 155 162 186
46 12 89 92 116 145
46 3 34 128 158
46 25 58 84 182
46 32 54 63 126
46 13 42 87 126
46 29 45 62 191
46 157 181 199
46 118
47 9 16 27 113 127 181
47 5 167 170 171 178
47 13 57 140 189 197
47 12 65 73 146 172
47 19 142 161 169
47 29 121 161 197
47 77 83 113 195
47 10 52 171
47 74 114 139
47 92 143 176
47 25 32
48 2 79 114 161 199
48 24 95 134 169
48 91 149 163
48 140 162 168
48 33 75 128
48 23 103 146
48 62 64
48 76 176
48 186 197
48 85 169
48 8 37
49 15 39 116 126 129 144 161
49 9 13 83 117 146 151
49 12 67 83 84 192
49 57 68 148 152 153
49 21 44 65 83 98
49 44 58 148 194
49 19 94 156
49 50 59 113
49 59 186
49 3 26
50 4 22 26 69 91 92 98
50 67 93 110 114 148 185 190
50 22 40 69 117 185
50 119 121 142 149
50 2 37 56 73
50 36 50 133 142
50 14 103 158
50 35 52 118
51 10 13 25 33 66 85 91 103 149
51 8 26 28 101 105 139 150
51 33 87 99 155 188 194 197
51 17 26 109 197
51 27 35 132 188
51 47 50 104 154
51 54 109 132
51 123 167 199
51 42 130
52 1 33 98 141 168
52 2 72 105 142 194
52 24 32 44 47 186
52 37 94 99 111 189
52 114 173 178
52 58 115 119
52 43 97
53 44 62 67 69 90 117 119 132 141 196
53 5 60 75 130 137 162 187
53 39 67 68 75 121 145 198
53 69 96 101 106 143 168
53 3 56 65 106 154 183
53 11 29 122 152 167 188
53 16 39 40 143
53 8 112 149 162
53 3 69 93 154
53 0 35 72 99
53 33 57 96 104
53 71 131 181
53 19 85 86
53 39 88 129
54 20 58 83 89 142 161
54 115 146 174 184 191
54 49 108 112 127 174
54 84 94 101 150 191
54 81 99 116 134 176
54 11 46 116 148 197
54 16 59 155 161
54 16 119 130 199
54 67 71 123
54 48 125 154
54 17 55
54 81 146
54 28 135
55 12 13 36 38 103 105 167
55 24 73 88 106 118 162 168
55 16 98 120 135 149 170
55 18 104 127 156 166 198
55 5 64 152 175 194
55 54 112 133 144 196
55 56 115 119 197
55 79 94 157 184
55 40 126 181 191
55 22 67 68
55 169 181
55 27 140
56 14 20 36 69 79 90 107 115 129 136 172
56 10 21 32 71 96 134 174 187 192
56 10 13 78 89 95 154 185 193
56 25 36 125 150 176 182
56 9 42 77 88 163
56 10 42 103 104 168
56 31 87 107 137 139
56 19 44 75 162
56 10 66 121 159
56 30 70 86 160
56 83 84 171 193
56 0 3 28 185
56 27 139 166
56 140 199
56 65 164
56 50 63
57 34 62 69 81 95 151
57 79 100 153 179
57 45 51 114
57 52 84 183
57 71 107 137
57 5 180
57 78 159
57 106
58 3 32 115 120 136 154
58 5 34 50 85 100 192
58 12 18 51 119 142
58 1 41 45 148 159
58 18 27 42 129 149
58 3 43 125
58 41 96 119
58 149 161 165
58 75 121 171
58 26 144 168
59 0 27 91 110 141 152 158 168
59 24 48 59 95 133 135 166
59 8 26 61 74 119 124
59 61 146 161 183 189 190
59 36 77 105 107 127
59 27 51 58
59 164
59 42
60 104 135 149 170 186
60 15 54 63 164
60 12 13 102 153
60 108 168
61 6 22 42 69 128 156 158 178
61 76 104 107 163 173
61 52 103 147 163
61 108 139 169 177
61 13 181 191 195
61 111 161 172
61 60 93 195
61 92 193
61 27 198
61 58
62 23 71 85 92 100 110 173 185
62 26 61 71 119 127 146 149 162
62 51 52 56 67 78 89
62 13 17 35 82 116 161
62 25 103 112 166
62 20 106 128 183
62 72 109 110 184
62 0 6 65 136
62 11 18 30 83
62 26 175 177
62 3 103 114
62 23 151
62 43 133
63 15 93 122 141 173
63 9 64 89 167
63 32 48 157
63 66 79 199
63 33 83 129
63 52 168 175
63 50 171 187
63 36 97
63 12 86
63 193
63 107
64 45 50 56 77 105 183 194
64 32 56 67 78 92 138 197
64 10 46 51 58 139 148
64 90 129 147 161 168
64 6 32 94 191
64 8 82 108 179
64 2 96 177 198
64 57 74 133
64 107 144 174
64 44 105
65 0 30 83 84 129 170 182
65 29 49 51 87 99
65 28 71 104 110 130
65 35 91 112 188
65 69 123 124
65 123 146 169
65 77 132 184
65 74 95
66 8 32 78 90 103 130 145 155
66 25 103 116 128 140 156
66 2 39 44 77 172 193
66 5 16 66 83 105 106
66 109 128 173 180 195
66 32 73 88 105 141
66 1 23 52 99 188
66 139 161 194
66 4 115
67 32 44 48 77 78 104 118 138 140
67 7 44 81 87 99 104 105
67 8 40 41 91 111 119 148
67 27 82 90 91 92 154 166
67 9 39 47 111 140 147
67 3 17 27 155 166
67 67 78 89 164 176
67 44 48 91 103 188
67 11 50 57 58 89
67 39 53 68 90 196
67 15 90 96 119
67 60 97 118 188
67 48 79 129 192
67 51 79 165
67 115 117 134
68 13 21 23 46 91 117 118 191
68 16 49 107 119 174
68 33 47 83 172 196
68 45 100 163 170
69 55 56 64 79 100 147 154 162 172
69 0 32 35 145 178
69 14 31 32 70 154
69 53 98 100 162 168
69 87 111 159 196
69 16 88 157 166
69 91 124 187 194
69 51 53 180
69 82 167 192
69 95 99 127
69 23 37 152
69 112 146
69 10 68
70 48 78 80 120 123 152 172 190
70 33 40 128 172 179 191
70 42 91 134 187 189 199
70 22 94 166 198
70 7 147 194
70 78 83 166
70 32 36 81
70 0 87 92
70 158
70 141
70 19
71 34 65 110 133 175 184 189
71 28 67 74 123 140 193
71 30 45 66 93 113
71 29 31 70 158 173
71 84 88 126 137
71 0 144 173 183
71 44 69 120 134
71 99 169 198
71 171 197
71 28 47
72 51 59 76 77 92 158 193
72 16 82 88 110 168 172 194
72 37 47 91 123 142
72 53 73 153 164 172
72 99 133 192 197
72 73 77 101
72 20 148 181
72 10 159
72 28 178
72 31 67
72 183
73 28 74 143 174 183
73 6 94 139 169 196
73 48 168 171 181 190
73 4 9 162 193
73 39 123 160
73 4 180 199
73 10 82 189
73 54 156
73 28 173
73 5 9
74 33 39 56 74 90 93 126 153 198
74 9 64 80 124 156 160 163
74 13 51 93 120 136 155
74 16 21 45 82
74 62 112 123
74 14 80 157
75 5 25 32 38 42 44 163 169 180
75 15 49 66 120 125 150 177
75 64 135 144 171 190
75 11 23 49 80 155
75 16 19 84 113 129
75 131 167 174 181 197
75 70 89 105 170 180
75 0 14 50 69
75 2 68 189
75 17 131 166
75 67 151 184
76 22 28 43 69 108 124 146 188
76 33 54 109 136 152 162 185
76 74 109 127 146 164 189
76 72 106 119 147 173
76 5 43 82 160
76 57 76 110 196
76 20 36 103 154
76 6 95
76 41 109
76 84 167
76 1
77 23 46 70 136 139 151
77 17 39 41 63 158 180
77 11 73 107 178
77 45 49 172
77 9 24 148
77 56 92 97
77 104 105 119
77 87 149 195
77 9 113
78 14 42 61 120 125 159 169 186
78 0 13 20 57 106 166 188
78 1 86 97 110 132
78 4 17 123 139 186
78 18 20 41 141 198
78 5 37 59 119 193
78 38 76 126 174 181
78 31 46 49 187
78 42 84 90 176
78 51 145 153 183
78 104 124 183 186
78 21 40 124 125
78 6 69 132 170
78 26 92 149 181
78 27 96 100
78 100 107 155
78 12 69 85
78 132 179
79 18 58 109 138 144 199
79 10 62 84 146 158 174
79 3 42 43 94 106 181
79 17 23 32 107 113 124
79 34 43 45 94 179
79 2 71 91 196
79 21 48 57 69
79 80 119 135 183
79 3 50 152
79 0 10 59
79 154 179
80 16 24 51 59 86 97 146 168 192
80 35 50 119 141 181 192 197
80 7 110 130 156 184 196
80 11 32 54 108 128
80 4 30 94 166 176
80 26 88 96 164 176
80 68 135 171 190
80 53 99 102
80 110 132 134
80 131 134 176
80 61 105 188
80 94 150
80 96 151
80 40 57
80 108 129
81 14 39 57 110 120 199
81 8 39 84 109 151 169
81 25 62 125 140 166 187
81 9 34 57 92 100 112
81 0 9 78 118 149 177
81 30 78 140 162 191
81 1 35 129 146
81 81 82 121 151
81 26 122 130 135
81 1 64 70 136
81 86 127 138 142
81 81 131 142 198
81 9 25 134
81 63 92 118
81 24 53 90
81 15 87 138
81 82 95 198
81 33 37 87
81 52 135
81 35 110
82 31 85 90 103 154 171
82 108 125 133 167 190
82 80 119 127 131
82 14 66 74 101
82 32 52 96 191
82 80 129 157
82 1 26 103
82 6 76 99
82 55
83 12 13 30 33 78 85 142
83 22 130 137 157 192
83 37 56 96 132 175
83 53 100 115 124 193
83 69 106 128 191
83 41 80 83
83 64 118 126
83 117 165
83 4 77
83 87 93
83 22
84 7 77 116 165 194
84 2 7 106 130 146
84 11 12 51 158
84 33 109 122 124
84 25 92 159 195
84 1 12 17 169
84 81 88 145 185
84 29 98 101 146
84 25 71 119
84 77 141 190
84 23 190 196
84 82 113 148
84 27 112
85 0 6 99 138 165
85 31 73 122 144 190
85 17 32 117 154 161
85 61 142 165 190
85 37 63 82 105
85 183 188 196
85 7 79
85 48 185
86 27 28 71 111 129 144 154 170 184
86 28 100 130 159 168 172 195
86 45 55 82 84 117 154
86 62 74 76 139 156 169
86 48 84 118 165 191
86 53 74 152 164
86 16 104 143
86 2 95 194
86 3 22 141
86 42 65 98
86 61 75 113
86 38 134 189
86 77 155
86 38 80
86 184
86 42
87 33 58 85 114 153 158 164
87 47 122 126 149
87 20 173 199
87 37 101 161
87 94 145 158
87 37 93
88 39 42 74 82 89 164
88 0 53 83 86 117
88 0 23 66 85 115
88 1 57 106 168 188
88 52 90 176 179
88 47 64 107 169
88 49 152 156 166
88 54 85 143 188
88 9 64 183 188
88 11 116 181
88 5 55 56
88 1 35 176
88 83 91
88 108
89 83 176
89 123
90 31 46 52 76 89 111
90 40 62 109 118 156
90 118 129 169 175
90 11 71 82 94
90 28 102 113
90 7 72 179
90 49 157 168
90 55 78 111
90 17 100 127
90 83 178
91 11 26 58 125 191 194
91 36 80 92 94
91 70 106 137 175
91 44 51 150 173
91 20 40
91 26 49
91 168
92 19 35 50 88 123 145
92 68 93 103 153 159 180
92 15 48 51 144 193 199
92 43 47 58 139 193
92 33 82 87 120 186
92 7 27 32 95 182
92 15 45 51 89 160
92 6 75 127 151
92 42 121 187 193
92 16 141 183
92 130 159 182
92 8 151
93 2 8 27 67 75 79 116 185
93 22 31 62 77 132 173
93 35 43 74 84 188
93 11 114 122 131 146
93 64 71 85 93
93 58 85 182
93 139 147
93 22 144
93 12
94 5 51 96 144 196
94 16 23 52 95
94 56 98 146 186
94 15 56 153 195
94 65 88 142
94 46 49 172
94 90 180
94 28 169
94 171
94 47
94 24
95 59 95 104 117 140 153 182
95 24 42 74 146 150 185
95 28 62 76 141 162
95 12 30 50 93 173
95 58 80 128 150
95 23 36 85 174
95 6 105 154 160
95 0 9 53 144
95 62 131 171 192
95 18 115 196
95 95
96 15 53 74 84 115 129 147 148
96 39 53 79 134 138 158 162
96 5 54 98 115 177 184 189
96 4 67 151 154 161 195
96 12 46 50 154 169
96 42 44 67 132 135
96 36 46 68 142 181
96 16 26 74 168
96 73 100 114 128
96 61 97 182
96 92 124 148
96 106 145 185
96 155 188
96 36 47
96 5 167
97 0 35 103 120 130 165
97 9 73 93 110 153
97 90 137 159 182
97 100 116 121 126
97 0 45 106
97 145 152 163
97 33 146 148
97 45 77 190
97 188
98 80 87 89 101 132 135 158
98 7 23 56 88 99 170 193
98 41 75 92 118 166 182
98 35 53 74 120 143 160
98 40 84 110 122 167
98 47 107 129 151 195
98 7 9 78 153
98 6 79 120 140
98 128 161 170 195
98 40 97 155
98 155
99 7 13 77 123 184
99 22 104 135 162 189
99 72 135 136 143 192
99 15 74 121 129
99 2 33 192
99 17 102 148
99 15 24 83
99 173 189
99 83 128
100 21 27 42 60 68 177
100 76 146 153 160 162 168
100 27 37 53 102 160
100 82 85 103 134
100 9 49 103 186
100 15 80 98 126
100 100 165 179
100 36 49 140
100 7 136
