200 1000
1 21 68 75 127 159
1 91 139 177 195
1 2 63 104 154
1 34 89 119
1 44 63 108
1 50 75
1 126
2 0 11 13 73 79 116 133 134 177
2 28 35 39 46 65 123 193
2 16 40 126 167 176
2 59 130 144 159 180
2 15 71 117 146
2 53 128 133
2 78 107 184
2 21 94 131
2 12 13
2 76 112
3 18 26 36 69 167 169 180 194
3 11 20 72 73 87 178
3 12 61 68 103 108
3 7 9 38 164 191
3 91 118 133 138 195
3 6 42 53 175 184
3 73 148 154 194
3 17 98 166 170
3 66 118 165
3 47 48 89
3 75 92 146
3 126 147 193
3 62 98 126
3 61 69 101
3 157 189
4 3 63 130 175 197
4 37 68 149 173 186
4 2 33 70 93 172
4 2 16 171
4 31 154 199
4 105 144 173
4 1 93 120
4 8 119 150
4 99 103
5 15 23 27 34 42 76 101 145
5 24 63 116 135 141 166 181
5 23 38 48 65 107 108 177
5 10 36 52 69 90 162
5 5 29 40 54 87 109
5 34 51 61 65 170 184
5 67 82 130 140 141 168
5 19 40 41 127 190
5 28 42 173 195
5 1 90 110 188
5 140 157 164
5 37 90 172
5 26 89 155
5 126 151 194
5 15 181
6 17 53 88 100 159 178
6 34 106 149 195
6 23 32 181 183
6 5 93 162
6 108 129 159
6 64 137 175
6 45 94 163
6 31 127
6 61 195
6 70 177
7 25 67 95 102 129 139
7 31 45 62 70 176
7 11 54 69 129
7 101 129 150 187
7 31 152 167 198
7 17 144 187 196
7 3 46 119 133
7 44 73 136
7 26 47 74
8 79 110 128 132 183
8 9 10 73 128 139
8 15 21 46 63
8 1 9 140 153
8 13 63 93 187
8 22 24 59
8 4 7 88
8 44 105 126
8 13 33 52
8 24 144
8 38
9 34 87 118 136 142 165
9 16 85 144 165 183 191
9 13 48 69 70 92
9 14 23 88 162 178
9 70 87 102 187
9 40 125 149 180
9 27 73
9 99 129
9 37 39
9 11 169
9 136
10 2 7 10 27 46 53 70 90 92 133 184
10 35 156 158 176 188 194 198
10 39 48 62 114 138 187
10 40 44 54 81 131 172
10 19 46 62 164 173
10 95 96 120 121 184
10 24 88 103 154 161
10 8 19 55 59 89
10 39 107 164 170
10 16 51 75 138
10 31 82
10 18
11 67 97 122 125 157 176 187
11 5 36 107 122 169
11 18 78 156 163
11 17 146 155 169
11 1 61 182
11 37 81 181
11 0 82 138
11 159 176
11 121 190
11 69 137
11 196
12 9 47 83 98 106 152 176
12 19 45 66 110 152 156
12 19 59 62 143 199
12 23 91 108 132 180
12 18 52 60 120 175
12 81 147 168 199
12 0 124 161 166
12 31 40
13 33 41 42 61 89 170
13 45 91 103 139 188
13 1 4 5 67 78
13 41 85 128
13 48 144 164
13 37 161
13 45 71
14 39 123 132 135 147 199
14 12 14 82 173 197
14 5 35 56 88
14 46 82 104 123
14 74 123 195
14 129 154 165
14 39 79 181
14 75 142
14 47
14 7
15 6 65 89 112 129 133
15 107 113 121 164 171 184
15 76 146 155 168 191
15 93 129 160 186
15 4 21 143 177
15 58 64 68
15 51 58 157
15 4 29 69
15 156
16 21 24 130 132 160 177 184
16 1 48 67 68 79 112 115
16 38 71 138 157 173 194
16 57 86 159 170 171
16 11 93 101 102 135
16 18 49 84 101 189
16 3 15 172 175
16 79 125 162 185
16 6 138 149 186
16 124 134 152
16 6 141 159
16 121 140 185
16 2 12 69
16 124 160
17 27 45 61 141 155
17 18 50 83 110 144
17 6 14 40 135
17 82 85 117 123
17 14 19 98 158
17 9 91 114 124
17 43 116 166
17 69 107 149
17 17 73 141
17 35 84 86
17 6 110
17 94 104
17 16 43
18 4 43 74 77 86 129 140 145 175 197
18 32 43 47 80 119 152 153 163 182
18 29 46 69 127 132 137 143 179
18 7 90 93 117 125 166
18 3 10 20 38 63 100
18 0 63 94 154 191
18 18 25 100 144 153
18 6 65 73 86 88
18 78 114 118
18 23 111 136
19 7 20 69 112 164
19 22 50 83 120 195
19 29 33 72 132
19 36 165 167 171
19 1 37 111
19 36 84 121
19 189 197
19 30 97
19 17 40
19 11 94
19 110 129
19 122
19 8
19 99
20 1 3 34 39 66 179 199
20 0 50 96 132 199
20 78 91 97 110 162
20 42 102 122 138 194
20 56 72 86 165 186
20 3 11 31 134
20 61 116 128
20 116 132 141
20 156
20 83
21 17 65 103 111 178
21 30 85 90 152
21 1 31 55 73
21 61 62 106 130
21 74 123 191
21 138 180
22 4 64 67 91 99 108 151 165
22 50 59 67 121 136 182
22 96 112 156 174 182
22 35 58 59 119 154
22 43 73 116 117
22 29 105 119 190
22 26 69 178
22 52 166 193
22 43 160 185
22 146 156
23 14 22 35 71 108 123
23 54 58 75 146 163
23 46 121 143 150 170
23 29 67 117 136
24 14 36 43 62 87 105 129
24 16 23 47 74 137 179
24 4 8 58 85 108
24 33 35 75 152 167
24 32 35 127
24 83 90 164
24 44 132
24 17 54
25 17 61 62 106 113 118 150 181
25 39 63 70 83 115 167 195
25 23 25 54 64 90 177
25 19 22 124 178 185
25 44 86 116 121 185
25 8 44 62 69 79
25 10 81 97 112
25 16 100 137 139
25 17 57 177 194
25 27 64 67 108
25 60 81 125
25 81
26 13 20 73 176
26 25 26 155 165
26 29 34 36 66
26 77 87 146 184
26 58 112 118 119
26 3 153
26 1
27 45 94 159 170
27 13 100 131 137
27 20 53 73 79
27 35 80 95 123
27 43 45 178
27 67 132 138
27 141 143 185
27 15 18
27 14 123
28 72 79 82 136 167 169 182
28 27 52 121 128 136
28 129 134 158 164 166
28 0 12 26 81 91
28 28 74 79 125
28 50 78 113 151
28 9 75 96 157
28 15 89 162 195
28 22 33 51 131
28 7 54 77
28 12 49 108
28 70 117
28 33 128
28 5 199
29 8 10 43 70 76 85 91 119 194
29 31 90 112 164 191 193
29 5 25 53 63 119 169
29 40 63 96 187
29 33 109 174
29 0 33
29 56 62
29 54 92
29 117 177
29 89
30 1 70 73 88 174 194
30 20 26 66 130 141
30 6 43 147 173 192
30 4 137 171 176
30 15 42 94 167
30 3 45 60 96
30 19 36 99
30 2 40 151
30 10 115 132
30 33 34 153
30 32 74 76
30 101 122
30 25
31 27 54 98 113 114 175 178
31 6 33 40 52 74 135 196
31 29 51 101 121 127 157
31 21 68 91 98 100 177
31 6 60 149 156 177
31 15 174 182 184
31 33 83 162 166
31 43 148 161 186
31 18 91 148 175
31 1 160 196
31 75 150 189
32 19 22 45 103 112 149
32 46 86 96 162 175
32 22 43 88 103
32 38 118 144 167
32 131 144 170 199
32 1 97 180
32 26 40 106
32 149 160 183
33 18 50 106 125 130 172
33 23 45 70 72 149
33 38 102 148 186
33 34 96 129 151
33 143 144 155
33 81 165
33 23 84
34 9 27 36 123 128 179
34 41 58 89 112 142 195
34 84 113 147 163
34 12 87 101 177
34 29 61 125
34 18 55 195
34 11 33 111
34 5 48 196
34 70 153 159
34 89 133
34 70 163
34 17 77
34 5 8
34 128
34 70
34 3
35 30 51 61 179 190
35 27 33 143 152 180
35 16 25 86 107 194
35 109 113 130 145 184
35 61 62 119 178
35 3 15 108 182
35 61 78 88
35 14 150 173
35 59 98 109
35 22 177 180
35 119 162 181
35 179 185
35 90 102
36 4 32 53 76 79 197
36 9 37 84 115 119
36 29 54 89 135
36 42 59 62 72
36 4 40 68 160
36 45 76 162 167
36 71 162
37 1 25 43 49 88 123 125 126 133 162
37 3 16 36 37 91 134
37 36 96 144 149
37 24 41 105
37 37 155 197
37 57
37 66
37 36
38 29 30 53 99 107 110 118 123 134
38 2 28 38 45 47 77 146 151
38 89 115 146 191 198
38 60 121 150 156 196
38 79 138
38 129 142
39 29 67 96 120 121
39 46 88 89 181
39 58 96 169 195
39 9 97 154
39 21 125
39 148 194
40 64 67 126 134 154 180
40 48 55 57 92 98 139
40 12 20 79 108 158 171
40 1 9 36 39 164
40 5 141 183 193
40 43 111 198
40 14 20 193
40 36 103 148
40 50 88
40 111 186
40 1 27
40 10 105
40 29
41 4 17 39 120 125 156
41 32 45 50 151
41 21 46 52 150
41 149 157 195
41 54 80 117
41 80 160 168
41 24 66 105
41 28
42 31 49 51 96 97 117
42 1 69 117 118 134 198
42 35 36 145 151 185
42 5 87 105 190
42 81 152 168
42 20 108 151
42 41 143
42 136
43 26 27 39 83 111 159 176
43 14 30 48 60 91 132
43 4 26 167 193 198
43 3 4 162 176 183
43 17 39 149 184
43 5 45 126 136
43 67 78 119 184
43 23 37 98 112
43 31 42 114
43 13 59 132
43 38
44 28 51 64 107 113 160 190
44 6 10 150 180 191 196
44 10 14 17 36 100 119
44 56 80 104 156 161 179
44 51 93 122 140 145
44 3 93 118 135 159
44 1 42 77 106 108
44 30 97 113 193
44 3 43 48 150
44 0 107 148
44 23 55 167
44 75 83 152
44 39 50 130
44 182 198
44 83 146
45 57 64 80 99 132 139 159 195
45 29 37 59 79 123 193
45 6 46 141 184 190
45 89 116 124 133 180
45 41 112 147 185
45 24 29 58 65
46 14 40 55 56 79 98 128 131
46 6 29 48 76 105 123 160 167
46 10 42 68 70 83 151 190
46 35 54 72 130 161 179 184
46 49 92 105 183 195
46 68 74 83 91
46 1 24 93 121
46 94 124 152 165
46 11 25 75 138
46 41 78 193
46 10 62 111
46 108 168
46 65
46 139
47 22 23 33 34 96 124 160 172
47 49 106 126 138 152 167 174 193
47 14 67 85 123 144 175 199
47 16 62 111 150 182 197
47 13 16 96 144 192
47 24 36 129 154 156
47 27 63 74 118
47 5 26 79 170
47 57 62 164
47 22 133 196
47 4 97 180
47 2 163 172
47 112 129
47 110 134
47 115 154
47 45 105
48 5 43 81 84 101 110 128 131 193
48 61 67 87 126 166 199
48 3 8 71 79 93 122
48 38 44 150 186
48 54 58 121 164
48 0 122 150 198
48 34 83 192
48 31 128 175
48 66 198
48 112 187
48 48 183
48 158
49 4 62 88 117 131
49 91 123 130 146 150
49 2 51 99 148
49 40 131 152 175
49 102 117 120 128
49 32 38 165
49 23 117 159
49 12 75 184
49 172 186
49 147 190
49 22
50 51 88 100 110 118 126 182 183
50 28 75 86 104 145 152
50 83 105 131 143 155
50 21 86 93 131
50 21 73 160 167
50 50 98 120
50 94 125 166
50 22 59 85
50 46 61 165
50 99 106 116
50 10 79
50 29 197
50 113
51 7 81 130 160 173 197
51 3 36 51 56 168
51 43 72 104 131 139
51 88 124 154 181
51 46 48 52 124
51 18 37 168
51 56 167 181
51 76 100 101
51 51 148
51 118
52 8 48 56 105 108 121 124 144
52 14 70 78 84 131 159 165 182
52 5 20 27 82 89 96 185
52 6 32 55 86 88 127 134
52 43 68 83 109 173
52 1 3 10 63 192
52 64 104 139 176
52 72 164 168
52 36 152
52 99 107
53 15 20 43 144 167
53 33 82 111 130 184
53 4 27 42 56 82
53 97 101
54 0 19 71 125 140 152
54 40 111 126 132
54 8 111 177 197
54 18 74 147
54 12 66 109
54 149 166 192
54 94
55 40 89 92 94 100 102 129 169
55 9 71 93 114 172
55 41 72 133 163
55 21 32 113
55 0 20 40
55 66 146 187
55 6 142 190
55 14 163 166
55 14 138
55 41
56 40 44 85 140 145 157 166
56 16 26 86 151 158 162 174
56 12 41 95 114 116 159
56 29 105 109 133 189 196
56 7 85 121 173 187
56 23 44 73 112 190
56 28 43 53 114
56 40 109 159 162
56 88 155 177 197
56 31 99 127 169
56 74 130 186
56 15 148 181
56 46 113
56 22 131
57 6 16 39 43 55 109 135 189
57 11 43 70 92 122
57 4 64 177 189
57 25 66 189 190
57 46 96 178
57 38 148
57 79 188
58 25 104 191 196
58 9 136 167 191
58 61 62 100
58 28 87 129
58 8 83 98
58 99 190
58 167 168
58 59 95
59 8 11 89 98 120 123 158 163
59 95 105 135 165
59 28 37 105 165
59 46 88 136 155
59 30 61 136
59 71 79 103
59 23 154
59 6 12
60 23 29 36 62 93 145
60 70 86 143 157
60 2 51 100 151
60 4 27 85 114
60 34 90 186 187
60 68 99 102 148
60 62 102 151 195
60 49 171 189
60 53 168 180
60 38 136 173
60 6 163
60 138 180
60 67 98
60 16 77
60 7 46
60 35
61 12 46 107 132 138 148 186
61 78 79 132 139 152
61 90 106 129 131 172
61 41 63 121 151
61 8 35 73 171
61 56 189 191 195
61 34 60 175 192
61 9 73 128 199
61 39 43 57 196
61 31 142 166 173
61 7 55 119
61 44 103 112
61 45 73 193
61 84 105 185
61 48 132
62 20 94 96 115 194
62 8 67 90 114 177
62 13 119 151 180
62 43 123 154 198
62 1 20 66 103
62 131 141 196
62 15 53
62 116 125
63 17 59 182
63 81 94
63 118 127
63 132
64 12 30 32 74 163 172
64 3 83 106 109 118
64 117 127 158 170 198
64 5 51 88 153 198
64 11 128 129 133 152
64 139 151 153 154
64 51 95 113 146
64 61 83 147
64 34 45 82
64 3 74 83
64 15 140
64 3 132
64 115
65 39 70 73 85 100 105 145
65 53 79 115 132
65 78 100 160 177
65 7 44 50 62
65 51 107 173
65 0 61 107
65 1 94 95
65 46 191
65 77
66 40 41 72 105 140 153 164
66 33 64 78 103 115
66 9 85 152 160 165
66 20 31 68 130
66 18 39 80 105
66 24 156 179
66 56 99 193
66 6 154
66 93 96
66 135 159
67 44 63 70 86 92 127 179
67 50 94 140 150 185 195
67 9 40 160 174 192
67 34 39 40 114 180
67 18 71 84 104 109
67 78 153 157 189
67 42 47 152 154
67 61 81 99 103
67 4 21 81 95
67 6 113
68 26 46 47 102 109 151 190
68 1 10 13 70 75 150
68 86 110 135 136 139
68 24 25 121 141
68 28 33 79 152
68 22 43 69 189
68 17 27 72 126
68 53 95 118 178
68 40 67 151
68 19 153
68 35
69 15 56 102 150 199
69 4 132 138 148
69 101 132 167
69 119 139 191
69 161 167 180
69 8 64
70 23 41 55 63 67 81 95 183 184
70 79 95 109 114 194 195
70 40 44 52 130 174
70 67 70 155
70 42 135 183
70 21 65 160
70 41 131
70 157
71 7 14 17 39 56 102 148
71 118 123 128 132 147 182
71 1 37 105 146
71 22 89 105
71 60 75 156
71 120 189 199
71 57 104 154
71 82 139
71 115 169
72 6 76 80 85 93 106 133 197
72 29 46 73 96 126 142
72 0 8 25 185 191
72 3 29 79 101 118
72 6 50 57 93 147
72 130 148 154 167
72 59 169 187 197
72 62 93 98 184
72 2 11 188
72 169 188
72 43 129
72 36 94
72 36 60
72 20 169
72 51 70
73 31 47 50 55 84 142 150 176
73 12 18 34 121 140 141 162 197
73 1 9 31 116 145 153
73 2 47 79 133 139
73 2 76 145 187
73 7 129 146
73 16 151 182
74 7 22 57 72 107 188
74 15 50 175 191
74 1 14 49 189
74 8 12 72 185
74 95 143 149 167
75 41 59 67 113 149 175 182
75 107 135 172 178 184 198
75 2 65 68 74 121 183
75 45 70 83 124 154
75 32 59 83 161 189
75 90 108 143 151
75 2 26 28 46
75 147 165 172 198
75 17 32 135
75 59 197
75 73 158
76 3 24 53 69 88 121 123 169
76 32 47 111 114 120 130
76 43 119 160 184 190
76 13 32 92 140 148
76 5 8 25 107
76 50 61 67 139
76 19 60 171 192
76 77 121 195
76 150 172 185
76 182 192 194
76 22 38 183
76 45 78 98
76 81 131
76 14 75
76 44 154
77 1 9 42 79 81 134 162
77 19 42 63 73 89 147 154
77 13 14 106 142 163 172
77 5 16 120 139 174 194
77 80 99 133 148 162
77 8 82 100 137 147
77 93 97 136 147
77 0 62 141 172
77 24 53 142 190
77 117 148 167 169
77 17 157 172
77 143 182
78 0 93 136 148 153 174 184
78 26 53 127 139 144 183
78 88 113 117 186
78 92 136 188
78 115 131 137
78 91 185
78 7 33
79 6 49 53 63 75 105 127 162
79 79 84 103 156 185
79 62 78 177 196
79 21 136 179 194
79 92 143 179
79 28 43 138
79 26 100 174
79 17 198
79 8 115
79 13
80 51 89 102 167 168 199
80 1 73 79 129 186 193
80 0 15 39 57 69
80 29 142 150 180 183
80 3 10 34 43 104
80 73 169 184 188
80 87 109 113 172
80 42 69 153 186
80 42 60 140 159
80 33 74 186
80 24 29 97
80 89 113 144
80 18 73 77
80 44 52 160
80 60 175
80 31 156
81 4 30 31 40 61 128 145 199
81 63 102 127 128 150 165 171
81 2 47 49 73 175 186 193
81 15 19 42 118 138 174 177
81 7 15 28 75 164 190
81 42 59 132 152 177 182
81 7 28 36 108 110 164
81 23 35 43 116 167
81 50 107 128 171 192
81 4 21 120 164
81 80 81 96 153
81 34 68 189
81 10 97 187
81 85 118
81 68 191
81 12 14
81 25 171
81 178
82 8 12 39 49 98 115 191
82 70 76 119 159 169
82 19 93 172 194 198
82 2 107 113 127 146
82 52 60 135 196
82 42 63 148
82 49 163 172
82 45 126 171
82 37 113 139
82 67 88
82 75 128
82 123 129
83 10 16 48 64 66 78 84 174
83 6 8 47 49 65 117 121
83 24 90 105 178 186
83 22 135 139 152
83 78 139 184 195
83 20 32 118 194
83 91
84 60 74 86 102 129 140
84 3 83 107 156 179 191
84 6 37 140 142 151
84 22 42 103 129
84 9 29 172
84 13 65 159
84 8 73
84 61
85 10 41 66 97 102 114 161
85 105 187 191
85 23 140 189
85 16 52 153
85 131
86 17 44 85 89 116 131 136 140 143 156 161
86 5 44 64 135 159 163 171
86 0 31 46 99 164 167 199
86 2 68 89 100 150
86 152 158 159 161
86 59 71 73 143
86 0 20 136
86 33 123
87 18 37 47 57 86 127 129
87 58 63 100 122 146 157
87 89 106 142 150 162
87 40 96 116
87 6 43 154
87 116 118 192
87 90 183
87 17 85
87 97 182
88 54 106 131 157 165 169 170
88 2 51 77 106 180
88 47 91 124 146 174
88 60 86 107 179
88 28 76 123 193
88 8 126 153
88 14 114
89 30 37 58 140 171 186
89 43 49 70 90 167
89 2 9 31 61 84
89 103 124 136 167 189
89 7 114 123 167 178
89 94 109 133 175
89 99 113 154 160
89 59 91 156 177
89 78 143 195
89 107 137
89 127 156
89 54 139
89 137
90 15 40 71 76 91 94 145 166
90 8 24 51 54 93 99 111
90 77 89 132 164 182
90 14 41 46 174
90 34 42 71 72
90 32 68 149
90 3 29 167
90 79 174
90 6
91 36 155 170 173 195
91 43 56 61 68
91 55 156 163
91 84 116
92 14 23 67 94 97
92 40 72 159
92 30 45 196
92 107 119 192
92 95 175
92 72 90
93 6 50 75 134 182 184
93 8 21 92 109 188
93 27 84 103 174
93 4 26 41 101
93 123 126 161
93 98 131 174
93 80 84 130
93 119 147 166
93 22 175 187
94 13 29 37 46 94 101 102
94 22 36 45 101 144 157
94 52 126 150 170 184 195
94 2 11 48 131 147
94 28 33 36 122 144
94 3 31 69 116 184
94 14 28 57 76 170
94 24 57 106 163 196
94 45 124 130 133 156
94 10 143 146 166
94 9 46 195
94 64 143 161
94 38 72 193
94 129 144 176
94 32 93 129
94 41 87
95 0 59 100 122 153 171
95 5 56 65 105 158
95 15 51 64 196
95 63 114 149 156
95 6 59 64 97
95 20 23 122
95 34 145 196
95 88 161
95 4 60
95 21 28
96 8 12 43 45 63 98 157
96 35 39 64 71 98 119 135
96 55 87 94 103 118 124
96 43 70 98 167 176
96 66 175 178 190
96 41 44 129
96 43 73
96 76
97 56 112 157 161 179 186
97 39 89 108 151 152 187
97 60 111 116 143 160
97 2 52 188
97 45 163 173
98 36 74 133 139 151 175 188
98 71 79 172 178 182 193
98 69 86 140 150 172
98 20 91 159 184 194
98 19 102 109 168
98 30 147 161
98 131 144 191
98 23 178
99 20 28 87 131 166 182 189 196
99 2 5 125 140 155 187 188
99 60 82 89 106 128 146
99 4 114 117 135 167 193
99 45 81 93 128
99 49 130 173
99 13 49 148
99 46 56 105
99 10 61 150
99 31 73
99 110 173
99 2 158
99 24
100 2 57 89 105 150 156 185
100 1 3 59 73 76 175
100 47 67 85 87 101 188
100 80 83 91 143 164 185
100 1 38 54 78 180
100 56 68 80 90 176
100 62 89 96 140 154
100 11 55 123 157 173
100 33 78 108 161 181
100 7 81 184 199
100 127 136 137 138
100 50 155 160
100 45 112
