200 1000
1 100 104 110 118 178 188
1 29 46 113 120 155 179
1 21 104 110 138 166 181
1 14 22 98 121 126
1 14 26 90 174 177
1 17 30 95 132 144
1 1 2 7 16
1 9 61 113
1 21 141 163
1 58 117
1 94 130
2 63 102 107 111 164 174
2 62 66 132 141 164 175
2 37 47 50 62 63 125
2 47 71 95 103 194
2 11 20 82 122 140
2 25 38 172
2 59 157
2 19 112
3 0 24 28 31 44 112 153 162
3 2 7 60 129 149 156 175
3 23 159 179 199
3 76 114 125
3 6 31 157
3 8 194
4 15 22 47 129 135 195 199
4 35 52 88 114 139
4 117 144 158 179
4 13 17 120 190
4 48 63 88 124
4 57 96 159
4 8 45 186
4 55 114
4 82 132
4 46 98
5 10 43 116 140 174 178
5 94 138 173 176
5 22 129 142 185
5 41 48 90 186
5 58 67 99
5 136 163
6 10 58 101 141 175
6 11 95 99
6 87 178 180
6 39 76
6 74 199
6 54
6 62
7 1 39 56 146 170 179
7 32 33 49 107 168 187
7 6 29 44 45 113
7 11 14 30 86 187
7 70 74 119 137
7 38 122 138 180
7 79 193 197
7 62 74 101
7 63 128 148
7 83 87 188
7 41 142 186
7 65 127
7 53 56
7 112 140
8 24 26 57 69 76 85 94 107 126 185
8 64 94 122 138 152
8 13 111 145 157 188
8 15 88 119 130
8 45 70 87 188
8 2 93 111 184
8 126 149
8 59 144
9 23 24 37 50 65 69 106 198
9 26 58 95 139 140 141 170
9 20 32 87 119 124
9 12 16 23 115
9 27 82 109 186
9 85 162 172 195
9 11 33 115
9 71 135 141
9 21 98 150
9 20 96 119
9 51 75 172
10 12 31 92 106 109 133 140 196
10 4 28 52 53 65 101 149
10 51 101 102 133 147 173 191
10 46 54 63 72 81 135 193
10 38 113 126 147 165 171
10 5 46 71 132 174 176
10 9 136 145 173 187
10 6 126 152 160 162
10 27 114 149 175
10 79 182 191
10 33 60 79
10 129 135 181
10 60 147 197
10 0 85 131
10 67 84
10 150 158
10 0 50
10 134 197
10 129
11 2 103 131 151 153 162 170 191
11 17 23 43 138 163 184 199
11 20 62 111 126 128
11 26 43 92 109 182
11 8 67 78 116
11 26 41 135 180
11 97 180 189
11 39 44 149
11 44 91
12 1 18 34 48 61 83
12 21 75 110 112 190
12 15 60 62 116 122
12 8 60 106 176
12 44 57 158
12 87 98 125
12 29 62 112
12 62 69 153
12 191
12 87
13 48 114 132 149 168 169 176
13 5 28 90 169 189
13 14 26 51 81 165
13 47 66 99 152
13 123 138 154 196
13 9 33 61 173
13 135 182 189
13 66 79 101
13 37 123 191
13 198
14 2 71 95 141 187 191
14 22 48 58 73 77 88
14 8 32 77 78 171
14 21 44 97 158 191
14 97 120 166 178 194
14 60 71 129 180
14 28 67 117
14 11 62 129
14 27 91 97
14 145 153 192
15 7 26 50 106 164 173 192
15 38 58 69 172 185 191
15 30 43 50 150 169
15 8 20 56 91 173
15 26 53 110 146 163
15 42 63 146 192
15 31 70 89 97
15 40 100 191
15 81 176 185
15 115 122 129
15 76 107
16 20 43 60 87 125 170
16 7 115 142 159 160
16 2 26 72 138 182
16 10 32 102 125
16 21 45 85 110
16 37 65 136
16 60 92 199
16 17 84 92
16 39 80
16 6 130
16 39 70
17 15 25 49 60 120 185
17 23 29 143 153 193
17 7 111 170 180
17 30 71 72 132
17 74 117 123
17 128 160 161
17 1 86
17 83 183
17 8 131
17 100 138
18 32 37 38 78 83 99 153 168
18 12 13 22 36 98 100 109
18 35 51 98 113 141 170 199
18 2 49 84 85 148 162
18 85 125 131 188
18 32 76 183 199
18 64 66 157 199
18 36 117 191 194
18 43 56 112
18 30 127 137
19 47 73 91 142 150 194 195
19 18 90 102 119 126 181 194
19 51 70 122 155 179
19 35 56 88 145 191
19 7 23 102 115 193
19 9 21 46 83 104
19 79 130 169 170
19 90 116 186
19 56 131
19 24 191
20 45 76 82 108 120 166
20 43 96 128 140
20 52 159 190
20 49 66 149
20 27 59 182
20 6 121 159
20 13 60 103
20 36 90
21 5 29 58 190 191
21 42 104 116 173 194
21 8 23 37 195
21 17 29 58 76
21 4 34 179
21 16 75 102
21 160 179 186
21 64 141 177
21 30 35
21 6 11
22 8 10 16 111 134 138 152
22 12 30 107 172 183
22 10 18 53 154
22 6 90 95 97
22 4 166 174
22 96 113 130
22 0 46
22 93 112
23 14 29 162 174 175 182
23 32 72 73 115 189 190
23 64 82 88 101 103 120
23 71 96 128 151
23 0 5 89 122
23 22 162 185
23 5 154 184
23 15 34 63
23 1 55 157
23 7 117
24 51 58 90 98 153 159
24 54 124 136 137 151
24 10 43 69 178
24 21 119 173 183
24 92 122 145
24 28 43
25 10 14 46 49 118 170
25 37 51 106 132 178
25 47 83 137 187 194
25 36 100 122 165
25 24 32 134 140
25 54 97 141 157
25 76 87 156
25 124
26 7 28 50 61 69 155 167 169 178
26 34 87 91 101 196
26 12 32 61 136
26 55 90 136
26 120 175 187
26 41 86 187
26 14 94
26 46 63
26 61 128
26 90 125
26 103 192
27 18 116 149 175 177
27 156 172 179 188
27 6 39 65 144
27 11 59 133 185
27 14 116 149
27 2 106 124
27 49 171
28 56 75 76 109 137 147 150 157
28 4 9 89 102 178
28 24 125 136 171 184
28 99 114 134 180
28 28 78 132
28 79 161 199
28 62 79 189
28 21 22
29 12 48 126 138 140 176
29 3 47 108 134 146
29 40 77 92 148 158
29 8 85 153 171 184
29 35 49 143 153 195
29 15 138 143 179
29 30 36 107 123
29 88 107 167 198
29 10 65 192
29 21 34 115
29 4 11 191
29 51 98 183
29 142 170
30 36 53 59 84 118
30 15 25 105 181
30 52 91 153 178
30 19 125 173 178
30 44 54 107 184
30 29 81 84
30 0
31 25 65 82 120 124
31 63 82 185 194 197
31 40 103 135 136 171
31 39 68 95 167 190
31 23 41 117 119 137
31 33 65 109 173
31 59 65 92 151
31 92 98 108
32 1 5 15 17 36
32 87 129 131 199
32 8 31 118 144
32 7 62 147 180
32 15 17 42 173
32 39 55 80
32 36 60 199
32 8 176 178
32 55 87
32 114 135
32 105 173
33 0 54 81 106 147 180 199
33 17 82 93 150 159 183
33 36 48 85 103 152 177
33 55 117 129 133 140 159
33 4 108 136 137 159
33 30 65 132 184 194
33 28 93 126 185 193
33 39 40 70 93
33 4 45 101 166
33 55 148 167
33 148 168 198
33 146 165
34 21 40 98 158 162 189
34 40 73 165 166 181 191
34 27 30 36 45 148
34 19 36 59 70 119
34 54 123 151 169 172
34 77 107 116 163
34 70 111 141 167
34 11 13 71
34 50 66 90
34 1 197 198
34 122 197
34 169
35 41 46 53 57 135 136 182
35 47 82 103 128 129 137 161
35 27 36 39 158 172 197
35 15 16 75 107 131 134
35 38 84 97 108 120 164
35 10 14 16 110 155 178
35 31 92 113 120 122 167
35 7 90 104 143 193
35 31 136 169 182
35 49 72 173
35 20 25 113
36 22 64 93 99 103 156 163 188
36 23 29 105 172 181 185 187 195
36 41 62 80 85 170 185
36 29 80 134 169 179 199
36 49 109 132 139 179
36 26 40 71 158
36 68 91 169 189
36 22 43 86 146
36 0 167 189 199
37 9 33 34 93 97 165
37 35 37 101 104 116
37 23 50 73 186 187
37 8 19 74 131
37 54 110 167 182
37 82 172 178
37 103 117 194
38 9 62 67 111 128 142 188
38 12 31 105 121 165 186
38 47 59 92 102 130 192
38 46 73 87 174
38 18 30 53 74
38 79 115
39 13 17 40 69 75 126 195
39 67 77 86 122 125 134 195
39 23 87 108 127 136 166
39 6 19 22 121 177
39 8 92 102 184 189
39 10 11 86 131 154
39 6 36 89 178
39 56 64 78 122
39 33 47 150 197
39 46 110 113 191
39 94 103 156
39 102 188
40 12 35 52 64 74 142 181
40 17 53 126 130 188
40 83 142 157 184
40 112 124 186
40 6 88 171
40 33 125 177
40 3 116 186
41 10 12 105 149 177 190 191
41 43 86 165 192
41 148 163 185
41 97 148
42 40 41 65 96 120 187
42 17 33 169 181 193
42 48 65 109 138 156
42 60 67 87 112 118
42 14 16 98 100 143
42 16 23 43 126 159
42 37 82 108 163
42 22 37 168 195
42 60 121 123
42 18 28 38
42 63 164
42 53 85
42 98 150
43 1 24 32 77 87 121 155 179 184
43 24 95 115 128 174
43 117 131 153 172 183
43 1 40 76 95
43 128 152 181
43 108 163
44 8 43 65 69 133 196
44 17 69 155 156 193
44 13 47 55 118 129
44 24 90 92 126 157
44 101 110 137 178
44 39 104 191 193
44 2 127 165
44 2 61 104
44 42 137
44 78 125
45 24 25 57 64 72 177 178 188
45 0 7 101 150 173
45 5 68 105 147 152
45 19 37 81 156 157
45 14 56 105 192
45 6 130 132 152
45 30 48 140 186
45 85 127 142 149
45 36 89 170
45 53 141 178
45 61 83 103
45 152 157
46 16 28 38 65 97 143 148 155
46 16 82 90 139 146 162 182
46 0 20 56 91 116 195
46 3 11 92 101 156
46 9 10 135 165
46 6 12 78 88
46 41 73 116 197
46 90 127 131 197
46 7 27 161 185
46 110 115 125 147
46 8 147 194
46 54 167
47 4 14 40 48 58 99 132
47 9 28 112 135 176 178
47 80 88 96 122 147 163
47 45 83 113 152 163
47 30 65 86 141 147
47 65 66 86 89 112
47 8 103 117 138 197
47 19 150 184 190
47 28 42 53 134
47 5 21 101
47 46 150 155
47 11 144
47 98 158
47 21 119
47 155
48 35 55 110 118 137 151 154 174
48 24 97 109 137 144 153 163 166
48 27 69 82 97 101 103 117
48 6 14 110 123 138 172
48 12 138 161 163 164 178
48 89 93 97 113 173
48 93 154 187
48 69 109 171
48 46 171 180
48 172 174
48 18 174
49 19 20 30 55 86 95
49 0 8 188 190 197
49 65 98 146 155 158
49 32 47 61 123 167
49 35 57 102 177 195
49 61 62 79 114
49 9 24 42 180
49 9 41 177
49 47 135
49 48 174
49 95 195
50 26 70 80 107 112 127 130 170 173
50 53 65 67 129 138 144 181 192
50 20 40 50 107 141 194
50 62 90 107 162 166 167
50 54 64 191 193 196
50 21 127 148 161
50 15 55 79 109
50 16 92 147 189
50 47 124 150
50 13 135 147
50 130 135 185
50 69 139 147
50 41 139 186
51 40 60 69 87 158 159 160
51 40 94 112 114 130 156 193
51 55 71 116 132 140 150
51 10 36 55 108 124 193
51 26 97 142 152 190
51 65 87 138 187 198
51 17 60 72 73 190
51 53 76 117 151
51 33 45 97 168
51 31 33 109 132
51 71 93 109
52 5 21 24 38 133 159 161
52 16 21 52 75 80 137
52 13 46 96 139
52 49 74 147 179
52 112 179
53 31 58 60 92 120 131 141 158
53 31 40 89 115 127
53 48 67 122 184 194
53 1 68 131 175
53 23 77 91 105
53 76 103 126
53 56 67 135
53 45 188
54 7 66 78 142 146 184 190
54 36 41 47 103 127 177
54 22 26 49 55 142
54 11 70 136 156 182
54 22 30 31 38 88
54 58 100 128 165
54 32 51
54 166 196
55 17 66 73 82 97 135 153 180
55 30 95 101 128 144 158 180
55 11 38 71 85 90 194
55 20 70 82 115 136
55 56 86 99 108 113
55 26 41 109 152
55 29 32 50 131
55 24 128 177
55 62 103 145
55 173 199
56 9 57 65 125 161 168 191
56 2 52 58 121 132 174
56 26 59 127 166 188
56 35 90 100 162 171
56 53 63 79 123 189
56 17 25 101 186
56 55 69
56 56
57 27 68 91 168 188 197
57 8 37 96 122 166
57 34 118 138 185 195
57 43 106 129
57 41 61
57 65 134
57 189
58 20 55 102 116 137 156
58 18 30 89 119 130 166
58 10 64 100 120
58 38 70 186 199
58 20 83 86 96
58 78 87 184
58 13 113 145
58 26 74 85
58 20 129 172
59 39 48 51 97 132 169 189
59 4 13 26 64 105 126 197
59 21 23 41 59 67 156 181
59 23 25 26 62 117 149
59 2 25 47 170 193 197
59 29 92 97 101
59 80 105 130 156
59 20 21 167
59 4 43 68
59 20 28 67
59 11 190
59 36 75
59 23 29
59 69 159
59 89 186
60 58 111 112 116 135 137 189
60 11 16 88 130 174 185
60 62 130 161 186
60 73 77 127 192
60 32 64 71 172
60 98 127 143 194
60 49 97 129 172
60 74 124 141 171
60 61 86 195
60 25 30 138
60 33 142 152
60 51 66 172
60 24 64 157
60 146 157
60 65 67
60 165 187
60 50 178
60 133
60 155
61 0 28 70 95 148 198
61 26 38 96 104 147
61 46 68 136 148
61 33 63 120 194
61 54 97 171 185
61 2 9 91 182
61 14 73 101 135
61 23 45 196
61 63 98 102
61 78 157
61 47 57
61 107
62 56 76 84 139 140 144 150 177 192
62 41 57 108 125 134 161
62 11 24 27 56 91 135
62 129 147 173 174 192
62 87 109 144 168
62 140 178 188 199
62 37 108 164 197
62 19 40 188
62 90 107 154
62 84 177
62 82 102
63 81 91 94 109 118 127 160
63 40 107 120 128 144 191
63 46 64 121 174 177
63 7 55 88 141
63 66 151 193
63 148 155 191
63 119 184
63 24 191
63 120 136
64 19 20 57 61 68 128 132
64 18 88 105 157 163 192
64 0 12 39 57 62 76
64 42 67 83 103 171 183
64 8 18 59 126
64 128 130 135 136
64 77 121 146 171
64 3 61 121 184
64 81 99 152
64 56 104
64 133 176
65 46 112 118 142 151 156 181
65 3 74 122 147 170 188
65 12 27 49 74 163 180
65 43 54 109 121 140 157
65 12 58 95 136 169
65 31 52 133 145 191
65 102 127 140 155
65 45 87 157
65 63 100 105
65 31 39 194
65 86 187
65 106 192
65 26
65 70
66 0 16 26 41 55 194
66 20 37 89 146 166 196
66 83 85 91 166 193
66 44 172 182 194
66 71 190 198 199
66 10 81 178 197
66 42 58 75 153
66 19 76 142 199
66 28 59 197
66 24 49 73
66 30 57 77
66 17 179
67 11 50 51 95 145 149 154 170
67 21 49 75 82 142 181 185
67 25 40 115 116 137
67 30 115 163 166
67 4 97 105 165
67 57 130 169 192
67 156 163 179
67 46 102 128
67 26 126
67 102 168
67 6 111
67 49 142
68 14 23 60 83 86 92 116 124 146 180
68 1 26 40 83 100 109 131 179
68 48 112 144 150 193
68 11 53 63 178
68 11 63 121 128
68 98 153 185
68 69 75 131
68 117 189 196
68 63 70
68 98 119
69 28 73 79 121 153 165
69 7 60 73 76 84 110
69 36 84 102 106 119 127
69 96 140 162 176 199
69 36 87 146 169
69 95 99 188 197
69 106 129 156 161
69 18 85 97
69 5 39 173
69 134 198
69 32 184
69 66
70 32 67 158 189 195
70 11 27 77 185
70 91 92 140 163
70 40 71 143
70 38 67
70 126 172
70 139 166
71 73 96 101 104 146 152 166
71 27 44 74 82 107 146
71 24 27 33 72 85 130
71 16 28 103 160 161
71 12 34 107 180 196
71 112 171 181 198
71 5 87 104
71 46 192
72 6 83 84 123 128 130 139 140 151 195
72 37 54 72 93 124 138 159 178
72 18 71 81 86 128 134 163
72 4 118 119 173 188
72 38 80 91 144
72 76 123 178 195
72 23 74 79 140
72 48 78 186
72 14 127 186
72 90 103 165
72 14 41 59
73 6 42 65 69 77 183
73 12 14 25 142 150 177
73 1 17 104 144 172
73 34 37 58 72 128
73 19 67 120 188
73 52 87 98 147
73 87 93 137 141
73 8 15 126
73 21 94 124
73 33 129 199
73 62 167
74 43 51 108 126 136 141 161 174
74 2 22 87 119 172
74 54 58 162 198
74 84 109 180
74 38 105 106
75 40 64 76 88 105
75 26 61 118 147 178
75 12 19 81 114
75 30 58 133
75 78 149 183
75 26 103 197
75 46 59 153
75 88 169
76 1 61 74 114 136 177
76 7 37 110 116 194
76 21 49 62 76 101
76 15 52 85 189
76 0 80 150
76 62 143
77 9 26 70 81 156 181
77 57 66 91 119 143
77 44 67 151 161 198
77 25 109 125 162
77 32 143 198
77 37 167 194
77 100 175
77 6 31
77 50 111
77 140
77 59
78 20 23 54 99 137 141 147
78 44 82 119 133 152
78 24 96 128 147 193
78 8 36 42 54 134
78 11 65 186 193
78 23 26 61 175
78 35 111 123 199
78 6 49 83
79 2 10 23 43 49 50 82 87 119
79 0 17 31 36 144 158
79 65 92 155 188 189 193
79 11 33 54 63 73 125
79 31 63 112 127 167
79 86 95 110 160
79 11 22 92 159
79 4 115 152 196
79 10 81 122
79 138 155 162
80 3 12 47 53 68 72 95 103 131 162
80 15 44 47 58 75 109 132 137
80 4 61 68 195 198
80 9 31 50 53 77
80 130 132 169 184 189
80 80 113 182 193
80 4 20 151
80 19 69 78
80 7 42 69
80 58 96 156
80 35 166
80 37 156
80 71 183
80 64 72
81 10 32 98 100 131
81 12 43 74 94 172
81 44 60 74 193 196
81 26 45 52 167
81 16 94 95 124
81 58 92 118 120
81 5 48 63 185
81 36 74 110 161
81 68 86 104 196
81 25 62 72 91
81 28 31 177
81 107 148 157
82 65 66 69 110 138 166
82 29 58 83 87 109 187
82 3 16 126 141 150 182
82 32 69 126 141 194
82 32 38 45 156 160
82 67 99 170 181
82 17 52 99 168
82 15 84 145 179
82 46 69 124 168
82 3 25 92 127
82 45 158 172
82 177 196
82 30 192
82 70 100
83 0 22 26 36 39 42 49 169
83 29 52 60 76 106 121 152 165
83 48 63 65 67 118 140 184
83 22 30 100 108 160 174
83 57 134 169 187 198
83 58 119 144 158 161
83 26 51 116 147
83 31 62 158 175
83 4 9 44 83
83 15 40 57 151
83 106 168 199
83 10 58 104
83 57 101
84 2 7 35 66 80 85 89 132
84 25 26 125 146 170 181 198
84 46 90 95 118 141 151
84 5 66 92 141 190 197
84 74 88 106 129 137
84 5 35 162 168 184
84 29 37 72 113 153
84 104 160 168 187
84 86 127 130 178
84 139 171 180
84 37 93 187
84 78 106 178
84 10 59 178
85 4 28 71 141 160 166 193
85 39 51 84 146 187 195 196
85 22 146 183 197
85 35 63 173 186
85 130 156 176 194
86 1 3 83 115 170 193 195
86 2 14 34 181 186
86 16 41 62 95 182
86 19 37 86 92 135
86 43 50 70 72
86 67 70 75 146
86 76 121 153 168
86 2 62 110
86 8 17 46
86 169
86 149
87 59 79 82 96 104 109 167 171
87 2 97 101 119 136
87 66 106 107 116 140
87 73 103 105 163
87 48 85 98 155
87 2 45 125 182
87 148 166 193
87 84 95 99
87 23 74 147
87 66 185
87 16 78
88 15 24 81 83 106
88 0 1 31 49 142
88 40 86 120 168
88 8 55 167
88 82 134 160
88 86 113 127
88 30 96
88 93 170
88 5 133
88 37
88 38
89 12 33 51 61 146 191
89 27 58 90 100 117
89 12 27 44
89 41 63 80
89 15 52 84
89 54 158 175
89 2 64
89 81 145
89 42 53
89 139
90 50 59 101 125 162 166
90 14 73 80 112 120 164
90 39 77 101 144 189 197
90 72 95 113 169 184 185
90 46 77 147 165 170
90 22 77 83 91 125
90 23 87 105 184
90 2 28 97 144
90 4 14 79 133
90 96 154
90 52 77
90 34
91 2 3 62 66 75 107 137 160
91 51 52 57 67 137 179
91 49 71 86 147
91 5 44 66 96
91 81 123 198
91 63 163 199
91 78 176
91 4 189
91 27
91 105
92 7 17 23 32 64 75 110 118
92 10 13 74 75 84 98
92 47 74 118 130 163 172
92 9 57 124 149 180
92 41 46 124 152
92 15 92 119
92 68 151 194
92 26 52 136
92 44 49 91
93 9 27 36 127 139 160 181
93 37 104 185 196
93 10 95 120
93 134 161 172
93 12 48
93 4
94 9 30 43 141 171 177 178 183
94 2 29 35 79 126 177
94 45 53 54 79 160
94 39 136 151 152 171
94 64 106 132 167 172
94 114 122 131 183
94 36 91 112 191
94 11 17 60 154
94 9 67 74 134
94 8 30 35
94 164 184 196
95 25 49 64 145 168 172
95 51 140 141 142 148 177
95 48 72 119
95 12 21 146
95 148 152 188
95 16 182
95 64
95 13
96 17 88 131 160 167 176 182 199
96 9 83 90 147 154
96 92 99 121 133 189
96 36 67 89 169 182
96 26 67 93 191
96 8 71 125 185
96 98 107 182
96 12 42 60
96 18 141
96 84 173
97 8 51 69 96 192 199
97 11 65 78 87 112 181
97 18 41 79 102 192
97 39 62 155 168 181
97 9 103 125 173 193
97 21 41 122
97 18 78 137
97 13 43 84
97 106 180
97 79 90
97 123 175
98 85 91 118 138 178 196
98 23 46 76 160 168
98 50 80 94 147 186
98 5 36 95 113
98 24 67 151
98 37 135 171
98 158 181
98 43 111
98 194 195
99 3 7 21 54 57 103 121 195
99 10 34 36 104 128 140 161
99 35 69 110 141 151 184
99 7 25 48 80 123 185
99 46 88 166 171 179 199
99 17 62 102 145 187
99 43 88 109
99 12 69 146
99 6 34
99 82 102
99 86 168
99 18 170
99 18
100 18 55 68 78 146 167 182
100 31 57 71 93 164 170 186
100 52 62 149 154 194
100 18 36 57 75 77
100 86 94 143 151
100 7 37 83 139
100 63 65 161
100 0 129 136
100 53 107 143
100 66 94 160
