200 1000
1 3 11 35 57 60 77 82 100 102 120 140 179 182 186 187
1 16 34 47 65 66 82 101 102 146 161 162 190 191
1 27 53 60 64 96 123 125 140 142 151 191 196
1 20 25 38 43 66 67 69 87 94 124 155
1 20 29 38 45 102 110 166 168 182 197
1 10 46 55 87 92 106 120 134 175 190
1 55 72 75 121 149 179 188
1 19 67 89 108 145 156 184
1 30 44 55 110 112 173
2 1 42 44 47 63 104 107 119 140 149 175 189
2 3 5 34 55 59 80 104 143 157 187 192
2 14 19 27 94 135 140 160 180 197
2 6 64 71 87 119 167 181 194
2 30 43 44 50 101 136 141 197
2 8 22 38 113 145 150 162
2 82 152 157 163
3 2 11 25 35 45 92 94 114 134 145 146 147 183 190 193
3 29 39 40 41 49 50 52 60 80 108 158 169 194
3 1 3 4 22 74 104 110 160 173 191 196 198
3 6 9 15 22 24 49 102 113 124 157 163
3 8 21 22 34 35 37 51 89 144 186
3 0 6 51 56 127 131 155 159 187 188
3 14 30 48 51 62 86 88 140 188
3 25 75 82 99 137 178 185 189 199
3 3 50 62 68 69 83 91 101 132
3 32 33 39 106 156 180 182 199
3 28 122 125 130 147 157 165
3 24 40 49 113 172 189
4 5 7 16 30 34 38 39 50 71 96 98 102 109 131 176
4 28 43 45 53 109 110 126 131 140 144 147 170 177 180 190
4 7 16 18 36 44 53 71 93 104 112 125 180 199
4 7 25 43 63 77 86 124 131 140 158 174 186 192
4 12 27 44 56 57 59 87 92 117 126 150
4 15 22 53 62 102 122 147 167 171 180
4 11 63 71 75 131 175 180 183
4 23 43 47 49 70 74 140 151
4 37 108 134 145 175 188 199
4 31 82 88 99 115 116 171
4 33 34 38 68 124 153 178
4 106 126 128 131 139 179 188
4 21 68 94 101 140 149 179
4 10 29 61 169 173 188
5 25 35 72 74 90 94 96 125 130 141 167 186 194
5 1 26 36 38 44 71 83 86 105 109 119 172 191
5 50 56 73 81 90 97 140 148 160 177 181 188 194
5 34 48 67 90 115 117 123 132 142 160 182 188
5 18 20 72 73 105 116 132 139 168 193 198
5 7 40 64 66 68 84 108 110 169 170 183
5 24 27 28 37 46 57 116 118 146 194
5 75 88 94 98 124 161 162 178 193
5 13 31 42 46 89 122 124 160 166
5 35 66 83 95 109 138 140 148 165
5 3 43 50 63 110 123 139 159
5 10 28 41 43 54 81 142 192
5 1 31 34 39 42 65 93 130
5 65 104 137 143 168 179 196
5 23 129 153 169 194
6 2 9 16 17 63 67 77 99 108 136 138 151 163 166 181 184
6 19 22 23 43 140 147 159 163 167 174 176 190 193 194
6 12 61 63 71 109 111 148 151 152 153 179 185 192 199
6 25 28 39 58 60 64 68 94 95 111 112 150 191
6 43 82 85 88 104 124 128 129 152 158 190 196
6 18 37 53 59 80 95 128 145 160 197
6 1 15 48 52 79 101 118 135 136 173
6 11 15 52 81 132 144 147 161 177
6 23 31 44 84 99 142 145 171 185
6 26 66 67 73 108 154 191
7 10 43 95 104 105 120 129 133 141 142 145 153 162 172 184 191
7 26 36 39 64 72 89 145 149 150 156 160 171 190 193 196
7 20 41 46 69 73 85 91 96 115 117 124
7 61 73 78 92 99 143 155 169 177 179
7 4 21 33 37 46 49 55 82 134 146
7 21 43 85 109 112 115 116 169 192
7 7 22 27 99 104 120 141 199
7 29 87 110 116 117 194
8 12 13 43 65 80 104 111 140 150 157 183 187
8 23 38 49 55 67 86 127 147 170 194 195
8 1 17 56 75 89 90 103 115 133 183 191
8 20 48 100 107 161 165 167 180
8 6 26 31 106 125 154 158 170
8 43 75 83 90 195
9 5 14 38 42 58 65 71 115 118 120 127 130 133 150 168 189 191 198
9 13 19 47 61 76 77 83 85 86 93 109 111 145 146 147 161 172
9 5 27 39 69 80 99 108 116 117 118 154 178 195
9 54 55 64 66 112 117 139 143 161 179
9 32 80 100 103 113 123 145 178 192 198
9 0 58 69 97 99 100 106 113 118 173
9 10 32 52 71 107 108 116 121 139
9 31 110 157 164 174 180 188
9 34 62 117 121 174 178
10 12 44 48 66 69 91 96 109 118 124 129 168 187
10 34 46 48 49 72 74 76 83 109 116 124 132
10 11 16 18 22 29 65 78 89 100 147 162
10 25 28 50 54 56 76 117 174 188 192
10 22 25 84 87 88 106 128 186 199
10 22 46 61 119 122 153 180 189
10 51 54 102 125 140 175 189
10 9 12 49 58 92 139 173
10 31 54 73 96 108 110
10 19 46 113 158 195
11 14 18 22 58 85 87 101 115 116 146 154 161 174 180 188 192
11 11 27 29 34 43 73 74 114 130 131 142 162 164 179
11 4 16 19 37 85 86 88 90 99 107 138 155 164
11 9 10 17 44 46 53 67 68 78 81 170
11 35 76 93 97 105 110 126 136 149 174 184
11 15 20 82 97 101 106 138 152 155 162 169
11 15 50 70 78 82 101 148 168 173 188
11 24 31 39 40 89 139 141 190 194
11 39 45 112 130 139 172 177
11 4 23 25 77 82 118 122
11 15 38 65 70 143 176 177
12 1 8 82 107 113 115 121 132 169 177 178 184 193 195
12 7 18 20 40 46 52 59 79 106 126 127 136 175
12 0 14 24 36 44 75 89 103 121 158 173 182
12 51 84 97 106 111 125 134 169 176 197
12 1 29 111 120 128 138 142 164 182 197
12 7 73 92 128 135 142 149 190
12 18 29 36 41 42 81 181 194
12 17 44 65 129 178 185 189 197
12 19 62 71 90 105 119 199
12 103 184 196
13 14 44 64 77 89 105 134 136 138 140 141 150 189 190 194
13 15 17 39 56 58 63 119 132 142 144 165 184
13 36 67 72 81 82 86 118 121 145 154 186 187
13 9 16 33 56 89 126 129 146 147 157 172 175
13 4 13 35 45 64 66 119 139 193 199
13 3 51 54 107 144 145 149 172 189
13 34 76 77 106 107 114 116 191
13 12 28 46 96 107 110 123 199
13 37 70 96 98 106 116 139 162
13 12 36 47 144 147 153 158 192
13 3 8 31 63 112 115 165
13 12 49 55 121 124 137 155
13 29 110 128 134 139 148
13 10 36 171 176 193
14 2 16 28 32 33 78 83 90 95 137 144 149 172 192 197
14 6 20 41 42 76 81 91 105 127 132 136 139 156 160 178
14 31 34 45 64 91 96 100 106 122 124 164 197
14 33 106 138 140 148 151 180 187 191
14 17 24 67 74 91 98 170 189
14 13 14 28 36 59 91 110 196
14 17 43 113 121 126 130 181 193
14 7 11 57 135 166 185 198
15 15 22 26 31 45 46 56 110 121 141 149 156 160
15 17 20 63 87 93 112 120 146 165 174 182 186 195
15 52 58 63 79 105 114 117 121 134 146 150
15 29 33 64 87 91 130 137 150 157 160 193
15 24 36 42 52 53 87 104 105 137 147
15 6 16 21 42 46 48 117 166 179
15 18 56 57 72 83 151 154 172 175
15 11 42 59 99 106 132 166 183
15 55 102 105 159 199
16 9 12 14 39 50 63 95 121 126 134 180 185 187 197
16 8 23 99 110 151 153 181 182 183 190 194 197
16 11 18 22 31 104 111 131 132 158 170 189 195
16 31 32 67 81 95 105 107 113 129 136 152 154
16 20 49 58 62 65 77 93 102 153 166 170
16 10 39 68 78 86 93 94 122 129 144 182
16 15 38 54 57 76 112 122 161 167 175 199
16 44 80 86 114 115 137 149 151 172 187
16 22 37 52 61 97 115 130 134 187 188
16 40 46 48 122 137 184 194
17 4 11 12 25 38 39 64 66 70 81 83 88 131 167 175 184
17 12 40 43 44 56 58 62 82 116 119 124 128 136 190
17 39 49 75 86 97 98 112 114 123 127 137 168
17 0 3 4 51 63 92 103 107 110 134 185
17 10 35 50 72 80 94 117 158 166 191 197
17 0 21 40 120 131 139 151 166 174 183
17 5 8 12 33 43 67 176 180 185
17 18 59 78 125 133 151 152 187
17 9 122 144 180 187
18 9 11 16 43 53 56 64 65 88 103 118 128 150 176 189
18 1 5 22 32 63 68 113 135 149 172 195
18 14 45 58 71 88 131 147 182 192
18 18 55 57 67 95 103 111 151 165
18 24 29 38 72 77 117 132 163 174
18 26 52 54 73 94 103 126 147 149
18 12 26 69 126 161 162 184 186
18 13 29 60 77 125 150 165 183
18 5 50 81 97 130 133 153 181
18 3 13 19 34 78 95 135 158
18 23 60 72 127 165 188
18 33 41 89 100 127 168
19 6 8 17 33 37 89 105 127 129 132 145 160 178
19 3 23 27 43 60 87 167 174 187 199
19 7 30 66 82 87 93 151 152 187 188
19 8 17 49 116 118 134 146 155 175 197
19 13 30 33 35 99 100 127 136 196 198
19 29 30 68 79 94 96 115 175 176
19 2 89 96 113 117 157 167 168 183
19 1 11 27 67 140 170 173 188 195
20 17 63 78 131 141 157 160 161 165 168 179
20 53 61 65 107 111 149 156 181 196 197
20 24 34 74 92 137 147 158 186 190 192
20 2 22 41 45 92 102 119 134
20 2 54 71 81 107 170 186 190
20 60 107 127 169 185 191
20 2 13 20 74 109 119
20 45 57 110 118 147
21 5 11 12 23 29 45 77 81 91 97 134 155
21 4 19 34 46 48 55 64 70 83 89 152
21 11 23 66 94 100 103 113 115 118 187
21 26 47 88 97 112 116 123 138 150 165
21 33 52 72 87 107 146 169 188 193
21 1 4 122 140 142 145 177 183 192
21 31 33 55 57 68 86 132 153 155
21 2 51 59 78 79 93 105 165 197
21 12 71 85 97 140 187
22 5 7 29 30 54 77 121 128 130 136 143 151 177 196
22 11 20 28 29 36 56 58 79 105 123 146 163 177
22 23 26 30 42 59 61 66 115 146 170
22 13 18 86 127 129 157 160 178 187
22 43 58 83 87 167 169 172 190
22 21 43 74 75 98 119 136 151
22 46 73 112 114 149 158
22 41 74 87 106 138
22 14 63 87 192 195
23 8 13 49 50 55 60 64 65 82 92 108 125 134 153 166 168 194 196
23 13 16 30 59 64 66 69 84 93 126 152 153 199
23 2 6 12 30 68 72 78 111 122 130 151 169 177
23 3 18 71 79 89 106 115 132 158 173 180 195
23 36 39 57 75 93 95 106 135 138 139 171 173
23 17 26 28 40 80 119 134 137 143 147 180 183
23 6 37 40 41 61 66 115 119 156 163 198
23 0 25 40 45 54 108 112 120 133 170 193
23 18 40 65 78 81 128 140 143 167 180 185
23 38 91 107 110 112 163 170 173 188 192
23 23 30 49 52 128 149 158 188 197 198
23 13 37 70 93 125 142 152 158
23 39 90 117 151 174 180 199
23 32 58 84 88 101 116 131
23 50 77 83 89 117 167
23 21 83 103 160 183 196
24 10 17 23 31 51 52 63 74 77 90 93 131 134 156 158 166
24 2 10 29 34 42 43 79 105 113 117 121 126 131 161 170 184
24 5 12 20 60 66 75 83 101 113 122 145 171 193
24 36 40 41 54 55 61 65 89 92 141 150 197
24 1 6 12 18 22 44 90 132 138 171 197
24 8 10 23 32 34 36 148 153 188 189
24 32 41 53 57 74 76 96 103 136 157
24 6 26 60 64 153 184
24 36 79 103 152 160
25 11 15 17 22 48 61 94 104 122 134 153 159 183 191
25 17 47 59 64 95 134 138 145 154 167 173 176 178 194
25 7 12 21 32 36 49 71 84 108 134 152 162 191
25 23 38 57 79 82 105 111 114 126 130 135 146
25 7 23 24 35 100 123 127 140 154 155 195
25 7 12 23 34 70 103 106 111 158 186
25 7 92 108 124 130 177 197
26 19 21 30 47 63 64 72 76 106 139 152 156 181
26 4 13 40 56 66 81 95 99 110 184 188 193
26 1 5 32 35 101 123 135 152 169 181 182
26 7 10 18 21 38 67 75 76 85 104 169
26 35 71 76 106 111 158 165 166 192 197
26 19 25 26 70 77 78 138 160 177 193
26 64 124 131 135 143 165 176 186 196
26 1 23 63 123 141 156 180
26 28 55 63 74 85 103
26 13 15 16 122 173 191
27 10 12 33 51 55 61 79 107 120 133 134 170 187
27 15 21 38 82 122 132 135 162 173 181 188 199
27 28 45 59 62 73 126 131 141 154 156 167 193
27 14 34 38 45 72 76 82 132 143 145 169 186
27 52 68 75 84 91 101 125 137 138 152 182
27 10 16 24 54 57 75 116 148 179 183 192
27 8 10 36 38 52 69 81 85 93 110 141
27 16 36 46 51 120 148 159 164 167 179
27 0 25 34 90 92 102 107 124 138 153
27 25 48 54 68 75 108 109 112 127
27 3 5 67 109 114 116 124 164
27 78 99 148
28 12 20 29 45 50 57 61 65 89 111 116 124 141 162
28 29 40 53 55 69 75 77 97 98 101 133 138 139 184
28 11 18 57 78 87 94 99 106 111 147 149 173
28 21 39 52 56 75 77 85 98 111 142 151
28 0 30 50 99 101 120 121 145 194
28 2 4 25 27 109 137 182 199
29 1 5 23 25 39 60 70 85 103 130 132 142 157 173 187 195
29 18 47 57 74 93 98 105 122 134 145 166 171
29 13 44 48 79 99 107 110 179 190 196
29 10 58 86 119 129 132 147 152 195
29 36 48 77 99 101 113 127 164 189
29 21 24 29 34 50 106 144
30 2 36 49 59 63 79 112 118 123 147 160 161 182 191 198
30 2 9 12 39 47 54 56 70 72 167 173 174 199
30 4 34 65 69 120 152 159 175 190 191 195
30 14 47 71 87 101 115 131 149 168 173 185
30 7 36 48 77 109 151 157 159 162 195
30 2 7 25 50 53 113 142 159 174
30 12 46 63 79 134 135 139 154 182
30 2 9 98 120 125 146 154
31 35 50 64 83 94 96 98 102 104 115 154 155 156 167 178
31 4 6 41 43 45 53 73 85 148 163 186 189 195
31 2 8 24 33 60 66 106 108 120 124 190 198
31 5 23 24 62 65 84 112 143 152 160 190
31 76 121 129 133 147 157 181 184
32 1 8 21 56 58 73 90 94 97 129 151 177 182 191 195
32 1 11 31 66 71 73 85 97 100 112 132 151 167
32 23 42 68 70 80 85 86 90 95 108 139
32 2 14 15 40 55 66 97 103 123 135 178
32 11 14 24 38 42 51 52 61 83 156 172
32 16 57 98 121 155 177 183 186 189 192
32 19 22 39 58 65 76 77 156 181
32 34 37 45 129 148 182 184 197
32 0 105 113 142 149 176
33 13 19 26 38 69 93 95 101 133 179 180 190 191 198
33 5 32 54 79 82 113 126 136 155 167 174 180
33 15 17 34 42 54 59 73 142 145 146 190
33 31 38 45 50 80 99 133 136 146 153 174
33 0 6 12 19 34 35 96 103 120 171 181
33 68 73 76 85 93 94 117 133 159 177
33 17 28 74 88 110 118 133 142 157 164
33 31 37 90 91 92 106 107 154
33 75 100 106 121 131 138 145 156
33 29 37 56 57 101 157 184 188
33 75 92 104 143 183 193
34 12 17 27 39 53 60 66 93 99 113 123 132 133 156 169 171
34 1 18 29 49 58 83 99 107 111 114 141 162 183 194 198
34 0 8 25 30 47 51 79 99 121 162 167 172 189 199
34 3 12 26 32 54 74 98 109 156 177 184 188 192 198
34 18 28 32 38 39 49 66 69 86 132 136 158 168
34 14 21 43 45 70 88 96 115 138 154 179 183 188
34 4 14 28 78 82 123 131 164 175 179 183
34 5 11 58 59 69 75 87 88 136 154
34 3 20 40 42 56 140 176 185 197
34 1 11 31 57 113 114 132 159 167
34 6 32 64 74 103 110 113 189
34 36 48 76 87 125 132 150 179
34 11 29 39 60 76 84 121 135
34 5 12 28 65 92 139 183 196
34 43 57 59 64 98 112 167 195
34 28 50 83 89 103 170 185
34 19 53 80 109 152 181 183
34 37 55 59 70 141 158
34 83 85 99 111 137
34 10 116 129 161
35 19 38 63 81 88 93 121 133 150 157 162 170 174 191
35 8 18 47 68 73 82 105 106 129 141 176 192
35 4 15 22 30 33 43 68 79 127 143 188 194
35 3 5 12 18 88 99 111 129 142 160 199
35 34 75 92 116 122 162 173 180 183
35 21 26 71 76 78 91 100 116 143
36 4 7 9 52 72 95 98 103 104 136 146 149 163 166 179 198
36 4 5 19 31 59 67 105 108 110 121 126 130 147 157 190 194
36 3 5 46 64 73 79 95 106 119 152 162 166 174 184
36 16 30 41 61 80 101 105 115 135 152 160 176 184 185
36 9 10 15 16 56 72 88 89 91 97 134 137 154
36 1 2 29 32 35 47 96 110 127 151 168 171
36 8 14 16 33 66 70 81 83 89 96 126 171
36 6 8 11 14 16 28 35 109 116 153 193
36 8 13 29 37 73 86 96 157 174 182 194
36 9 36 62 79 102 107 148 149 160 182
36 5 16 50 52 76 86 104 137 146 164
36 22 50 74 84 91 92 150 159 167
36 11 17 46 65 100 103 122 125 193
36 24 45 65 87 126 164 168 184
36 1 24 80 84 132 184
36 26 62 72 87 102 132
37 15 31 41 49 62 73 79 89 90 108 114 121 131 158 171 186 192
37 21 37 44 49 71 93 98 101 145 167 180 181 189 198
37 27 55 106 111 132 133 138 158 160 173 181 194
37 21 48 62 107 120 127 137 158 176 179 180 195
37 33 35 49 69 83 93 108 119 122 124 167 193
37 7 14 39 50 104 118 128 144 155 187 189
37 25 29 80 87 94 97 119 141 176 182 184
37 4 14 25 34 54 70 90 95 96 116
37 30 31 32 46 49 88 96 121 128 131
37 24 35 69 92 145 156 164 184 190 194
37 20 22 33 45 63 67 127 134 139 169
37 1 5 33 65 74 129 130 151 167 195
37 65 96 99 109 127 178 181 188
37 7 19 51 68 71 122 147 182
37 11 53 107 113 135 142 167 199
37 17 18 94 99 132 176 180 198
37 92 99 135 151
38 4 5 53 56 59 62 76 77 94 97 116 117 126 136 145 150 152 185 188
38 36 38 42 43 61 68 85 96 98 116 121 125 128 129 194
38 0 4 6 15 39 45 52 54 62 67 81 88 114 120 131
38 14 25 64 116 121 128 148 157 163 165 184
38 4 35 41 108 138 146 156 166 168 176
38 5 7 16 31 36 76 127 143
38 7 16 55 72 79 90 175
38 17 103 138 160 179 183 199
38 38 45 93 108 162
39 76 85 101 104 115 118 126 128 163 168 174 179 191 193 198
39 15 30 45 66 83 92 93 104 148 159 167 172
39 7 30 40 42 90 108 132 136 141 155 182 197
39 19 27 43 52 76 82 97 115 138 152 187 197
39 25 55 63 74 162 169 178 183 186 189
39 14 16 25 57 79 139 162 170 186
39 17 30 53 63 85 110 112 137 191
39 19 26 62 66 99 146 196
39 26 43 67 107 126 143 156
39 34 68 80 89 99 179 198
40 21 47 64 77 96 106 109 116 126 127 157 195 196
40 14 53 78 79 93 96 100 130 134 148 175 178
40 33 69 80 117 120 137 155 175 192 195 199
40 3 12 31 59 81 90 121 138 176 191
40 39 50 61 66 87 122 144 159 162 188
40 0 9 78 83 148 188 196
40 72 165
41 12 16 21 24 28 33 56 66 69 72 89 102 121 160 186 187 197
41 3 12 39 55 61 77 80 99 113 118 129 139 154 157 164 179
41 5 10 15 22 41 84 114 119 122 136 149 181 187 199
41 0 46 49 53 65 78 106 117 122 147 164 181 194 199
41 36 41 51 80 86 87 88 148 149 172 179 186 195
41 4 54 72 86 116 117 153 158 164 175 183 184 188
41 3 21 28 43 45 46 47 74 91 132 136 145
41 5 34 87 97 107 152 165 169 187 197 198
41 7 67 73 74 87 99 115 156 195
41 8 18 32 53 57 93 157 178 190
41 0 30 59 78 87 165 182 185 197
41 5 20 22 57 84 141 177 188 190
41 29 37 41 73 95 99
41 24 77 81 132 179
42 1 4 40 42 51 55 67 122 132 139 144 147 152 156 163 169 179
42 15 25 30 39 60 69 72 79 83 88 90 95 124 142 150 176 177
42 1 5 15 20 22 27 38 62 111 123 125 145 149 157 181 191
42 8 49 64 75 79 82 114 147 149 158 175 190
42 19 33 71 76 90 103 125 134 143 154 165 190
42 12 16 28 30 64 72 77 78 116 119 125 150
42 4 24 37 74 84 134 136 154 156 170 174 182
42 15 33 47 49 52 53 66 96 126 138 165
42 7 27 29 72 74 86 128 143 179 181
42 19 56 61 62 67 102 110 134 149 196
42 43 79 98 144 145 157 161 176 182 195
42 3 37 58 60 87 142 178 183 189
42 31 45 85 86 93 100 107 109 199
42 26 59 94 124 138 143 144
42 6 11 38 49 101 102 162
42 6 28 53 131 140 165 188
42 32 77 88
42 0 153 186
43 2 14 19 22 27 32 36 47 48 120 136 137 140 162 163 189
43 4 11 44 45 82 96 103 104 123 143 172 183
43 11 18 19 23 35 40 43 79 97 102 149 189
43 8 19 38 49 55 57 75 97 116 137 194
43 11 55 73 85 94 106 107 153 171 174 180
43 23 26 55 81 87 147 164 165 189
43 13 15 69 82 83 90 128 173 186
43 30 35 62 76 99 113 137 156
43 28 58 65 89 142 165 187
43 20 33 100 150 162 174
44 1 7 18 21 56 89 113 118 136 152 163 173
44 23 30 40 47 49 82 110 127 172 186
44 3 37 50 79 91 99 118 155 198
44 1 19 39 82 86 133 146 153 164
44 2 24 97 100 101 156 185 199
44 22 26 39 116 160
44 48 50 97
45 21 40 41 67 86 89 94 97 105 114 127 134 146 158 164 173
45 14 35 49 80 87 92 94 109 126 135 138 143 161 164 190
45 20 35 65 70 74 79 87 93 96 126 137 148 171 185
45 0 23 26 28 63 66 67 89 106 108 139 189
45 11 12 44 72 82 118 152 153 171 183 185 189
45 14 39 50 82 104 117 146 166 168 175 179 191
45 9 35 67 70 92 110 118 119 190
45 78 88 115 128 129 184
45 15 21 22 42 145
45 24 36 68 71
46 6 7 11 13 21 40 53 96 105 115 136 144 158 170
46 19 35 38 74 75 92 100 149 164 165 173
46 1 3 14 33 49 56 70 96 108 136
46 20 22 24 33 49 56 68 73 187
46 37 55 70 107 135 139 177 180 191
46 26 45 69 72 91 99 154 166 185
46 25 37 56 69 95 109 117 141 147
46 17 22 48 52 91 104 124 181
46 16 57 68 101 110 131 140 144
46 38 86 90 112 126 164 175 177
46 6 52 95 101 103 108 150 172
46 25 29 37 53 62 161 186 194
46 45 50 91 124 138 155 177
46 1 8 78 83 152 154
47 5 19 24 39 89 98 102 129 141 179 184 186 198
47 2 33 69 94 106 108 116 129 136 157 162 180
47 6 24 31 77 101 115 118 123 132 166 171
47 47 60 106 148 151 167 175 178
48 8 14 15 28 52 61 62 85 126 129 139 163 174 193
48 11 28 34 74 82 96 99 141 153 167 169 182 197
48 9 11 17 20 27 132 143 160 162 163 167 197
48 12 26 58 74 78 114 118 139 149 152 174 182
48 0 8 10 39 56 89 98 101 125 153 177 194
48 27 33 42 45 59 77 86 89 105 186 195
48 66 79 92 98 102 137 152 163 168 188 199
48 10 25 35 37 55 62 123 125 142 146
48 0 56 116 118 126 149 168 173 184
48 9 23 33 42 60 74 89 90 154
48 36 37 48 79 83 112 134 164
48 10 40 115 118 129 137 180 182
48 37 48 142 157 171 179 187
48 39 48 98 107 112 121 139
48 35 46 105 111 138 164
48 19 142 153 154
49 13 42 56 60 61 65 73 85 90 94 108 128 140 174 198
49 10 25 44 123 151 157 164 175 180 185 195
49 8 31 37 44 58 80 81 87 137 150 185
49 33 55 108 113 119 129 163 167 178 181
49 30 55 74 97 109 151 180
49 11 21 39 48 57 131
50 10 13 29 49 72 99 101 109 112 116 124 131 141 148 152 177
50 11 23 41 50 73 89 129 130 142 148 169 186 188 196 199
50 15 52 59 97 124 126 129 132 153 160 166 176 177
50 18 38 72 81 99 102 110 135 136 157 158 178
50 30 33 35 58 75 103 106 111 158 189 198
50 8 21 96 130 149 155 167 186 194
50 20 33 37 105 115 122 156 160 178
50 74 92 98 107 130 138 146 195
50 2 19 26 44 86 87 157 185
50 2 45 61 66 131 143 171 174
50 92 94 114 153
50 101 114 120
51 19 40 54 69 88 89 104 117 126 128 131 134 137 139 148 181 189
51 15 30 36 101 114 116 124 129 146 164 191 192
51 23 26 34 45 82 85 113 116 117 133 147 174
51 73 85 86 91 92 110 132 133 155 179 180 187
51 46 51 72 75 84 101 133 150 159 169 186
51 3 14 17 34 51 101 133 137 145 168 186
51 5 16 22 62 105 109 125 165 171 180
51 23 40 55 61 86 89 114 155 181
51 8 30 40 54 64 74 195
51 45 72 78 127 129 162 164
51 26 42 49 143 150 156 182
51 7 28 106 125 136 139 155
51 9 34 51
52 13 30 47 53 59 72 90 117 119 121 131 133 141 171
52 10 20 43 68 71 72 80 100 137 175 187 198
52 8 15 16 25 60 68 75 98 122 141 146
52 21 27 38 56 58 75 95 127 164 168 191
52 6 33 49 71 110 121 142 143 148 184
52 24 50 54 67 75 121 163 167 193
52 17 20 22 43 102 109 119 122
52 20 34 91 149 155 165 193
52 21 56 77 147 154
53 9 11 20 30 35 63 75 80 91 104 107 109 146 162 172 196 197
53 6 7 10 13 56 98 99 126 132 144 146 172 181 182 183 190 195
53 16 22 43 46 48 49 54 129 164 169 175
53 33 36 38 41 53 61 90 134 152 170 197
53 5 36 41 44 57 93 166 175 183 188
53 14 53 69 83 142 147 186 187 189
53 17 42 44 49 69 130 141 144 189
53 2 6 9 18 62 78 87 184
53 3 8 25 39 126 128 173
54 13 20 21 44 48 63 71 81 87 101 113 119 142 157 158 162 184 190 198
54 3 20 39 43 63 90 94 95 100 112 140 141 161 165 184 199
54 10 26 45 57 77 80 82 83 105 107 121 147 154 158 183
54 16 19 32 40 45 56 67 86 96 109 125 134 150 184
54 34 44 47 50 73 106 118 137 144 167 174 182 187
54 43 58 68 96 109 114 160 164 169 177 183 197
54 63 70 76 91 94 98 128 142 157 161 180 195
54 33 89 92 103 106 109 116 118 130 140 149
54 29 55 72 77 167 171 172 178 179
54 60 106 108 109 114 143 144 147
54 58 59 101 103 105 129 187 189
54 54 77 121 138 149 157 186
54 1 6 104 110 171 187
54 59 90 121 166
55 28 29 33 72 82 93 129 141 153 154 159 160 174 175 197
55 15 16 18 22 38 75 81 93 100 114 150 157 161 189
55 11 16 32 72 116 122 140 143 152 153 169 170 189
55 2 11 24 34 46 51 70 132 161 164 171 189 198
55 1 14 16 18 21 42 74 105 106 130 166 182
55 13 17 29 53 75 131 137 171 186 190
55 58 82 93 108 125 139 156
55 25 28 58 64 140 187 195
55 18 67 80 135 160 191 194
55 54 97 121 141 195
56 8 10 13 17 19 71 81 102 106 115 138 169 194
56 43 59 92 116 141 145 152 153 158 160
56 20 29 42 46 83 84 115 118 127
56 46 64 99 111 141 162 175 176 192
56 36 37 79 105 118 126 167 180 194
56 7 8 30 40 64 79 118 181 196
56 56 119 132 145 159 164 165 174
56 7 38 58 68 80 95 98 188
56 13 23 90 154 168 193
56 66 74 159 173 178
57 6 22 35 60 72 95 104 111 119 120 135 141 142 143 162 172
57 28 30 47 67 93 97 106 107 119 123 137 148 149 171 194
57 8 18 27 45 52 60 108 110 112 113 116 147 155 163 165
57 24 50 52 57 58 81 92 112 129 155 163 192 193
57 10 30 43 87 107 114 124 140 142 143 150
57 19 44 71 91 122 154 166 180 184 192 195
57 17 22 30 32 35 36 48 56 161 196
57 35 48 66 105 153 160 162 172 194
57 26 59 110 115 135 155 163 168 195
57 0 2 93 101 107 152 186
57 29 31 66 130 138 144 166
57 34 94 113 121 162 168 197
58 22 31 37 54 56 71 74 77 82 99 102 105 155 188 190 191
58 22 27 29 33 37 39 98 115 148 158 163 188 194
58 8 23 40 59 78 83 84 110 129 136 177 196
58 45 46 47 109 122 128 134 144 151 152 157 189
58 26 75 82 86 87 89 112 118 134 141 178
58 11 23 73 77 99 107 112 135 136 172
58 6 21 23 86 105 113 141 152 192
58 15 45 72 81 83 149 161 162
58 29 33 98 99 103 107 153 189
58 7 58 90 105 110 134 197
58 8 39 66 103 187 195
58 87 146 155 161
59 17 19 29 36 51 56 69 77 105 106 112 132 175 177 193
59 14 66 67 101 112 115 150 152 156 167 173 197 198
59 13 20 21 35 43 46 97 98 121 128 154 167 172
59 15 25 31 44 76 93 97 126 128 135 136 164
59 9 19 70 71 115 133 138 145 149 164 166 170
59 13 14 41 55 74 91 128 148 160 167
59 13 14 22 50 67 118 139 160 172 180
59 0 4 7 8 70 89 169 174 175 180
59 23 28 70 78 131 134 140 147 196 198
59 10 13 32 68 96 118 176 177 184
59 11 30 40 44 78 94 96 193
59 47 80 130 136 150 197
59 12 31 74 160 175 184
59 1 59 101 106 193
60 11 12 17 32 53 55 69 84 141 181 193 194
60 14 30 35 38 59 74 80 94 107 143 186 191
60 3 10 15 17 22 94 108 129 191 199
60 3 33 50 54 55 71 77 119 159 163
60 54 70 76 92 99 120 122 180 184
60 3 5 23 47 90 123 172 183 199
60 9 46 50 73 128 143 155 156 192
60 15 17 19 28 47 107 112 149 168
60 1 26 54 56 90 105 149 156
60 16 28 56 94 124 197 199
60 4 15 53 58 114 119 173
60 38 53 65 82 91 182 195
60 45 61 67 130 132 180
61 9 25 26 34 37 39 46 50 58 70 73 84 100 117 126 145 153 178 199
61 10 13 30 48 54 55 61 75 84 127 128 137 172 176 198
61 36 48 60 61 71 94 103 110 151 170 181 188
61 4 15 19 43 64 89 134 151 161 170 182
61 14 20 45 52 56 64 76 87 180 182 192
61 5 8 22 24 28 36 163 174 190 191
61 0 45 75 89 109 111 113 133 167 176
61 7 43 46 67 163 181 190 197
61 7 13 31 45 60 122 149
61 22 59 92 148 179 197 199
61 17 28 36 115 131 145 179
61 27 32 81 91 103 119 165
62 20 43 70 73 82 83 87 95 99 112 118 138 162 164
62 6 8 10 19 23 77 85 91 112 122 126 139 164
62 49 52 67 69 72 74 109 123 139 169 172 193
62 24 32 33 80 112 127 134 160 177 181 188
62 21 53 61 65 66 92 127 141 183
62 30 43 58 94 108 111
62 124 136 167 175 186
62 19 28 33 92 120
63 11 15 17 39 59 60 68 69 81 92 94 136 146 164 167 178 196
63 10 44 55 59 63 70 78 114 130 146 155 164 189 194
63 13 21 27 30 35 36 42 47 49 102 108 126 173 183
63 0 2 35 50 62 75 80 123 134 137 168 170 191 197
63 31 37 60 71 99 113 119 146 152 192 194
63 6 12 20 24 32 34 64 87 109 121
63 35 61 63 99 103 136 142 151
64 3 7 8 25 58 64 86 110 113 116 143 174 183 191 193
64 12 55 67 69 76 78 82 96 99 106 123 138 178 188
64 17 19 72 83 91 94 136 142 146 173 192 198
64 20 57 61 76 81 86 123 134 145 150 197
64 13 17 22 38 56 75 76 126 146 171 179
64 4 16 38 66 68 75 89 111 115 133
64 9 16 52 70 99 102 104 157 177 196
64 26 49 50 141 171 196
64 41 44 90 119 136 197
65 11 14 17 67 73 83 86 144 151 164 179 182 197
65 12 44 60 73 92 136 153 178 182 185 190
65 37 67 76 85 98 108 118 143 165 177 196
65 9 23 49 80 88 131 142 150 153 178 181
65 32 74 77 119 121 127 169 180
65 32 57 66 76 97 138 180
65 54 140 142 166 185 198
66 1 29 30 45 46 61 86 90 123 156 180 184 190 198
66 28 51 59 64 73 81 86 107 110 129 147 194 199
66 1 3 9 23 62 64 70 103 107 149 172 181
66 36 58 78 97 100 104 124 150 161 171 180 197
66 6 19 23 37 43 61 65 114 117 161 176
66 3 19 28 50 63 73 79 85 96 118 128
66 49 54 97 98 119 178 183 186 192 197
66 13 47 64 67 103 119 136 173 193 195
66 21 26 31 126 139 150 152 182
66 22 116 128 156 183 192
66 6 93 152 172
67 16 17 18 33 63 68 83 85 116 146 156 170 175 190 193 195
67 1 24 30 37 49 59 114 122 124 137 159 161 184 185 195
67 36 40 63 92 103 111 116 120 121 145 152 162 190
67 37 38 49 82 102 105 116 128 141 148 154 159 179
67 5 10 11 17 36 88 102 105 131 134 141 153 177
67 1 12 32 51 71 76 92 121 131 142 163 188
67 27 29 49 54 98 108 112 114 118 147 171 181
67 24 39 44 56 57 67 68 122 164 173 181 193
67 14 17 19 90 124 134 137 141 144 173 187
67 60 63 70 80 82 92 116 118 136 152 153
67 12 32 72 74 78 80 84 90 127 196
67 28 34 35 54 87 110 133 180 181 185
67 0 34 50 85 92 101 119 131 190 192
67 6 52 55 76 88 95 105 113 191
67 11 50 99 122 127 143 170 181
67 46 78 83 85 106 130 132 185
67 7 34 72 76 111 112
67 22 28 38 93 109 173
68 17 19 38 45 66 89 91 96 121 129 161 171 192
68 4 25 37 60 90 101 123 135 159 161 176 199
68 14 31 89 91 102 104 109 134 167 177 182
68 5 17 44 49 57 89 94 132 135 169
68 7 33 51 62 64 122 147 166 196
68 5 36 73 92 109 119 178 187
69 1 2 12 30 41 43 55 70 99 106 112 126 178
69 15 16 54 61 63 85 88 99 103 124 131 190 199
69 0 22 23 69 76 99 114 116 118 151 180 186
69 44 48 54 70 77 92 116 128 130 158 185 191
69 13 26 44 74 91 101 111 123 149 173 180 193
69 21 41 60 74 92 100 154 186
69 42 45 54 63 69 153 166
69 46 74 98 100 139 189 196
70 20 35 55 88 97 125 151 170 171 176 187 189 195
70 18 40 116 129 139 154 158 176
70 40 52 117 120 154 158 180 195
70 38 47 61 92 175 199
71 31 35 41 55 71 76 93 106 112 115 145 154 194
71 2 11 14 38 50 98 114 123 134 142 146 186
71 21 33 37 67 89 116 151 181 185 199
71 2 12 20 30 41 61 107 125 174 198
71 13 22 45 52 94 108 116 135 169
71 3 49 51 54 93 106 132 139 152
71 10 48 71 85 112 114 187
71 4 10 24 32 87 91 183
71 34 51 56 125 142 160
71 27 37 45 89 125 130
71 9 20 100 112 125
71 27 28 81 112
71 47 131 195
72 8 24 26 54 61 66 72 96 122 123 124 127 142 144 170 173 179 182
72 11 34 45 49 58 59 60 88 91 122 129 152 165 180 190
72 35 38 47 49 51 53 59 65 77 88 104 161 165
72 9 22 34 70 80 94 141 143 161 166 167 169 199
72 1 31 38 59 68 74 103 134 193 199
72 28 37 54 58 65 67 166 169 174 180
72 19 20 59 77 87 109 112 122 184
72 20 44 74 85 90 109 115 135 181
72 19 87 128 161 169 183 187 194
72 111 114 135 139 170 196 198
72 32 56 138
73 7 11 15 16 24 43 67 73 78 81 92 146 156 162 163 170 177
73 10 42 48 50 51 67 68 79 107 120 121 144 152 165 175
73 5 60 75 87 135 142 159 161 185 188 198
74 3 51 59 90 92 108 142 145 175 177 188
74 2 27 30 46 56 77 98 133 146 186
74 7 71 77 82 93 100 109 131 178 189
74 75 112 127 136 140 166 193
74 59 61 62 66 114 125 166
75 12 20 34 47 50 51 72 84 131 137 151 157 167 183
75 19 38 45 64 82 96 98 129 145 146 149 171 193
75 5 11 22 62 72 80 103 104 123 132 140 159 177
75 4 32 76 79 88 91 94 95 106 130 143 183
75 1 18 28 73 77 101 120 145 153 182 193
75 24 58 59 103 104 122 133 145 169 177 188
75 42 44 68 122 123 155 158 169 177 179
75 12 27 52 55 73 75 93 116 138
75 15 29 38 50 66 99 126 156 189
75 2 25 26 36 103 116 160 164
75 58 59 68 71 150 181 199
75 77 83 94 105 123 172 185
76 0 27 58 80 95 98 121 148 169 175 191 195 198
76 9 19 36 68 103 117 120 124 164 168 172 178 183
76 5 33 55 75 76 94 136 140 156 159 194
76 48 50 64 73 91 106 115 118 123 138 163
76 8 32 46 99 130 134 154 165 170 171 177
76 71 87 117 120 131 132 134 154 161 172
76 11 13 26 44 99 140 141 166 168 198
76 3 65 82 84 123 147 169 185
76 7 59 79 111 165 174 185
77 0 5 10 11 45 55 71 77 85 95 131 138 141 166 187
77 2 3 7 9 37 61 76 82 96 98 143 147 153 156 199
77 0 8 26 34 57 83 85 114 115 117 118 138 178 183
77 7 30 59 72 94 95 113 126 171 192 193 194 198 199
77 3 5 7 42 49 64 92 136 148
77 21 25 64 93 99 106 157 165 172
77 8 32 59 109 139 158 164 177
77 23 46 49 104 128 146 157
77 23 39 42 72 98 102
78 0 1 2 54 60 77 88 90 93 111 113 132 134 156 181
78 8 46 69 95 96 101 109 130 146 163 166 169 171 188
78 14 18 41 44 94 97 108 119 124 148 149 152 193
78 4 30 39 51 57 75 94 103 151 178 184
78 21 23 56 80 83 86 87 146 161 167
78 13 51 59 81 96 104 139 164 193
78 0 8 45 70 106 128 134
79 4 6 22 31 44 77 79 90 112 125 134 163 172
79 9 31 71 99 105 108 147 149 154 165 179 192
79 10 15 26 36 88 109 127 151 169 187 190
79 1 30 44 52 54 62 105 158 168 186
79 2 4 11 47 148 149 175 182 194
79 2 34 42 56 58 70 102 127 132
79 47 75 81 112 154 165 172 180
79 13 14 51 62 98 174
79 81 86 165
80 6 18 44 72 117 134 150 165 170 175 179 185
80 1 4 6 16 73 91 93 104 129 179 189 195
80 10 11 21 27 34 49 63 81 116 119 154
80 7 9 15 48 51 97 136 184 194
80 44 47 52 62 65 133 134 171
80 50 65 74 76 113 176 186 194
80 48 60 100 127 140 168 182
80 11 20 70 71 72 158
80 4 18 53 60 63 183
81 22 26 34 38 80 90 92 97 112 114 131 136 160 163 177 181 185 198
81 17 18 66 74 75 82 88 94 112 124 150 160 176
81 11 26 40 55 57 67 101 132 134 153 174 198
81 23 57 62 65 105 112 118 121 148 166 196 199
81 13 20 89 108 124 129 143 156 161 180 190 191
81 4 13 110 150 177 196 199
81 111 118 135 144 187 190 194
81 33 55 96 116 128 134
81 64 119 143 164 170 177
81 24 110 120 153
82 13 19 25 29 47 55 59 66 67 80 108 113 114 132
82 12 65 85 88 100 133 153 157 161 172 173 195 197
82 3 56 61 62 73 89 119 139 174 175
82 33 64 76 97 113 131 159 171
82 31 65 118 152 154 177 196
82 14 32 72 127 146 180
82 19 77 101 162 184
83 20 34 37 38 46 52 63 72 102 156 176 187 191
83 18 34 59 67 77 91 149 150 154 168 178 180
83 21 26 29 35 44 46 50 76 122 177 194
83 8 18 28 75 92 94 137 142 143 152 188
83 0 11 35 71 123 128 130 147 169 190
83 30 91 137 138 139 145 164 186 188 199
83 18 22 63 65 68 95 128 135 160 168
83 21 22 34 36 61 70 93 164 171
83 13 45 64 80 82 95 152 185
83 33 82 92 103 143 155 171
83 22 43 53 93 124 136 152
83 52 56 69 82 116 133 184
84 4 23 54 65 69 72 111 137 154 169 172 173 175
84 13 23 26 39 53 62 67 68 74 89 185 186 188
84 32 33 50 53 78 89 137 152 154 199
84 13 43 50 81 86 87 136 154 168 196
84 18 84 96 102 125 146 167 178
85 7 18 20 21 52 75 91 106 110 123 184
85 12 15 75 87 89 95 104 113 141 163 177
85 0 1 20 52 53 55 148 162 189
85 16 34 45 70 73 106 169 171 186
85 4 13 56 67 94 106 123 126 159
85 20 29 37 43 51 52 58 76 117
85 3 8 9 38 42 64 101 120
85 13 41 98 109 161 175 177 197
85 96 99 102 112 117 150 185 196
85 60 71 77 95 122 131 151
85 6 12 41 46 77 87 136
85 4 14 46 105 179 193
86 9 11 14 27 48 53 54 64 70 83 85 90 91 119 130 182
86 14 24 29 30 34 57 63 66 81 103 139 162 169
86 7 9 25 35 50 51 59 81 82 88 97 134 143
86 4 19 32 38 41 108 115 116 122 138 160 189
86 10 31 60 96 97 142 157 160 163 189 191
86 25 60 77 78 106 131 153 157 164 188
86 14 26 55 59 97 102 138
86 53 55 74 135 163 170 181
86 0 25 69 139 154 194 197
86 22 56 72 127 175
87 4 12 29 38 60 63 68 79 83 87 93 116 128 138 154 157 179 192
87 4 13 19 33 39 51 73 117 122 125 133 134 135 152 182 191
87 6 14 24 59 85 89 104 109 111 112 119 139 144 149 172
87 7 9 19 30 37 69 71 105 113 122 150 155 174
87 32 49 56 77 94 98 100 131 144 173 183 193 194
87 2 16 37 39 63 74 77 89 98 102 112 153 171
87 13 26 33 38 45 58 91 106 107 177 179 197
87 18 60 76 82 95 106 116 117 122 139 146 180
87 11 14 56 58 69 87 108 133 134 135 159 160
87 8 23 37 41 58 87 91 115 119 130 145
87 5 10 15 16 73 88 94 143 157 186
87 9 11 29 63 92 120 126 151
87 9 109 154 167 178 179
87 67 79 100 143 151
88 12 18 23 44 67 73 74 82 96 114 164 169 184 194
88 0 34 63 86 93 102 105 116 124 143 160 162
88 19 85 97 107 110 123 129 139 164 169 179 189
88 47 65 70 96 117 137 144 146 151 155 178
88 9 12 30 82 102 103 106 140 171 190
88 6 27 80 85 151 181 188 196 197
88 55 59 72 74 110 122 167 177 179
88 20 78 88 115 146 165 169
89 31 32 80 82 111 120 143 150 152 177 179 182 185 197
89 4 17 26 49 74 80 103 105 140 148 149 150 194
89 8 29 33 36 69 84 101 123 155 174 188 192
89 23 37 38 40 64 85 89 93 127 130 190
89 17 35 46 56 62 71 113 167 186 191
89 13 22 56 73 82 84 88 146 174
89 33 35 36 147 169 187 197
89 17 49 59 99 180 182
89 45 67 107 137 159 189
90 5 9 32 37 68 109 116 135 145 148 183 188 193
90 8 41 67 83 91 111 119 134 174 186 198
90 4 6 89 109 117 121 151 178 182
90 12 83 98 131 136 147 199
90 12 43 70 93 124 140 198
90 23 44 150 162 179 187 189
91 26 30 49 53 56 67 93 99 112 113 127 132 152 166 167 175
91 3 16 17 25 27 31 63 74 84 105 110 114 146 151 158
91 44 45 50 56 59 63 91 98 102 161 189 192
91 33 43 44 61 78 109 150 161 176 179 195
91 14 57 61 69 84 151 155 165 168 170 174
91 51 60 63 74 75 129 135 160 171 181 190
91 7 16 18 27 28 88 116 146 164 183
91 37 46 51 122 130 145 175
91 31 39 61 117 138 155
92 0 11 62 74 83 107 126 146 153 160 190 192 199
92 0 8 50 52 60 92 97 106 110 116 125 168
92 11 65 68 78 98 104 105 106 128 141 143 185
92 28 56 75 85 90 92 131 139 152 176 195
92 6 34 53 68 72 81 146 155 170
92 5 10 55 77 83 121 135 158 166
92 18 20 51 79 107 161 174 177 196
92 5 7 61 124 135 143 146 155
92 43 63 77 79 110 155 164 197
92 15 24 52 79 83 112 126 191
92 42 59 60 64 78 93 102 164
92 134 135 155 160 185 187
93 34 35 49 74 91 115 123 135 139 143 146 178 187 193
93 8 30 63 78 84 95 122 130 134 143 158 184
93 3 42 49 53 63 68 90 139 140 157 189
93 3 48 84 128 141 146 166 171 178 181
93 79 91 112 117 127 142 154 168 174 177
93 2 36 65 70 71 114 126 127 161
93 1 14 25 50 52 71 131 191
93 9 56 60 87 107 116 180
93 3 11 46 84 114 156 162
93 66 74 78 82 83 166
94 22 41 42 45 106 108 114 131 136 139 154 168 177 179 181
94 4 39 43 46 50 76 85 106 152 167 194 196
94 2 18 29 30 89 116 124 131 179 181 184 188
94 36 47 61 102 115 148 163 164 168 179 187
94 11 40 59 83 104 118 135 138 139 144 181
94 8 22 29 38 75 112 125 138 173 185
94 0 5 14 56 79 97 108 146 185 195
94 1 38 41 47 54 95 131 148 149 189
94 14 33 48 67 130 142 157 179
94 53 59 101 104 108 116 125 198
94 68 74 85 88 101 145 171
94 17 27 33 79 88 151 170
94 12 15 46 99 178 192
94 41 55 122 160 168 181
94 115 118 123 168 177
95 1 2 15 42 55 61 67 83 91 135 137 143 155 185
95 4 21 45 57 58 77 80 105 111 115 142 146 154
95 20 31 46 64 69 87 118 125 135 166 171 184
95 21 36 65 68 102 123 138 146 163 188 196
95 1 18 57 62 70 82 99 128 177 184
95 26 35 82 87 106 107 113 151 160 163
95 69 91 115 138 146 150 164 198
95 40 88 106 109 153 161 170 177
95 12 45 91 127 147 150 189 199
95 16 101 102 113 123 179 180 183
95 1 7 16 37 61 110 131 143
96 0 8 24 34 37 51 60 65 79 89 97 100 106 108 127 141 184
96 0 9 33 38 40 54 65 102 105 112 127 134 156 194
96 20 28 29 47 57 64 67 80 113 119 122 164 178 199
96 5 13 29 77 108 125 130 137 155 157 165 172 183
96 2 12 26 32 38 92 94 137 145 175 187 196
96 23 36 43 67 69 86 131 160 169
96 3 47 54 60 71 73 173
96 0 16 112 127 137 187
96 13 52 102 107 173
96 0 18 59 125 152
96 46 82 86 158 178
96 39 51 167
97 0 6 13 18 57 80 99 107 115 136 155 175 191
97 15 22 25 26 65 67 69 84 87 129 156 186 196
97 52 91 92 101 106 120 124 127 138 165 182 195
97 51 58 60 79 82 111 115 124 141 150 160
97 27 51 63 77 86 98 108 174
97 53 82 117 123 142 179 193 195
97 49 63 84 97 129 150 157
98 26 37 59 71 92 116 125 128 137 141 147 151 199
98 15 18 33 38 78 89 103 132 137 138 185 189 197
98 2 6 11 27 49 53 86 107 123 178
98 44 47 65 73 89 104 126 129 140 149
98 21 48 51 67 87 140 146 155 157 183
98 7 10 28 68 79 108 147 165 172
98 10 68 69 73 93 123 185
99 6 11 25 45 47 55 59 100 109 132 141 149 187 189
99 27 42 51 56 76 85 97 122 152 188 198
99 2 3 9 67 72 93 96 116 117
99 19 37 141 148 157 167 169 171 176
99 8 49 68 69 123 135 167 179 186
99 37 64 92 114 163 168 181 197
99 15 21 47 61 67 118 155
99 8 47 54 81 91 141 187
99 2 12 57 110 142 171
99 9 23 28 36 95 113
99 23 107 175 179 199
100 2 7 9 14 30 32 49 88 94 96 124 139 170 171 172 174 181 196
100 22 32 37 56 59 70 74 83 85 96 121 147 165 189 197
100 4 18 22 58 80 92 93 117 122 150 169 190 196
100 7 27 34 43 52 102 104 113 145 148 156 177
100 38 65 67 101 115 119 148 164 169 175 180
100 13 53 69 91 121 129 134 141 186 194 195
100 9 44 67 94 109 119 121 134 162 168 169
100 19 29 65 71 108 143 144 180
