200 1000
1 2 3 31 69 90 106 107 109 131 137 159 178 180 182 197
1 1 17 31 61 74 75 88 106 113 130 170 189 195 198
1 12 18 31 37 45 81 90 108 122 126 141 186
1 9 10 11 20 32 97 109 125 127 142 153 177
1 48 53 77 91 100 130 149 153 163 172 183
1 46 62 73 75 101 117 141 174 175 181 196
1 9 13 30 32 40 61 81 100 128
1 15 27 44 61 84 86 103 140 155
1 4 9 16 38 80 94 95 117
1 38 50 64 69 143 187 197
1 18 83 85 98 105 159 179
1 11 93 132 185 189 196
2 4 8 9 13 44 74 75 76 82 136 142 143 144 172
2 11 16 28 31 35 40 44 65 103 117 121 160 180
2 5 12 30 46 48 60 64 70 87 99 103 109 163
2 18 42 71 92 117 124 145 157 163 181 196 198
2 48 49 60 71 78 83 96 133 165
2 11 25 66 71 80 81 93 143 178
2 52 67 70 80 103 106 132 152 157
2 26 31 49 52 53 88 98 104 119
2 1 111 117 137 149 158 169 182
2 30 55 59 102 144 169 171 184
2 26 45 50 60 72 151 188
2 15 18 22 35 120 166
2 75 81 166 168 190
2 80 89 118 174 191
2 22 45 60 99 151
3 11 26 35 43 44 78 104 115 121 125 138 140 169
3 11 46 52 68 74 75 103 107 117 120 144 188
3 16 120 121 128 136 138 140 153 156 158 189
3 16 19 26 35 65 72 164 169 175 185 199
3 5 52 63 74 88 127 132 146 147 157 161
3 2 15 18 22 31 63 108 157 164 195
3 40 52 64 67 99 102 113 127 140 184
3 4 50 70 83 93 94 106 128 131
3 28 31 50 77 116 135 161 164
3 3 14 25 66 67 91 126 150
3 25 28 68 112 124 127 137 169
3 24 62 65 71 78 122 184 198
3 53 85 134 139 159 184 196
3 0 34 87 91 151 172
3 74 87
4 14 20 39 40 43 63 90 95 126 128 175 176 179 189
4 10 11 15 40 77 82 89 137 159 174 179 184 191
4 34 70 81 93 135 147 155 174 176 188 194
4 11 42 75 87 89 94 98 100 148 186 190
4 1 33 62 83 115 119 131 155 166 191 196
4 15 37 40 49 81 96 132 147 156 180
4 2 5 8 48 64 78 87 149 172 178
4 10 14 60 139 142 149 165 169 183
4 2 8 32 33 51 63 79 121 127
4 24 30 39 58 111 122 142 181
4 2 5 25 32 73 77 78 120
4 69 111 139 161 185 190
4 5 37 75 89 111
4 89 90 135 162
5 42 57 79 94 104 109 110 114 120 164 174 190
5 8 13 54 59 71 117 129 140 145 146 199
5 87 89 103 104 130 136 150 164 170 174 187
5 21 56 76 97 115 128 142 149 195
5 54 59 83 84 134 136 149 163 177
5 18 46 51 60 88 90 124 128 186
5 9 22 41 75 90 162 189 193
5 16 22 37 64 96 121 191
5 11 67 68 92 143 170
6 12 26 47 83 115 118 124 129 131 132 164 177 189 196
6 13 18 50 66 97 120 133 147 148 162 171 174 198
6 4 28 29 30 38 83 86 107 111 138 140 162 196
6 6 10 15 18 57 99 115 124 130 132 142 145
6 10 11 43 48 54 69 81 92 113 126 138
6 7 28 37 44 54 74 87 90 163 171 174
6 22 28 37 55 64 113 125 139 168
6 25 40 44 45 63 64 80 133 153
6 11 24 82 83 102 150
6 11 24 42 74 81 90
6 27 67 81 109 121 159
7 3 4 28 35 83 88 102 109 139 160 176 182 183 190 193
7 17 21 39 65 67 73 83 105 133 144 156 162 166 183 196
7 0 5 6 51 55 62 67 92 113 134 144 145 189 198
7 15 33 42 52 56 60 86 95 96 147 154 170 173 184
7 31 53 59 67 69 71 72 84 94 110 154 184
7 29 42 47 112 133 134 138 164 165 188 190
7 25 32 36 46 60 74 88 135 170 171 174
7 11 38 50 66 98 124 125 155 179 188
7 0 4 19 22 58 68 87 132 134
7 37 74 81 87 90 104 106 135 198
7 5 9 22 26 62 93 96 105 139
8 8 24 32 35 64 77 101 108 136 142 157 181 194
8 28 35 36 40 45 48 113 117 129 140 166
8 16 76 104 112 113 120 126 150 153 198
8 3 53 69 80 93 96 122 143 180 185
8 53 57 61 64 100 107 113 146 154 183
8 18 28 43 90 94 105 125 146 151 177
8 1 24 78 84 91 105 119 143 163
8 26 55 69 82 112 141 174 186 199
8 26 34 83 84 104 115 136 151
8 0 9 19 36 42 101 114 155
9 17 37 39 41 71 78 87 99 116 119 185 194
9 1 13 28 65 68 79 98 116 152 153 162 165
9 9 31 75 81 99 117 124 135 151 154 171 179
9 39 42 49 81 82 86 103 122 129 193 198
9 36 59 96 132 142 144 183 185 196 198
9 9 23 39 61 82 126 133 155 180
9 17 52 70 81 166 194
9 68 86 98 106 107 171
10 11 15 26 35 55 67 92 98 102 165 185 189 190
10 16 32 43 50 55 117 123 138 151 152 169 195
10 23 27 28 53 96 104 121 125 136 140 146
10 14 23 28 40 79 121 123 126 158 182
10 5 20 79 107 115 128 173 177
10 14 23 29 84 103 112 114
10 6 38 107 145 172
10 18 105 136 157
10 75 126 127
11 2 16 29 31 35 46 71 72 76 94 98 137 138 176
11 4 15 21 32 52 56 77 88 106 113 118 151 157
11 10 24 41 50 88 98 107 111 114 122 144 159 195
11 4 23 30 41 57 114 134 171 175 180 194
11 5 27 57 98 121 137 139 146 153 182 194
11 7 44 53 81 85 107 110 120 144 190
11 11 39 79 116 135 138 155 156 176 196
12 14 20 21 31 39 57 67 81 85 88 101 103 134 145 146 159 171 181 191 196
12 17 24 36 40 41 45 53 54 55 73 77 82 88 89 109 135 165 170 174
12 50 64 74 115 123 135 140 142 157 167 176 194 199
12 1 3 19 20 29 46 53 140 142 149 150 160
12 11 42 56 85 104 117 139 156 161 182 183 189
12 58 62 63 95 116 142 146 150 171 172 190
12 14 16 67 71 115 120 136 140 159
12 43 70 109 134 142 144 152 162 168
12 30 39 48 51 52 55 87 110
12 14 18 43 121 122 146 148 154
12 31 42 68 89 111 113 140
12 6 23 92 99 116 120 155
12 0 33 38 88 109 130 190
12 40 55 96 131 170 187
13 8 11 12 13 60 89 109 126 128 129 144 164 189 193
13 8 27 37 78 87 105 115 132 168 177 182 185 197
13 38 42 50 62 68 76 114 120 135 142 145 153 183
13 2 7 23 27 30 31 59 82 94 124 140 167 180
13 2 26 63 71 89 109 116 159 167 171 186 193
13 35 83 102 112 123 155 167 190
13 21 40 87 112 141 178
13 25 37 61 107 129 143
14 9 12 19 23 57 98 113 122 146 166 183 184
14 0 6 16 25 39 40 76 150 154 157 176 178
14 36 47 52 53 57 67 71 105 107 159 160 184
14 2 8 13 58 122 126 152 181 186 188 192
14 15 32 34 36 58 78 116 144 148 190 199
14 7 99 119 135 141 142 148 152 165 168 197
14 2 14 20 85 109 110 143 153 155 179
14 13 17 57 76 120 124 144 149 172 183
14 27 44 62 81 129 149 168 175 178
14 15 27 37 43 70 91 100 120 155
14 14 28 50 61 115 116 129 177 180
14 25 54 63 81 128 149 161 184
14 10 24 63 75 76 89 104 188
14 58 90 143 165 172
15 3 9 21 45 50 53 66 91 95 146 179 183 186 191
15 2 43 51 56 78 80 82 108 109 156 173 174 175 190
15 4 16 21 33 38 43 58 77 114 148 156 166 197
15 7 18 19 24 48 78 90 98 112 141 165 171
15 16 24 54 55 85 95 111 122 140 158 170 195
15 6 27 31 36 45 55 63 69 116 145 181 189
15 21 23 44 50 94 101 113 114 156 172
15 2 28 34 75 126 127 131 145 174
15 3 25 43 50 55 132 133 139 142
15 56 69 70 90 92 119 152 179 197
15 4 16 18 25 112 167 174 195
15 67 71 86 111 136 160 187 199
15 11 17 112 116 126 157 158 176
15 69 119 138 171 174 177 178 199
15 32 44 86 121 153 159
15 16 151 156 177 179
16 18 89 93 111 130 132 156 177 194 199
16 25 38 50 77 90 95 104 142 151 156
16 33 49 61 81 95 189 192
16 78 129 131 137 154 178 194
16 2 8 51 93 137 148
16 60 88 104 179
17 0 9 11 16 18 19 23 45 55 62 73 88 127 129 131 151 163 164 171 187
17 4 31 42 76 108 125 130 141 157 186
17 24 30 57 66 96 100 122 130 150 168
17 14 32 47 75 86 105 109 141 144
17 2 5 55 106 111 125 194 195 196
18 3 15 20 31 46 48 57 63 107 120 136 140 149 179 199
18 0 1 30 33 44 63 91 93 95 106 133 139 146 153 193
18 14 19 42 48 49 60 70 76 83 85 97 118 160 182
18 26 35 50 58 64 69 145 171 197 198 199
18 50 53 79 92 99 102 106 129 173 185 197
18 22 25 30 47 64 119 125 142 152 159
18 19 39 62 72 130 143 156 160 182 193
18 18 40 102 120 148 166 183 187 189
18 64 78 92 98 101 152 155 162
18 46 65 108 118 129 148 170 188
18 30 53 58 77 124 133 162 199
18 66 85 86 89 136 163 176
18 39 71 115 122 175
19 19 24 41 48 103 119 139 141 145 188 190
19 8 16 24 29 63 87 109 148 158 195 196
19 2 5 20 32 50 68 129 172 189 195
19 2 22 23 32 34 36 43 57 99 193
19 5 38 46 49 56 69 80 102 111 114
19 38 43 50 56 108 116 131 132 178 179
19 62 79 102 104 109 130 187
20 8 13 17 20 26 34 56 83 116 127 145 152 153
20 35 37 40 62 68 91 97 112 124 128 134 169 198
20 10 15 39 79 84 103 104 148 166 175 189
20 32 54 57 58 62 104 148 160 166 175 179
20 4 24 39 42 45 129 176 177 186
20 22 24 47 51 52 82 87 160 187
20 3 24 35 51 76 78 126 129 137
20 10 55 62 81 101 144 158 185
20 26 42 69 76 96 171 199
20 57 79 119 151 158 159 161
20 23 51 66 116 137 149 190
20 0 8 49 61 172 173
20 41 100 157 181 187 196
21 2 27 36 88 103 118 124 145 147 173 175 180 183 188 191
21 52 58 97 106 110 118 142 159 166 195
21 27 56 67 96 102 118 136 145 147 156
21 41 53 61 85 92 100 195
21 19 51 93 96 119 170
21 16 64 93 149 158 194
21 15 35 99 175 186
21 50 51 52 85 171
22 3 8 44 60 67 85 102 112 116 161 191 192 196 197
22 20 29 47 48 57 70 117 119 153 156 160 163 192 194
22 19 23 37 55 76 80 84 86 95 106 180 182 189
22 2 6 14 25 32 37 49 56 122 147 175 179 192
22 0 61 62 107 127 161 164 176 177 179 182 192
22 1 34 38 63 64 100 101 102 125 180 187
22 11 18 26 90 111 147 150 155 168
22 16 59 95 104 140 168 181 186
22 7 50 55 126 130 159
22 48 84 129 187 191
23 1 5 11 36 46 100 103 128 137 150 164 165 168 176 184 199
23 38 42 58 64 65 89 101 120 124 136 153 173 177 179
23 8 18 38 47 76 95 117 122 128 133 150 188 189
23 18 19 24 46 56 74 84 92 140 177 194
23 31 32 34 37 51 100 103 158 174 175
23 62 111 123 130 131 132 149 166 189 192
23 15 16 37 47 48 69 87 101 149 192
23 18 68 115 116 120 127 152 188
23 23 38 54 90 152 158 179
23 34 38 57 91 178 193
23 32 51 157 163
24 37 45 59 70 80 84 97 110 118 122 124 129 138 159 163
24 8 29 36 39 50 56 76 90 120 146 171 199
24 59 65 89 94 119 161 165 169 190 197
24 7 36 78 83 85 87 149 162 178 187
24 7 26 38 51 83 103 114 139 166
24 43 47 51 57 134 140 143 189
24 67 73 123 126 161 173 176 197
24 13 18 25 118 153 166 181 191
24 9 39 90 91 105 142
24 10 78 107 115 140 178
24 61 111 171
25 8 29 35 41 66 83 91 116 133 134 139 150 162 181 184
25 20 39 51 53 56 60 96 100 110 117 118 129 135 154
25 16 34 73 90 132 137 150 163 167 197
25 4 7 52 75 76 142 148 167 199
25 7 51 52 66 72 89 112 187
25 27 108 110 121 131 149 180 190
25 39 53 85 127 162 172 175 184
25 29 38 106 144 152 193 197
26 19 21 44 45 72 78 79 85 93 102 109 121 127 135 140 177
26 30 55 62 77 81 83 99 100 120 133 148 195 198
26 22 27 41 65 71 79 88 100 135 138 150 152 195
26 2 15 18 24 74 75 82 100 129 186
26 4 29 79 81 100 123 140 141 158 178
26 31 57 58 187 195
26 36 49 145 160 199
26 19 27 106 146 177
27 4 13 20 45 79 115 116 125 128 145 159 166 170 175 178 180
27 4 7 9 24 29 32 40 65 67 114 162 166 167 189
27 6 29 32 77 101 127 128 134 142 145 154 157 197
27 4 11 20 39 73 92 100 120 127 132 163 172 173
27 34 59 73 75 83 88 95 120 125 139 150 153
27 13 33 36 58 62 86 113 129 146 158 192
27 27 30 35 36 70 71 100 162 181
27 36 37 73 78 95 101 112 187 195
27 7 10 33 72 108 159 195
27 82 121 139 150 160 167 180
27 8 15 53 96 168 175 179
27 4 25 65 71 152 179
27 98 99 115 124 142 145
28 15 21 31 36 37 59 63 68 77 105 123 124 152
28 0 26 54 79 81 111 115 132 140 146 150
28 4 46 64 76 91 92 102 129 149 161
28 8 74 96 100 105 154 166 175 192
28 80 96 98 103 120 126 138 152 166
28 30 35 116 128 141 146 184 197
28 35 39 49 52 157 165 179
29 1 21 26 52 77 113 129 140 146 153 167 186 191 193
29 16 34 40 62 119 123 136 146 147 149
29 36 41 44 53 59 84 140 169 192 195
29 16 18 23 29 48 59 70 108 112
29 38 81 87 98 112 121 157 178
29 23 37 58 71 81 102 131
29 14 48 51 74 136 141
29 1 49 100 191
30 1 5 22 28 35 66 77 78 81 85 167 172 182 197
30 37 44 59 60 68 103 113 139 159 160 184 189
30 19 83 88 100 105 127 128 133 137 164 194
30 27 31 76 114 115 117 119 135
30 68 97 100 103 132 133 136
31 4 8 23 30 35 42 67 101 106 114 136 143 174 179 190 192
31 26 37 61 63 77 78 94 102 120 132 137 148 152 173
31 32 34 62 64 66 71 137 143 151 160 175 197
31 0 5 27 105 107 147 153 154 164 171 179 182
31 8 9 27 40 70 95 96 103 139 154 162
31 4 21 45 68 158 173 177 180 197
31 31 34 36 119 150 170 197
31 3 104 128 132 187 197
31 26 47 56 78 116
31 14 74 91 148 189
32 5 15 16 25 34 40 48 49 69 76 96 125 128 130 159 170 178 198
32 24 37 39 54 58 62 73 80 98 99 112 114 121
32 11 26 43 49 63 82 96 102 110 124 145 185
32 0 51 53 91 114 120 136 139 143 153 167 193
32 11 25 54 101 118 123 126 134 151 155 169 183
32 1 24 31 48 70 72 89 129 179 186
32 3 8 18 35 105 111 130 132 135 196
32 47 100 138 141 160 170 175 183
32 6 45 47 50 161 166 194 198
32 25 42 72 124 133 176
32 37 58 66 75 183
33 25 44 59 72 79 80 89 94 112 115 147 165
33 3 8 17 68 76 86 90 101 156 186 193 199
33 10 21 43 56 108 132 142 172 176 195 198
33 32 44 67 70 78 108 142 154 187 198
33 4 38 61 65 70 76 102 122 130 190
33 20 33 49 55 61 98 102 115 121 199
33 3 39 46 139 150 171 191
33 5 12 14 42 76 83 118
33 3 37 65 74 198
33 3 54 135 171
34 20 51 54 60 62 64 66 73 94 111 112 117 151 153 156 166 187
34 1 20 51 65 89 119 124 127 132 171 173 189 190
34 4 5 21 72 106 139 140 143 163 172 177 188 193
34 41 50 67 92 104 113 118 127 148 150
34 11 30 34 58 102 122 165 179 188
34 12 26 49 53 121 126 130 148 186
34 40 43 45 120 169 171 184
35 7 32 42 54 93 115 123 125 135 140 141 144 150 151 158 178
35 2 34 38 47 68 76 98 145 154 187 191 195
35 7 30 78 149 153 159 163 166 170
35 26 79 85 101 108 130 144 167 191
35 1 17 60 62 87 121 145 153 181
35 6 37 48 101 106 109 117 120 192
35 0 19 35 58 68 124 186
35 20 23 26 150 173
36 4 40 49 68 70 77 86 99 108 123 137 152 168 190
36 1 9 72 112 115 121 130 152 169 183 196 198
36 7 16 38 62 76 110 126 130 143 146 194 197
36 4 5 8 42 69 71 80 104 118 120 140 163
36 33 51 54 73 76 88 90 131 135 153 158
36 25 43 48 54 70 86 96 118 142 187
36 26 31 33 41 101 145 154 163 180 194
36 4 35 67 86 138 145 149 165 168
36 10 49 77 79 114 117 121 143 157
36 15 64 83 90 109 137 145 146
36 27 54 84 134 146 161 165
37 13 40 41 45 53 57 60 67 84 87 98 112 168 171 190
37 15 24 34 55 57 60 70 126 143 163 180 190
37 15 46 51 67 105 122 124 126 131 154 181 199
37 38 43 58 64 85 109 126 138 172 181 187 194
37 47 76 79 89 93 98 103 152 163 164 182
37 4 29 68 107 119 120 137 138 139 189
37 10 11 18 31 78 80 92 101 146 156
37 2 5 11 13 19 22 85 91 172 183
37 24 36 76 81 166
37 23 38 61 88 151
37 34 37 64 84 98
38 17 30 42 60 62 86 108 149 155 164 172 176 199
38 7 10 12 40 52 54 96 145 172 191
38 16 17 30 36 127 132 177 185 191 194
38 3 22 29 91 126 138 155 157 188 195
38 14 61 96 111 117 126 146 148 150 152
38 22 55 76 85 131 158 188 192
38 4 45 51 66 94 122 146
38 22 24 39 84 85 111 133
38 3 26 29 56 60 102 171
38 44 78 79 158 166 179 182
38 19 30 76 109 157 167
38 56 76 127 164 187 196
38 12 81 110 136 185
39 2 5 37 52 56 66 69 75 94 98 100 101 133 150 197
39 8 16 21 31 45 55 67 70 84 101 128 163 180 187
39 14 40 54 73 89 93 98 123 146 156 159 167 189 191
39 4 5 9 27 31 54 57 72 78 82 89 109 115 186
39 8 15 17 43 72 116 134 135 137 150 156 177 184
39 15 16 17 24 26 31 96 146 147 155 167 177 185
39 7 12 23 47 60 131 155 163 164 182 192
39 3 17 31 44 71 74 87 140 144 156 172
39 23 36 99 157 160 188
39 23 86 93 141 162
40 15 21 31 32 43 65 134 135 155 165 170 187 189 195
40 5 44 80 94 103 120 127 135 145 177 179 181 188
40 19 20 32 40 44 51 59 97 127 155 165 180 189
40 4 11 16 19 20 24 54 99 106 141 149 178
40 21 70 94 97 100 101 133 134 136 146 169
40 7 14 48 55 78 84 87 106 152 181 196
40 2 78 85 90 96 123 134 137 160 165 168
40 3 9 11 33 61 71 86 164 169
40 7 19 48 50 116 137 142 161 192
40 23 29 78 102 107 116 147 178
40 14 15 18 34 130 143 157 182
40 23 56 65 77 96 163 199
40 73 112 116 130 151 189 191
41 0 15 39 62 76 83 99 101 118 122 129 131 152 167 195
41 25 43 53 54 63 71 72 100 106 109 119 148 151 194
41 3 24 40 43 50 61 67 102 127 128 131 143 192
41 32 64 74 77 102 116 120 125 127 139 170 174
41 25 34 45 55 92 95 103 116 123 158 178
41 0 35 50 69 76 137 165 166 190
41 39 52 55 62 80 131 161 178 199
41 17 35 39 55 56 105 135 157
41 31 50 63 68 171
42 9 14 29 63 66 82 91 106 109 111 114 118 127 141 143 148 154 163
42 2 11 29 36 59 61 82 88 93 101 104 187
42 6 13 74 77 84 152 154 167 181 191 197
42 30 42 60 85 88 108 112 124 129 141 155
42 1 11 18 34 58 84 90 118 191 199
42 22 42 45 51 72 119 137 168 186 187
42 27 32 47 61 90 115 150 163 198
42 6 25 41 64 88 120 121 141
42 7 15 52 106 107 113 170 184
42 4 56 95 126 173 191 199
42 12 14 19 113 173 176
42 52 56 62 78 84 175
42 2 76 102 125 151
43 10 19 28 58 88 93 102 111 144 151 175 188
43 11 71 74 77 98 117 125 143 151 155 173 174
43 6 28 67 79 93 102 103 143 154 156 170
43 7 14 31 42 67 86 148 160 170 194
43 35 55 57 61 66 72 78 92 178 183
43 22 65 102 104 144 149 168 174 196
43 1 7 13 14 23 63 66 139
43 18 25 51 109 116 173 183
43 91 96 116 140 148 161 184
43 8 39 118 132 144
44 0 4 32 53 66 70 78 84 123 130 134 153 192
44 6 9 30 35 70 118 119 122 150 180 181
44 4 19 26 28 74 75 98 113 123 162 188
44 17 43 45 46 100 132 140 146 178
44 37 74 82 94 165 177 184
44 25 27 28 45 93 117 151
44 25 60 71 77 98 179 187
44 15 59 116 133 135
45 18 45 61 66 67 75 92 99 105 138 172 180 181 188
45 11 14 22 29 44 76 78 87 92 100 150 158 178 195
45 16 48 57 60 82 87 102 125 127 128 179 186 193
45 0 20 43 51 66 82 104 118 129 143 196
45 3 20 53 81 90 100 107 147 179 182 189
45 42 77 108 132 134 138 164 183 195
45 21 46 77 87 129 160 161
45 90 93 99 122 181 197
46 6 10 25 32 38 77 99 108 111 113 126 170 199
46 29 44 59 64 78 88 94 113 154 158 174 179 186
46 4 8 10 25 36 71 76 89 119 126 135 181 194
46 11 15 17 28 33 50 103 125 187 196 197
46 17 47 51 95 98 114 131 151 155 197
46 10 36 48 65 97 101 109 154 161
46 1 44 64 71 132 157 162 172 187
46 33 36 47 63 105 107 142 174
46 0 18 22 41 79 98 163 188
46 17 89 128 131 144 145 184
46 5 28 71 108 129 146
47 24 32 37 56 57 61 62 64 84 92 103 128 131 147 182 195 196
47 8 12 14 18 21 32 44 50 65 72 99 136 158 167 178 190
47 2 15 18 23 90 116 130 145 154 155 176 185
47 25 60 80 113 142 151 157 162 168 181 186
47 4 9 42 102 120 134 155 157 158 170 181
47 2 41 53 71 79 91 108 142 159 176
47 9 31 34 38 64 106 130 145 149 188
47 1 2 35 54 95 136 172 198
47 10 63 84 118 151 163 174 176
47 4 28 92 108 131 154 164
47 21 24 101 161 168 183
47 27 100 139 157 177 199
47 11 15 74 96 149 164
47 42 52 79 114 144 157
48 13 14 31 37 41 75 88 95 100 126 148 199
48 30 35 49 93 100 109 112 114 121 178
48 7 23 75 79 165 170 187 190 194
48 14 96 112 166 174 178 179 197
48 0 9 44 64 100 134 193
48 67 92 132 140 141 194
49 15 35 57 60 68 84 94 107 145 147 154 155 159 174 176
49 0 6 11 33 70 76 81 87 91 135 162
49 7 17 43 46 51 78 87 103 107 116 167
49 21 35 76 80 105 112 147 163 167 180 190
49 7 14 17 23 82 98 135 154 157
49 53 63 86 107 143 152 163 172 198
49 5 48 81 86 99 115 157 188
49 72 76 90 101 131 148 159 169
49 96 105 111 116 122 133 174
49 33 63 132 174 183
50 2 17 55 58 81 97 106 121 131 178 187 188 196 197
50 4 8 17 23 35 54 69 74 114 118 124 157 177 190
50 28 54 64 65 74 100 108 110 116 135 156 180
50 37 40 49 57 59 82 91 103 106 168 173 188
50 1 3 15 23 33 65 67 111 118 153
50 7 62 92 116 135 138 139 152 175
50 14 79 129 137 164 180 184 189
50 4 25 68 127 143 160 163 192
50 23 45 103 157 158 174 176
51 10 26 77 87 105 111 132 139 160 162 181 198
51 17 33 60 61 75 89 101 118 137 169 173 195
51 11 33 98 121 140 149 155 181 188
51 6 51 86 126 130 150
51 39 42 114 150 157
52 5 45 66 122 123 138 143 147 149 160 178 181 189 194 198
52 2 15 81 97 113 126 128 143 154 157 175 180
52 6 67 71 79 92 97 112 116 127 142 167 169
52 24 58 85 100 107 112 125 186 187 196
52 1 21 35 47 135 138 153 179
52 24 29 35 67 109 122 136 151
52 22 29 44 62 77 151 189
52 14 62 63 68 97 127 143
52 0 29 95 112 145 181
52 21 137 140 188 191
53 2 16 25 38 52 64 76 78 87 88 122 136 137 142 171 196
53 16 45 61 62 63 97 119 134 144 145 153
53 16 19 24 43 58 72 93 131 191 199
53 2 6 10 15 28 51 72 101 186
53 10 36 39 45 81 83 94 163 166
53 71 77 87 123 141 143 154 157 186
53 22 38 41 132 138 150 168 185 187
53 5 16 61 67 77 86 128 160
53 25 50 59 69 74 118 172 179
53 15 38 70 81 105 125 167
53 79 97 108 114 162 186
54 8 31 32 43 45 47 51 69 79 85 86 100 116 153 165 168 171
54 9 18 38 41 63 79 82 116 137 169 170 180 184
54 50 52 57 62 65 80 81 115 125 135 161 193
54 4 13 19 32 40 50 72 89 119 145 180
54 7 23 63 95 129 153 172 182 192 197
54 9 16 61 87 118 168 172 174 195 196
54 34 51 57 127 136 152 174 192
54 33 62 64 70 95 158 177
54 11 78 120 126 130 182 188
54 11 13 36 89 103 121
54 50 78 101 150 174
55 37 43 48 72 75 84 89 92 104 109 128 146 157 160
55 6 14 27 34 62 94 134 148 151 160 169 172
55 14 33 74 91 93 97 123 148 187 194
55 5 6 19 45 60 89 102 167 178
55 6 12 57 58 68 73 152 165 185
55 15 16 73 83 122 127 167 170 196
55 43 50 76 106 141 160 180 196
55 0 31 104 121 147 172 184
55 0 18 47 89 135 175
56 24 25 33 41 51 56 59 60 76 82 94 96 130 144 150 155 174 198
56 10 33 34 35 36 57 78 82 88 90 108 166 170 177
56 11 23 27 51 62 70 91 99 114 165 186 199
56 14 26 32 37 56 81 90 122 127 165 175 185
56 17 38 49 61 64 68 80 83 142 149 154 188
56 13 21 22 61 66 72 82 165 170 183 186
56 3 13 14 38 67 90 94 109 121 142
56 4 31 37 39 42 50 103 107 113 191
56 30 45 71 72 111 117 171
57 15 20 35 52 68 101 111 118 135 137 139 154 176
57 16 48 56 85 86 96 97 104 128 151 172 178 191
57 3 26 43 51 59 127 131 136 170 187 188 193
57 19 30 37 59 66 76 98 101 142 151 155
57 31 42 115 118 121 137 149 150 175 176 194
57 7 30 36 53 67 69 76 128 166 195 198
57 13 20 31 33 69 76 97 147 156 160
57 14 35 70 85 89 104 117 118 131 197
57 40 46 49 56 68 84 94 161 185
57 0 67 114 128 136 163
57 11 47 74 109 152
58 44 51 59 82 91 101 109 123 127 134 144 172 186 188 193
58 6 10 12 61 64 69 73 88 115 146 147 159 173 174
58 45 124 125 145 149 150 155 157 158 161 183 185 189
58 1 12 20 45 62 67 126 140 156 197
58 34 58 61 78 80 110 132 136 173 187
58 3 6 19 74 95 133 134 139 174
58 5 8 42 52 80 109 187 193
58 4 20 36 108 140 159
58 65 93 127 129
59 2 17 18 34 49 58 62 79 82 111 122 125 133 146 152 153 154 158 169
59 17 37 50 58 66 76 100 112 119 131 143 159 181 199
59 0 2 79 80 83 88 155 156 157 171 176 179 184 192
59 4 42 60 66 76 80 101 105 121 140 141 158 172 183
59 42 43 81 84 98 113 126 127 140 148 160 184
59 26 28 31 45 60 80 85 118 149 191 195 197
59 44 54 87 95 102 113 154 175 193 198
59 16 24 25 31 70 78 108 142 167
59 6 58 75 86 125 145 174 194
59 2 7 66 70 118 124 154 185
59 29 64 75 85 99 104 134 188
59 14 90 97 103 111 187 196
59 20 40 87 189 195
60 23 36 48 53 59 83 101 111 137 152 175 186 190 196
60 9 21 35 36 61 68 94 109 162 170 176 184
60 6 15 23 56 66 75 87 121 136 193
60 16 25 67 75 84 99 179
60 14 59 106 116 117 118 145
60 26 38 58 108 170 182
61 2 3 15 18 33 57 82 83 86 113 121 123 132 140
61 17 27 33 35 46 75 124 132 135 182 186 190 195
61 32 37 47 57 60 97 100 126 187 189 191 196
61 4 13 44 52 88 107 159 162 190 195 198 199
61 4 7 29 32 49 57 78 80 115 117 197
61 24 58 81 91 113 122 139 140 162 166 172
61 2 48 56 78 117 150 165 185
61 21 36 97 101 107 113 131
61 2 41 54 189
62 8 9 14 59 81 88 93 94 107 132 145 183 197
62 11 15 21 28 35 45 85 121 149 152 160 170 177
62 1 6 21 57 74 75 128 134 181 191 193
62 24 40 86 122 154 159 172
62 107 133 138 158 168 191
62 2 22 81 82 188
63 7 12 35 46 55 64 96 114 128 133 144 153 173 175 187
63 1 3 22 37 47 67 72 145 149 164 179
63 22 34 79 92 100 105 110 125 149 190
63 28 50 77 97 101 103 130 146 154 191
63 17 19 43 44 68 116 121 125 161
63 16 39 59 103 139 150 153 156
63 65 104 108 123 130 160 182 189
63 5 19 25 27 101 144 179
63 32 39 63 85 153 155 169
64 19 22 26 30 31 50 59 85 104 117 133 135 136 155 170 172 190
64 25 26 31 35 42 46 60 62 106 107 138 146 170 190
64 28 40 63 96 97 100 102 128 140 141 151 165
64 22 28 42 70 72 79 94 99 126 129 171 189
64 8 28 35 36 37 40 43 56 63 92 183
64 4 9 13 42 108 133 137 138 163 170 187
64 25 39 47 98 112 124 153 170 174 179
64 10 23 44 47 60 99 126 150 187 199
64 1 35 39 65 84 99 151 155 182 191
64 0 2 21 23 39 45 109 131 149 186
64 2 22 23 29 66 79 151 154 182
64 2 9 23 40 78 106 152 170
64 10 82 99 115 124 137
65 1 6 34 77 94 100 101 105 108 123 138 142 150 189
65 17 23 55 69 103 112 116 139 143 147 174 192
65 1 6 17 81 90 153 155 181 184 194
65 1 10 27 42 92 95 99 110 126 177
65 4 31 40 52 60 73 150 167 183 188
65 13 29 85 91 136 137
65 8 27 62 134 154 198
66 5 42 55 66 67 70 71 132 134 146 160 167 177 181
66 2 4 33 42 60 89 104 114 138 161 165 169 174 182
66 6 13 39 47 57 62 71 113 117 134 135 174
66 5 19 34 44 58 62 97 143 167 174 175 195
66 19 22 34 47 65 67 96 137 156 164 167 175
66 6 7 15 37 38 40 41 91 138 142 181
66 5 13 56 57 101 110 116 143 155 192 199
66 1 8 30 44 75 91 92 114 127 152 160
66 16 34 49 72 75 85 113 170 177
66 48 64 98 153 169 184
66 32 39 146 190
66 23 151
67 11 15 41 56 57 59 88 119 130 139 168 177 187 188
67 11 15 24 74 98 114 144 146 160 164 178 184 192
67 2 10 36 37 55 56 78 125 126 132 137 149 156
67 1 4 6 13 49 86 87 127 143 153 157 166
67 23 45 58 72 84 90 91 126 140 150 160 186
67 10 35 39 67 74 82 135 149 156 161 163
67 18 46 55 98 138 141 152 154 161 167 174
67 49 54 76 82 105 146 164 165 179 198
67 21 29 31 35 86 110 142 144 176
67 31 33 39 80 121 141 162 188 190
67 9 16 26 35 51 87 160 183
67 24 26 46 58 83 104 180
68 5 16 26 57 67 96 102 105 114 143 144 145 150 158 161 176 177 181 192 199
68 2 20 35 55 73 75 79 82 101 116 164 187 198
68 10 18 20 23 28 76 97 101 116 161 184
68 34 81 85 93 107 127 154 161 175 186 189
68 17 53 57 91 107 165 187 190 193
68 78 95 119 127 132 163 168
68 88 90 106 139 140 161
68 13 20 123 160 176
68 29 80 126 144 147
69 3 16 22 26 73 115 132 133 138 147 148
69 0 17 19 22 34 44 80 148 167 188 190
69 48 53 81 106 118 132 158 198 199
69 8 15 21 56 57 88 167
70 0 15 24 27 79 99 111 112 116 125 131 138 143 152 154 155 161 171
70 9 12 30 32 34 43 53 72 119 132 139 156 167
70 0 27 39 44 52 54 62 67 74 89 106 110
70 9 36 44 58 107 108 115 132 134 160 166 184
70 10 71 82 105 106 119 148 158 164 170 175 184
70 37 49 58 61 78 79 86 92 143 166 184 193
70 17 31 40 42 46 61 79 94 143 150 173
70 6 41 62 64 107 115 128 136 142 175 189
70 13 16 68 73 104 112 113 115 116 174 188
70 37 53 61 70 100 109 135 154 168
70 27 68 130 143 153 165 171 190
70 3 24 30 52 68 89 144 181
70 23 38 94 128 137 179 187
70 3 25 64 137 166 175
70 18 19 61 83 113 185
71 12 30 37 42 52 53 62 71 78 92 109 122 148 150 165 171 197
71 41 50 70 71 77 79 110 114 120 133 141 166 168 192
71 2 14 26 28 35 39 40 53 123 142 151 169 173
71 1 5 16 28 39 59 60 80 81 157 177 182
71 11 69 71 83 111 116 137 165 179
71 3 78 104 148 155 162 171 172
71 10 30 65 74 122 165
71 15 44 46 132 137
72 24 32 43 66 84 91 93 103 109 131 142 143 146 165 179 183 191 197
72 7 12 14 21 36 37 44 58 60 73 129 140 141 150 158 169 191
72 5 29 35 50 72 92 100 105 151 177 183 185 192
72 1 3 16 18 33 39 44 80 84 131 142 178 196
72 36 77 109 138 146 162 165 174 195
72 23 86 105 112 162 165 176 189 194
72 4 5 13 44 69 81 123 190
72 31 75 86 96 121 125 129 179
72 28 71 89 145 150 177 197
72 11 32 36 55 114 119 184
72 4 18 37 86 100 133
72 35 50 58 59 199
72 56 83 101 118
73 0 6 9 23 40 59 63 73 93 99 139 153 157 164 171 177 182
73 1 8 43 52 54 61 75 101 108 126 158 188 197 199
73 0 33 50 62 65 71 72 73 76 99 118 126 150
73 13 15 31 34 51 58 82 87 90 127 157 186 194
73 6 19 34 48 59 62 70 80 110 114 161 166
73 31 36 50 113 125 177 181 196 197 198
73 3 9 13 22 48 84 93 102 189
73 3 13 46 61 77 88 105 125 189
73 0 4 34 48 75 103 159 166 178
73 6 21 31 133 134 135 152 171
73 19 43 81 84 98 136 152 195
73 22 47 73 75 79 85 128
73 26 46 61 84 99 151
73 3 29 45 99 106 157
73 3 45 48 86 134
74 1 11 15 19 25 33 116 121 123 127 140 163 167 187
74 19 37 64 72 78 95 114 149 151 185 192
74 69 95 102 132 142 147 149 154 160 170
74 0 8 19 38 164 167 168 174 185 195
74 49 61 67 84 86 109 151 159 183
74 86 108 114 130 147 156 197
74 22 53 64 83 129 130 141
75 6 37 39 56 59 61 62 87 102 167 182 187 192
75 56 59 60 71 81 124 128 139 158 167 194 198
75 9 12 36 43 52 55 72 74 138 159 183 187
75 16 43 46 54 75 95 110 134 173 179 188
75 11 49 53 70 79 126 132 143 163 166 167
75 2 30 46 47 59 73 77 121 146 163 195
75 24 35 41 49 79 90 120 130 151 157 168
75 18 31 50 89 102 122 132 145 183 188
75 31 73 118 127 134 146 154 193
76 31 36 43 46 49 58 84 92 99 133 135 158 192 194
76 12 22 68 81 89 96 117 124 135 162 167 172 173 198
76 1 19 27 58 88 100 122 125 148 166 177 183
76 11 38 42 63 70 122 128 138 182 184 195
76 11 27 121 124 146 166 173 174 178 183 187
76 33 36 49 64 84 91 93 107 151 165 192
76 7 29 44 74 80 133 145 157 185 190
76 10 36 75 86 103 111 144 166 168 198
76 5 44 64 75 99 118 129 135 166 193
76 8 26 123 153 156 158 178 185 194
76 0 21 38 51 59 83 88 131 157
76 31 59 80 82 120 173 177 188 195
76 28 77 80 106 132 176 178 193
76 28 42 48 114 160 181 185
76 24 34 40 134 136 151 182
76 2 27 125 152 161 164
76 59 60 112 142 171 175
77 0 29 33 36 51 52 71 81 89 104 123 132 148 173 176 188 192 197
77 20 28 30 60 71 88 91 109 139 156 174 199
77 35 42 47 64 77 79 107 111 119 125 132 187
77 7 31 45 49 89 96 105 108 132 165 172 174
77 31 47 73 76 79 91 100 113 133 144 159
77 40 54 92 105 119 127 145 169 179
77 36 106 112 118 125 127 148 155
77 7 42 46 58 110 179 186 194
78 14 23 24 38 42 47 49 68 78 138 139 150 180 183 191
78 8 25 31 36 38 57 79 85 121 140 151 155 163
78 15 25 38 71 74 84 102 107 145 153
78 17 66 67 99 131 135 171 175 190
78 12 44 53 57 67 94 101 172
78 14 15 32 57 88 107 151 184
78 11 35 102 119 140 159
78 3 14 106 175 195 197
79 18 57 60 79 95 100 108 146 156 158 182 183
79 20 31 47 65 95 97 99 143 145 148 156 191
79 2 12 79 93 104 107 118 151 159 164 171 185
79 3 5 18 22 24 68 120 134 146 173 178 196
79 26 91 103 104 113 162 178 182 184 186 189
79 0 45 58 70 103 112 128 149 186 195
79 13 28 65 87 108 123 129 130 157 189
79 23 42 51 59 93 141 142 147 188
79 2 8 26 45 66 90 149 153 174
79 1 29 37 67 128 162 168 176 184
79 55 59 61 76 89 114 124 176
79 115 117 143 154 155 160 180
79 11 50 101 156 157
79 12 15 90 108 199
80 12 15 41 55 64 85 100 104 106 125 148 167 181 185
80 2 16 20 29 57 59 60 83 93 138 159 163 169 173
80 29 48 59 62 76 101 114 116 125 149 155 156
80 41 68 74 90 96 108 112 122 131 143 144 162
80 4 19 54 62 68 87 106 120 123 137 158 166
80 16 46 75 86 104 105 109 117 141 192 199
80 49 58 67 99 115 133 144 157 162 184
80 2 9 11 25 39 40 60 69 128 198
80 38 47 57 123 124 126 129 162 175
81 5 19 31 66 100 132 136 137 139 141 149 159 188 190 196
81 35 42 48 56 58 76 77 87 96 97 99 140 171 178
81 14 19 25 32 47 72 107 109 123 148 153 166
81 6 17 49 61 82 102 118 125 152 174 184
81 46 78 79 80 85 110 130 142 158
81 14 18 25 40 43 134 179 191 193
81 39 87 110 117 124 140 189
81 6 59 65 113 117 127
81 6 37 46 97 146
81 69 133 146 192
82 15 35 46 79 84 107 117 122 163 181
82 14 40 64 65 107 155 190 199
83 22 38 40 42 47 54 77 87 102 116 134 162
83 18 36 67 73 90 125 130 142 146 168 191
83 5 16 53 89 93 117 128 141 160 187
83 5 36 104 108 115 151 153 167 189
83 21 27 42 44 100 101 156 171 174
83 34 38 139 159 172 181 196
83 45 61 78 79 115 158 183
83 9 59 166 190 191 194
84 4 5 20 31 55 69 83 96 106 131 155 174
84 20 26 27 55 61 62 75 122 141 164
84 6 14 52 114 123 166 171 187
84 44 94 96 122 173 178 192 199
84 14 23 61 78 100 113 133 170
84 12 21 34 77 102 117 127
84 14 50 55 130 152 174 179
84 15 122 124 130 150 161 190
85 1 18 23 47 79 82 110 111 115 150 167 172 176 188
85 5 7 10 26 37 44 51 92 112 119 144 148 164 184
85 0 13 34 45 56 84 86 91 113 119 171 172 176 194
85 11 31 39 49 75 78 86 124 134 165 195
85 2 16 24 43 89 91 106 121 125 162 183
85 35 46 59 62 66 80 136 153 157 182 187
85 18 59 73 80 98 116 136 153 178 182 195
85 25 41 42 75 105 115 139 159 164 172 191
85 6 17 34 43 86 111 127 156 179
86 1 27 35 38 46 62 63 100 101 103 106 137 144 167 168 177
86 17 37 48 70 74 84 110 111 121 155 161 162 179 191
86 5 14 22 24 36 44 142 149 151 153 159 174 191 195
86 7 20 36 51 71 73 79 83 88 116 165 173 180
86 7 14 66 82 87 97 105 106 117 146 156 161 192
86 15 23 39 50 68 69 83 96 129 177 190
86 5 45 65 83 99 117 175 179 198 199
86 2 32 62 64 67 106 120 172 181
86 64 67 70 98 115 140 163 180 194
86 11 73 74 77 130 196
87 13 29 55 64 78 89 92 94 101 125 126 139 154 164 176
87 15 29 49 56 88 92 117 123 129 149 161 168 192
87 16 24 51 107 118 119 140 151 179 183 198
87 3 19 67 74 104 114 125 141 155 160 199
87 12 91 106 109 126 135 147 153 160 175
87 28 29 76 96 109 136 172 184
87 13 50 61 63 143 147 151 163
87 15 23 28 61 72 116 161 195
87 3 46 86 114 121 188
88 17 24 43 45 69 80 105 134 174 188 191 192
88 0 15 30 34 60 62 86 100 130 147 193 195
88 4 29 36 43 119 134 136 145 160 179 196
88 18 31 39 62 64 72 79 110 117 140 179
88 17 18 67 73 76 88 174 175 180 182
88 28 35 40 46 77 93 179
89 1 20 41 64 70 86 110 112 123 137 155 159 191 192
89 27 36 38 53 56 65 109 123 156 159 169 182 185 197
89 2 33 43 49 56 118 125 139 141 171 178 184
89 10 49 54 60 82 95 118 142 157 171 195
89 30 49 60 64 94 118 136 170 171 189
89 33 37 42 49 75 94 103 138 169 180
89 3 14 30 76 79 80 95 178 197
89 4 43 44 96 120 121 170 172 193
89 55 73 77 96 110 129 141 152 186
89 10 38 73 84 146 184 187
89 13 26 104 107 125 168 199
90 2 16 20 26 38 54 78 84 98 102 110 116 133 142 151 156 175
90 3 38 47 72 75 119 125 147 154 164 191
90 5 8 24 39 81 94 111 122 135 184
90 55 67 95 107 115 120 157 169 196
90 8 11 22 66 77 147 149 154 186
90 56 88 124 139 156 167 191 192
90 4 53 73 87 124 141 149 158
90 10 24 38 57 187 190
91 6 12 34 35 41 65 70 72 86 100 174 180 191
91 9 24 28 32 67 84 102 113 134 145 159 176
91 70 77 95 96 98 123 138 161 169 182 186
91 3 10 16 27 65 91 105 134 142 160 199
91 0 10 16 70 72 93 109 111 139 146
91 33 69 72 102 108 121 135 143 158 195
91 10 17 34 37 90 96 100 160 168
91 7 30 46 62 67 117 161 165
91 47 48 51 66 74 75 126 169
91 20 27 104 109 139 155 166
91 61 65 129 152 162 165 187
91 9 24 74 85 148 150 191
91 9 10 81 92 109 126 155
91 29 99 113 164 183 187
91 81 90 99 104 117 147
92 5 26 34 44 57 62 80 95 103 125 131 173 191 197
92 14 25 30 31 65 104 132 152 159 163 164 174 175 179
92 14 54 74 75 84 98 107 118 140 145 152 160 178
92 31 64 105 106 107 143 154 174
92 7 12 76 83 157 167 178
92 20 79 99 103 133 153 176
93 3 28 51 68 77 94 101 104 107 134 137 140 144 169 184 197
93 40 41 54 56 69 76 79 111 114 151 157 170 177 195 198
93 62 71 87 101 119 153 173 174 180 181 182
93 13 32 48 55 66 107 108 128 136 166 191
93 1 21 24 50 90 121 122 136 190
93 54 84 95 114 142 156 159 189 192
93 11 16 99 107 119 122 129 197 198
93 6 12 20 29 55 103 113 126 185
93 52 97 114 128 131 158 175 191
93 23 55 89 91 140 176 180
93 38 39 47 91 102 121 144
94 5 34 37 44 57 79 82 127 129 138 141 175
94 28 29 30 42 49 57 82 95 108 141 198
94 14 38 71 83 103 113 148 149 181 186 187
94 51 65 69 70 103 122 133 158 168 176 189
94 0 42 68 82 90 122 129 149 168 180
94 29 36 86 130 136 140 149 169 180 198
94 15 39 67 124 154 190
95 1 2 16 26 57 61 67 74 99 116 142 145 152 186 190
95 52 54 56 66 72 89 90 91 140 143 170 194
95 7 30 62 66 71 93 95 102 144 160 194
95 0 29 35 43 64 93 116 121 124 129 186
95 2 40 66 74 88 100 104 105 141 164 181
95 1 7 22 24 61 79 126 146 164 181 189
95 63 68 103 130 179 188 199
95 88 99 121 125 130
96 7 27 28 29 43 44 58 66 98 100 107 143 144 146 163 168 185
96 8 22 64 78 93 118 127 134 158 167 168 172 182 191
96 24 35 38 85 91 95 118 135 151 161 175 179 198
96 1 24 30 47 76 86 87 94 129 141 170 173
96 20 40 53 56 98 107 126 160 175 177 192
96 16 44 54 68 100 128 131 135 156 177 196
96 71 85 92 114 121 130 131 192 198
96 34 84 86 128 129 156 174 177 198
96 44 62 65 84 108 158 169 199
96 3 36 82 101 121 187 190
96 79 93 94 101 109 151 184
96 9 39 64 65 100
97 8 63 75 83 98 115 125 134 142 153 183 198
97 9 70 105 130 137 141 150 173 177 183 198
97 45 55 56 63 82 105 106 109 135 185 192
97 8 44 46 48 116 131 144 152 158 173 197
97 26 38 51 64 86 106 110 119 141 144 145
97 6 25 37 40 88 98 109 120 170 198
97 13 19 38 66 72 104 112 140 159 198
97 6 34 50 97 113 125 131 179 182
97 19 21 23 38 47 51 59 88 106
97 26 57 61 110 146 166 177 199
97 9 35 39 62 78 108 148 167
98 5 8 9 34 35 47 54 65 73 90 107 121 126 137 168 172 177 193
98 9 37 47 58 59 63 67 75 120 141 168 170 180 188
98 15 34 39 104 105 113 116 133 143 158 163
98 7 40 41 83 106 140 157 162 169 189
98 10 14 63 64 107 123 146 149
98 93 98 137 167 180 185 190
98 14 42 95 102 155 166 178
98 64 65 123 165 173 183
99 37 51 65 67 73 98 111 147 149 154 161 184 194 196
99 14 27 46 63 75 113 143 144 151 154 174 183
99 8 40 59 62 79 83 91 112 130 177 189
99 55 69 97 104 126 129 144 161 166 167 183
99 1 17 26 28 39 49 59 76 120 165 191
99 1 12 92 112 121 174 187 194 196
99 4 11 41 73 83 133 146 170 184
99 34 46 48 55 79 88 116 149 172
99 19 59 72 79 89 97 122 128 195
99 67 104 116 121 125 136 149 175 191
99 24 37 64 90 94 165 170 183 186
99 40 50 52 57 92 95 166 197
99 19 69 78 110 115 121 126 141
99 67 68 139 149 155 172 174 182
99 25 55 62 103 114 150 160 163
99 84 105 141 164 173 194
100 7 31 33 42 51 58 62 77 89 92 97 106 124 149 177 192
100 6 7 22 23 33 67 71 84 85 125 135 136 143 156
100 8 24 37 39 51 65 87 113 141 142 157 177 183 198
100 1 2 53 67 80 117 133 156 159 179 180 183 189
100 5 16 38 58 61 64 81 84 96 108 132 179
100 29 42 44 64 66 76 124 129 138 164 170 193
100 26 45 49 77 80 129 143 144 152 162 163
100 6 49 62 75 95 106 129 133 169 196
100 11 33 52 64 81 91 153 155 156
100 4 7 34 45 54 135 140 152 182
100 0 35 48 49 64 89 160 186
100 15 18 34 91 103 124 161 170
100 24 33 49 52 88 110 135 183
100 3 23 44 97 119 127 130 131
100 5 71 80 97 110 115 166
100 75 82 95 97 113 159 172
100 62 101 114 118 168 183 185
100 23 53 76 91 96 108 154
100 22 27 52 68 186 198
