3015 135
1 2 3 6 9 20 25 30 105 122 123 126 129 140 145 150 157 158 161 164 175 180 185 990 1037 1038 1041 1044 1055 1060 1065 1140 1157 1158 1161 1164 1175 1180 1185 1192 1193 1196 1199 1210 1215 1220 1367 1368 1371 1374 1385 1390 1395 1470 1487 1488 1491 1494 1505 1510 1515 1522 1523 1526 1529 1540 1545 1550
1 3 4 5 7 21 26 31 106 124 125 127 141 146 151 159 160 162 176 181 186 193 228 991 1039 1040 1042 1056 1061 1066 1141 1159 1160 1162 1176 1181 1186 1194 1195 1197 1211 1216 1221 1369 1370 1372 1386 1391 1396 1471 1489 1490 1492 1506 1511 1516 1524 1525 1527 1541 1546 1551 1698 1888 1923 2028 2218 2253
1 0 4 6 8 22 27 32 107 120 128 142 147 152 155 163 177 182 187 194 196 229 231 992 1035 1043 1057 1062 1067 1142 1155 1163 1177 1182 1187 1190 1198 1212 1217 1222 1365 1373 1387 1392 1397 1472 1485 1493 1507 1512 1517 1520 1528 1542 1547 1552 1699 1701 1889 1891 1924 1926 2029 2031 2219 2221 2254 2256
1 0 1 7 9 23 28 33 108 121 143 148 153 156 178 183 188 190 197 199 225 232 234 993 1036 1058 1063 1068 1143 1156 1178 1183 1188 1191 1213 1218 1223 1366 1388 1393 1398 1473 1486 1508 1513 1518 1521 1543 1548 1553 1695 1702 1704 1885 1892 1894 1920 1927 1929 2025 2032 2034 2215 2222 2224 2250 2257 2259
1 1 2 5 8 24 29 34 109 144 149 154 179 184 189 191 192 195 198 226 227 230 233 994 1059 1064 1069 1144 1179 1184 1189 1214 1219 1224 1389 1394 1399 1474 1509 1514 1519 1544 1549 1554 1696 1697 1700 1703 1886 1887 1890 1893 1921 1922 1925 1928 2026 2027 2030 2033 2216 2217 2220 2223 2251 2252 2255 2258
1 0 5 12 13 16 19 30 110 132 133 136 139 167 168 171 174 220 255 260 265 295 300 995 1047 1048 1051 1054 1145 1167 1168 1171 1174 1202 1203 1206 1209 1377 1378 1381 1384 1475 1497 1498 1501 1504 1532 1533 1536 1539 1725 1915 1950 2055 2245 2280 2355 2360 2615 2620 2650 2655 2685 2690 2945 2950 2980 2985
1 1 6 13 14 15 17 31 111 134 135 137 169 170 172 203 221 238 256 261 266 296 301 996 1049 1050 1052 1146 1169 1170 1172 1204 1205 1207 1379 1380 1382 1476 1499 1500 1502 1534 1535 1537 1708 1726 1898 1916 1933 1951 2038 2056 2228 2246 2263 2281 2356 2361 2616 2621 2651 2656 2686 2691 2946 2951 2981 2986
1 2 7 10 14 16 18 32 112 130 138 165 173 204 206 222 239 241 257 262 267 297 302 997 1045 1053 1147 1165 1173 1200 1208 1375 1383 1477 1495 1503 1530 1538 1709 1711 1727 1899 1901 1917 1934 1936 1952 2039 2041 2057 2229 2231 2247 2264 2266 2282 2357 2362 2617 2622 2652 2657 2687 2692 2947 2952 2982 2987
1 3 8 10 11 17 19 33 113 131 166 200 207 209 223 235 242 244 258 263 268 298 303 998 1046 1148 1166 1201 1376 1478 1496 1531 1705 1712 1714 1728 1895 1902 1904 1918 1930 1937 1939 1953 2035 2042 2044 2058 2225 2232 2234 2248 2260 2267 2269 2283 2358 2363 2618 2623 2653 2658 2688 2693 2948 2953 2983 2988
1 4 9 11 12 15 18 34 114 201 202 205 208 224 236 237 240 243 259 264 269 299 304 999 1149 1479 1706 1707 1710 1713 1729 1896 1897 1900 1903 1919 1931 1932 1935 1938 1954 2036 2037 2040 2043 2059 2226 2227 2230 2233 2249 2261 2262 2265 2268 2284 2359 2364 2619 2624 2654 2659 2689 2694 2949 2954 2984 2989
1 10 15 22 23 26 29 30 115 212 213 216 219 247 248 251 254 270 275 290 305 310 325 1000 1150 1480 1717 1718 1721 1724 1907 1908 1911 1914 1942 1943 1946 1949 2047 2048 2051 2054 2237 2238 2241 2244 2272 2273 2276 2279 2365 2370 2385 2625 2630 2645 2660 2665 2680 2695 2700 2715 2955 2960 2975 2990 2995 3010
1 11 16 23 24 25 27 31 116 214 215 217 249 250 252 271 276 283 291 306 311 318 326 1001 1151 1481 1719 1720 1722 1909 1910 1912 1944 1945 1947 2049 2050 2052 2239 2240 2242 2274 2275 2277 2366 2371 2378 2386 2626 2631 2638 2646 2661 2666 2673 2681 2696 2701 2708 2716 2956 2961 2968 2976 2991 2996 3003 3011
1 12 17 20 24 26 28 32 117 210 218 245 253 272 277 284 286 292 307 312 319 321 327 1002 1152 1482 1715 1723 1905 1913 1940 1948 2045 2053 2235 2243 2270 2278 2367 2372 2379 2381 2387 2627 2632 2639 2641 2647 2662 2667 2674 2676 2682 2697 2702 2709 2711 2717 2957 2962 2969 2971 2977 2992 2997 3004 3006 3012
1 13 18 20 21 27 29 33 118 211 246 273 278 280 287 289 293 308 313 315 322 324 328 1003 1153 1483 1716 1906 1941 2046 2236 2271 2368 2373 2375 2382 2384 2388 2628 2633 2635 2642 2644 2648 2663 2668 2670 2677 2679 2683 2698 2703 2705 2712 2714 2718 2958 2963 2965 2972 2974 2978 2993 2998 3000 3007 3009 3013
1 14 19 21 22 25 28 34 119 274 279 281 282 285 288 294 309 314 316 317 320 323 329 1004 1154 1484 2369 2374 2376 2377 2380 2383 2389 2629 2634 2636 2637 2640 2643 2649 2664 2669 2671 2672 2675 2678 2684 2699 2704 2706 2707 2710 2713 2719 2959 2964 2966 2967 2970 2973 2979 2994 2999 3001 3002 3005 3008 3014
1 37 38 41 44 55 60 65 105 192 193 196 199 210 215 220 262 263 266 269 280 285 290 1005 1072 1073 1076 1079 1090 1095 1100 1227 1228 1231 1234 1245 1250 1255 1297 1298 1301 1304 1315 1320 1325 1402 1403 1406 1409 1420 1425 1430 1557 1558 1561 1564 1575 1580 1585 1627 1628 1631 1634 1645 1650 1655 1800 2130
1 38 39 40 42 56 61 66 106 123 194 195 197 211 216 221 264 265 267 281 286 291 298 1006 1074 1075 1077 1091 1096 1101 1229 1230 1232 1246 1251 1256 1299 1300 1302 1316 1321 1326 1404 1405 1407 1421 1426 1431 1559 1560 1562 1576 1581 1586 1629 1630 1632 1646 1651 1656 1733 1801 1818 1993 2063 2131 2148 2323
1 35 39 41 43 57 62 67 107 124 126 190 198 212 217 222 260 268 282 287 292 299 301 1007 1070 1078 1092 1097 1102 1225 1233 1247 1252 1257 1295 1303 1317 1322 1327 1400 1408 1422 1427 1432 1555 1563 1577 1582 1587 1625 1633 1647 1652 1657 1734 1736 1802 1819 1821 1994 1996 2064 2066 2132 2149 2151 2324 2326
1 35 36 42 44 58 63 68 108 120 127 129 191 213 218 223 261 283 288 293 295 302 304 1008 1071 1093 1098 1103 1226 1248 1253 1258 1296 1318 1323 1328 1401 1423 1428 1433 1556 1578 1583 1588 1626 1648 1653 1658 1730 1737 1739 1803 1815 1822 1824 1990 1997 1999 2060 2067 2069 2133 2145 2152 2154 2320 2327 2329
1 36 37 40 43 59 64 69 109 121 122 125 128 214 219 224 284 289 294 296 297 300 303 1009 1094 1099 1104 1249 1254 1259 1319 1324 1329 1424 1429 1434 1579 1584 1589 1649 1654 1659 1731 1732 1735 1738 1804 1816 1817 1820 1823 1991 1992 1995 1998 2061 2062 2065 2068 2134 2146 2147 2150 2153 2321 2322 2325 2328
1 35 40 47 48 51 54 65 110 150 155 160 202 203 206 209 225 230 272 273 276 279 325 1010 1082 1083 1086 1089 1237 1238 1241 1244 1307 1308 1311 1314 1412 1413 1416 1419 1567 1568 1571 1574 1637 1638 1641 1644 1760 1805 1845 2020 2090 2135 2175 2350 2390 2395 2510 2515 2580 2585 2720 2725 2840 2845 2910 2915
1 36 41 48 49 50 52 66 111 133 151 156 161 204 205 207 226 231 274 275 277 308 326 1011 1084 1085 1087 1239 1240 1242 1309 1310 1312 1414 1415 1417 1569 1570 1572 1639 1640 1642 1743 1761 1806 1828 1846 2003 2021 2073 2091 2136 2158 2176 2333 2351 2391 2396 2511 2516 2581 2586 2721 2726 2841 2846 2911 2916
1 37 42 45 49 51 53 67 112 134 136 152 157 162 200 208 227 232 270 278 309 311 327 1012 1080 1088 1235 1243 1305 1313 1410 1418 1565 1573 1635 1643 1744 1746 1762 1807 1829 1831 1847 2004 2006 2022 2074 2076 2092 2137 2159 2161 2177 2334 2336 2352 2392 2397 2512 2517 2582 2587 2722 2727 2842 2847 2912 2917
1 38 43 45 46 52 54 68 113 130 137 139 153 158 163 201 228 233 271 305 312 314 328 1013 1081 1236 1306 1411 1566 1636 1740 1747 1749 1763 1808 1825 1832 1834 1848 2000 2007 2009 2023 2070 2077 2079 2093 2138 2155 2162 2164 2178 2330 2337 2339 2353 2393 2398 2513 2518 2583 2588 2723 2728 2843 2848 2913 2918
1 39 44 46 47 50 53 69 114 131 132 135 138 154 159 164 229 234 306 307 310 313 329 1014 1741 1742 1745 1748 1764 1809 1826 1827 1830 1833 1849 2001 2002 2005 2008 2024 2071 2072 2075 2078 2094 2139 2156 2157 2160 2163 2179 2331 2332 2335 2338 2354 2394 2399 2514 2519 2584 2589 2724 2729 2844 2849 2914 2919
1 45 50 57 58 61 64 65 115 142 143 146 149 165 170 185 235 240 255 317 318 321 324 1015 1752 1753 1756 1759 1810 1837 1838 1841 1844 2012 2013 2016 2019 2082 2083 2086 2089 2140 2167 2168 2171 2174 2342 2343 2346 2349 2400 2405 2420 2520 2525 2540 2590 2595 2610 2730 2735 2750 2850 2855 2870 2920 2925 2940
1 46 51 58 59 60 62 66 116 144 145 147 166 171 178 186 236 241 248 256 319 320 322 1016 1754 1755 1757 1811 1839 1840 1842 2014 2015 2017 2084 2085 2087 2141 2169 2170 2172 2344 2345 2347 2401 2406 2413 2421 2521 2526 2533 2541 2591 2596 2603 2611 2731 2736 2743 2751 2851 2856 2863 2871 2921 2926 2933 2941
1 47 52 55 59 61 63 67 117 140 148 167 172 179 181 187 237 242 249 251 257 315 323 1017 1750 1758 1812 1835 1843 2010 2018 2080 2088 2142 2165 2173 2340 2348 2402 2407 2414 2416 2422 2522 2527 2534 2536 2542 2592 2597 2604 2606 2612 2732 2737 2744 2746 2752 2852 2857 2864 2866 2872 2922 2927 2934 2936 2942
1 48 53 55 56 62 64 68 118 141 168 173 175 182 184 188 238 243 245 252 254 258 316 1018 1751 1813 1836 2011 2081 2143 2166 2341 2403 2408 2410 2417 2419 2423 2523 2528 2530 2537 2539 2543 2593 2598 2600 2607 2609 2613 2733 2738 2740 2747 2749 2753 2853 2858 2860 2867 2869 2873 2923 2928 2930 2937 2939 2943
1 49 54 56 57 60 63 69 119 169 174 176 177 180 183 189 239 244 246 247 250 253 259 1019 1814 2144 2404 2409 2411 2412 2415 2418 2424 2524 2529 2531 2532 2535 2538 2544 2594 2599 2601 2602 2605 2608 2614 2734 2739 2741 2742 2745 2748 2754 2854 2859 2861 2862 2865 2868 2874 2924 2929 2931 2932 2935 2938 2944
1 72 73 76 79 90 95 100 105 227 228 231 234 245 250 255 297 298 301 304 315 320 325 1020 1107 1108 1111 1114 1125 1130 1135 1262 1263 1266 1269 1280 1285 1290 1332 1333 1336 1339 1350 1355 1360 1437 1438 1441 1444 1455 1460 1465 1592 1593 1596 1599 1610 1615 1620 1662 1663 1666 1669 1680 1685 1690 2460 2790
1 73 74 75 77 91 96 101 106 158 229 230 232 246 251 256 263 299 300 302 316 321 326 1021 1109 1110 1112 1126 1131 1136 1264 1265 1267 1281 1286 1291 1334 1335 1337 1351 1356 1361 1439 1440 1442 1456 1461 1466 1594 1595 1597 1611 1616 1621 1664 1665 1667 1681 1686 1691 1768 1853 1958 2098 2183 2288 2461 2791
1 70 74 76 78 92 97 102 107 159 161 225 233 247 252 257 264 266 295 303 317 322 327 1022 1105 1113 1127 1132 1137 1260 1268 1282 1287 1292 1330 1338 1352 1357 1362 1435 1443 1457 1462 1467 1590 1598 1612 1617 1622 1660 1668 1682 1687 1692 1769 1771 1854 1856 1959 1961 2099 2101 2184 2186 2289 2291 2462 2792
1 70 71 77 79 93 98 103 108 155 162 164 226 248 253 258 260 267 269 296 318 323 328 1023 1106 1128 1133 1138 1261 1283 1288 1293 1331 1353 1358 1363 1436 1458 1463 1468 1591 1613 1618 1623 1661 1683 1688 1693 1765 1772 1774 1850 1857 1859 1955 1962 1964 2095 2102 2104 2180 2187 2189 2285 2292 2294 2463 2793
1 71 72 75 78 94 99 104 109 156 157 160 163 249 254 259 261 262 265 268 319 324 329 1024 1129 1134 1139 1284 1289 1294 1354 1359 1364 1459 1464 1469 1614 1619 1624 1684 1689 1694 1766 1767 1770 1773 1851 1852 1855 1858 1956 1957 1960 1963 2096 2097 2100 2103 2181 2182 2185 2188 2286 2287 2290 2293 2464 2794
1 70 75 82 83 86 89 100 110 120 125 185 190 195 237 238 241 244 290 307 308 311 314 1025 1117 1118 1121 1124 1272 1273 1276 1279 1342 1343 1346 1349 1447 1448 1451 1454 1602 1603 1606 1609 1672 1673 1676 1679 1795 1880 1985 2125 2210 2315 2425 2430 2465 2475 2480 2545 2550 2755 2760 2795 2805 2810 2875 2880
1 71 76 83 84 85 87 101 111 121 126 168 186 191 196 239 240 242 273 291 309 310 312 1026 1119 1120 1122 1274 1275 1277 1344 1345 1347 1449 1450 1452 1604 1605 1607 1674 1675 1677 1778 1796 1863 1881 1968 1986 2108 2126 2193 2211 2298 2316 2426 2431 2466 2476 2481 2546 2551 2756 2761 2796 2806 2811 2876 2881
1 72 77 80 84 86 88 102 112 122 127 169 171 187 192 197 235 243 274 276 292 305 313 1027 1115 1123 1270 1278 1340 1348 1445 1453 1600 1608 1670 1678 1779 1781 1797 1864 1866 1882 1969 1971 1987 2109 2111 2127 2194 2196 2212 2299 2301 2317 2427 2432 2467 2477 2482 2547 2552 2757 2762 2797 2807 2812 2877 2882
1 73 78 80 81 87 89 103 113 123 128 165 172 174 188 193 198 236 270 277 279 293 306 1028 1116 1271 1341 1446 1601 1671 1775 1782 1784 1798 1860 1867 1869 1883 1965 1972 1974 1988 2105 2112 2114 2128 2190 2197 2199 2213 2295 2302 2304 2318 2428 2433 2468 2478 2483 2548 2553 2758 2763 2798 2808 2813 2878 2883
1 74 79 81 82 85 88 104 114 124 129 166 167 170 173 189 194 199 271 272 275 278 294 1029 1776 1777 1780 1783 1799 1861 1862 1865 1868 1884 1966 1967 1970 1973 1989 2106 2107 2110 2113 2129 2191 2192 2195 2198 2214 2296 2297 2300 2303 2319 2429 2434 2469 2479 2484 2549 2554 2759 2764 2799 2809 2814 2879 2884
1 80 85 92 93 96 99 100 115 130 135 150 177 178 181 184 200 205 220 282 283 286 289 1030 1787 1788 1791 1794 1872 1873 1876 1879 1977 1978 1981 1984 2117 2118 2121 2124 2202 2203 2206 2209 2307 2308 2311 2314 2435 2440 2455 2470 2485 2490 2505 2555 2560 2575 2765 2770 2785 2800 2815 2820 2835 2885 2890 2905
1 81 86 93 94 95 97 101 116 131 136 143 151 179 180 182 201 206 213 221 284 285 287 1031 1789 1790 1792 1874 1875 1877 1979 1980 1982 2119 2120 2122 2204 2205 2207 2309 2310 2312 2436 2441 2448 2456 2471 2486 2491 2498 2506 2556 2561 2568 2576 2766 2771 2778 2786 2801 2816 2821 2828 2836 2886 2891 2898 2906
1 82 87 90 94 96 98 102 117 132 137 144 146 152 175 183 202 207 214 216 222 280 288 1032 1785 1793 1870 1878 1975 1983 2115 2123 2200 2208 2305 2313 2437 2442 2449 2451 2457 2472 2487 2492 2499 2501 2507 2557 2562 2569 2571 2577 2767 2772 2779 2781 2787 2802 2817 2822 2829 2831 2837 2887 2892 2899 2901 2907
1 83 88 90 91 97 99 103 118 133 138 140 147 149 153 176 203 208 210 217 219 223 281 1033 1786 1871 1976 2116 2201 2306 2438 2443 2445 2452 2454 2458 2473 2488 2493 2495 2502 2504 2508 2558 2563 2565 2572 2574 2578 2768 2773 2775 2782 2784 2788 2803 2818 2823 2825 2832 2834 2838 2888 2893 2895 2902 2904 2908
1 84 89 91 92 95 98 104 119 134 139 141 142 145 148 154 204 209 211 212 215 218 224 1034 2439 2444 2446 2447 2450 2453 2459 2474 2489 2494 2496 2497 2500 2503 2509 2559 2564 2566 2567 2570 2573 2579 2769 2774 2776 2777 2780 2783 2789 2804 2819 2824 2826 2827 2830 2833 2839 2889 2894 2896 2897 2900 2903 2909
1 332 333 336 339 350 355 360 435 452 453 456 459 470 475 480 487 488 491 494 505 510 515 990 1697 1698 1701 1704 1715 1720 1725 1800 1817 1818 1821 1824 1835 1840 1845 1852 1853 1856 1859 1870 1875 1880 2357 2358 2361 2364 2375 2380 2385 2460 2477 2478 2481 2484 2495 2500 2505 2512 2513 2516 2519 2530 2535 2540
1 333 334 335 337 351 356 361 436 454 455 457 471 476 481 489 490 492 506 511 516 523 558 991 1038 1228 1263 1699 1700 1702 1716 1721 1726 1801 1819 1820 1822 1836 1841 1846 1854 1855 1857 1871 1876 1881 2359 2360 2362 2376 2381 2386 2461 2479 2480 2482 2496 2501 2506 2514 2515 2517 2531 2536 2541 2688 2878 2913
1 330 334 336 338 352 357 362 437 450 458 472 477 482 485 493 507 512 517 524 526 559 561 992 1039 1041 1229 1231 1264 1266 1695 1703 1717 1722 1727 1802 1815 1823 1837 1842 1847 1850 1858 1872 1877 1882 2355 2363 2377 2382 2387 2462 2475 2483 2497 2502 2507 2510 2518 2532 2537 2542 2689 2691 2879 2881 2914 2916
1 330 331 337 339 353 358 363 438 451 473 478 483 486 508 513 518 520 527 529 555 562 564 993 1035 1042 1044 1225 1232 1234 1260 1267 1269 1696 1718 1723 1728 1803 1816 1838 1843 1848 1851 1873 1878 1883 2356 2378 2383 2388 2463 2476 2498 2503 2508 2511 2533 2538 2543 2685 2692 2694 2875 2882 2884 2910 2917 2919
1 331 332 335 338 354 359 364 439 474 479 484 509 514 519 521 522 525 528 556 557 560 563 994 1036 1037 1040 1043 1226 1227 1230 1233 1261 1262 1265 1268 1719 1724 1729 1804 1839 1844 1849 1874 1879 1884 2379 2384 2389 2464 2499 2504 2509 2534 2539 2544 2686 2687 2690 2693 2876 2877 2880 2883 2911 2912 2915 2918
1 330 335 342 343 346 349 360 440 462 463 466 469 497 498 501 504 550 585 590 595 625 630 995 1065 1255 1290 1365 1370 1625 1630 1660 1665 1707 1708 1711 1714 1805 1827 1828 1831 1834 1862 1863 1866 1869 2025 2030 2285 2290 2320 2325 2367 2368 2371 2374 2465 2487 2488 2491 2494 2522 2523 2526 2529 2715 2905 2940
1 331 336 343 344 345 347 361 441 464 465 467 499 500 502 533 551 568 586 591 596 626 631 996 1048 1066 1238 1256 1273 1291 1366 1371 1626 1631 1661 1666 1709 1710 1712 1806 1829 1830 1832 1864 1865 1867 2026 2031 2286 2291 2321 2326 2369 2370 2372 2466 2489 2490 2492 2524 2525 2527 2698 2716 2888 2906 2923 2941
1 332 337 340 344 346 348 362 442 460 468 495 503 534 536 552 569 571 587 592 597 627 632 997 1049 1051 1067 1239 1241 1257 1274 1276 1292 1367 1372 1627 1632 1662 1667 1705 1713 1807 1825 1833 1860 1868 2027 2032 2287 2292 2322 2327 2365 2373 2467 2485 2493 2520 2528 2699 2701 2717 2889 2891 2907 2924 2926 2942
1 333 338 340 341 347 349 363 443 461 496 530 537 539 553 565 572 574 588 593 598 628 633 998 1045 1052 1054 1068 1235 1242 1244 1258 1270 1277 1279 1293 1368 1373 1628 1633 1663 1668 1706 1808 1826 1861 2028 2033 2288 2293 2323 2328 2366 2468 2486 2521 2695 2702 2704 2718 2885 2892 2894 2908 2920 2927 2929 2943
1 334 339 341 342 345 348 364 444 531 532 535 538 554 566 567 570 573 589 594 599 629 634 999 1046 1047 1050 1053 1069 1236 1237 1240 1243 1259 1271 1272 1275 1278 1294 1369 1374 1629 1634 1664 1669 1809 2029 2034 2289 2294 2324 2329 2469 2696 2697 2700 2703 2719 2886 2887 2890 2893 2909 2921 2922 2925 2928 2944
1 340 345 352 353 356 359 360 445 542 543 546 549 577 578 581 584 600 605 620 635 640 655 1000 1057 1058 1061 1064 1247 1248 1251 1254 1282 1283 1286 1289 1375 1380 1395 1635 1640 1655 1670 1675 1690 1810 2035 2040 2055 2295 2300 2315 2330 2335 2350 2470 2707 2708 2711 2714 2897 2898 2901 2904 2932 2933 2936 2939
1 341 346 353 354 355 357 361 446 544 545 547 579 580 582 601 606 613 621 636 641 648 656 1001 1059 1060 1062 1249 1250 1252 1284 1285 1287 1376 1381 1388 1396 1636 1641 1648 1656 1671 1676 1683 1691 1811 2036 2041 2048 2056 2296 2301 2308 2316 2331 2336 2343 2351 2471 2709 2710 2712 2899 2900 2902 2934 2935 2937
1 342 347 350 354 356 358 362 447 540 548 575 583 602 607 614 616 622 637 642 649 651 657 1002 1055 1063 1245 1253 1280 1288 1377 1382 1389 1391 1397 1637 1642 1649 1651 1657 1672 1677 1684 1686 1692 1812 2037 2042 2049 2051 2057 2297 2302 2309 2311 2317 2332 2337 2344 2346 2352 2472 2705 2713 2895 2903 2930 2938
1 343 348 350 351 357 359 363 448 541 576 603 608 610 617 619 623 638 643 645 652 654 658 1003 1056 1246 1281 1378 1383 1385 1392 1394 1398 1638 1643 1645 1652 1654 1658 1673 1678 1680 1687 1689 1693 1813 2038 2043 2045 2052 2054 2058 2298 2303 2305 2312 2314 2318 2333 2338 2340 2347 2349 2353 2473 2706 2896 2931
1 344 349 351 352 355 358 364 449 604 609 611 612 615 618 624 639 644 646 647 650 653 659 1004 1379 1384 1386 1387 1390 1393 1399 1639 1644 1646 1647 1650 1653 1659 1674 1679 1681 1682 1685 1688 1694 1814 2039 2044 2046 2047 2050 2053 2059 2299 2304 2306 2307 2310 2313 2319 2334 2339 2341 2342 2345 2348 2354 2474
1 367 368 371 374 385 390 395 435 522 523 526 529 540 545 550 592 593 596 599 610 615 620 1005 1140 1732 1733 1736 1739 1750 1755 1760 1887 1888 1891 1894 1905 1910 1915 1957 1958 1961 1964 1975 1980 1985 2392 2393 2396 2399 2410 2415 2420 2547 2548 2551 2554 2565 2570 2575 2617 2618 2621 2624 2635 2640 2645 2790
1 368 369 370 372 386 391 396 436 453 524 525 527 541 546 551 594 595 597 611 616 621 628 1006 1073 1141 1158 1333 1734 1735 1737 1751 1756 1761 1889 1890 1892 1906 1911 1916 1959 1960 1962 1976 1981 1986 2394 2395 2397 2411 2416 2421 2549 2550 2552 2566 2571 2576 2619 2620 2622 2636 2641 2646 2723 2791 2808 2983
1 365 369 371 373 387 392 397 437 454 456 520 528 542 547 552 590 598 612 617 622 629 631 1007 1074 1076 1142 1159 1161 1334 1336 1730 1738 1752 1757 1762 1885 1893 1907 1912 1917 1955 1963 1977 1982 1987 2390 2398 2412 2417 2422 2545 2553 2567 2572 2577 2615 2623 2637 2642 2647 2724 2726 2792 2809 2811 2984 2986
1 365 366 372 374 388 393 398 438 450 457 459 521 543 548 553 591 613 618 623 625 632 634 1008 1070 1077 1079 1143 1155 1162 1164 1330 1337 1339 1731 1753 1758 1763 1886 1908 1913 1918 1956 1978 1983 1988 2391 2413 2418 2423 2546 2568 2573 2578 2616 2638 2643 2648 2720 2727 2729 2793 2805 2812 2814 2980 2987 2989
1 366 367 370 373 389 394 399 439 451 452 455 458 544 549 554 614 619 624 626 627 630 633 1009 1071 1072 1075 1078 1144 1156 1157 1160 1163 1331 1332 1335 1338 1754 1759 1764 1909 1914 1919 1979 1984 1989 2414 2419 2424 2569 2574 2579 2639 2644 2649 2721 2722 2725 2728 2794 2806 2807 2810 2813 2981 2982 2985 2988
1 365 370 377 378 381 384 395 440 480 485 490 532 533 536 539 555 560 602 603 606 609 655 1010 1100 1145 1185 1360 1400 1405 1520 1525 1590 1595 1742 1743 1746 1749 1897 1898 1901 1904 1967 1968 1971 1974 2060 2065 2180 2185 2250 2255 2402 2403 2406 2409 2557 2558 2561 2564 2627 2628 2631 2634 2750 2795 2835 3010
1 366 371 378 379 380 382 396 441 463 481 486 491 534 535 537 556 561 604 605 607 638 656 1011 1083 1101 1146 1168 1186 1343 1361 1401 1406 1521 1526 1591 1596 1744 1745 1747 1899 1900 1902 1969 1970 1972 2061 2066 2181 2186 2251 2256 2404 2405 2407 2559 2560 2562 2629 2630 2632 2733 2751 2796 2818 2836 2993 3011
1 367 372 375 379 381 383 397 442 464 466 482 487 492 530 538 557 562 600 608 639 641 657 1012 1084 1086 1102 1147 1169 1171 1187 1344 1346 1362 1402 1407 1522 1527 1592 1597 1740 1748 1895 1903 1965 1973 2062 2067 2182 2187 2252 2257 2400 2408 2555 2563 2625 2633 2734 2736 2752 2797 2819 2821 2837 2994 2996 3012
1 368 373 375 376 382 384 398 443 460 467 469 483 488 493 531 558 563 601 635 642 644 658 1013 1080 1087 1089 1103 1148 1165 1172 1174 1188 1340 1347 1349 1363 1403 1408 1523 1528 1593 1598 1741 1896 1966 2063 2068 2183 2188 2253 2258 2401 2556 2626 2730 2737 2739 2753 2798 2815 2822 2824 2838 2990 2997 2999 3013
1 369 374 376 377 380 383 399 444 461 462 465 468 484 489 494 559 564 636 637 640 643 659 1014 1081 1082 1085 1088 1104 1149 1166 1167 1170 1173 1189 1341 1342 1345 1348 1364 1404 1409 1524 1529 1594 1599 2064 2069 2184 2189 2254 2259 2731 2732 2735 2738 2754 2799 2816 2817 2820 2823 2839 2991 2992 2995 2998 3014
1 375 380 387 388 391 394 395 445 472 473 476 479 495 500 515 565 570 585 647 648 651 654 1015 1092 1093 1096 1099 1150 1177 1178 1181 1184 1352 1353 1356 1359 1410 1415 1430 1530 1535 1550 1600 1605 1620 2070 2075 2090 2190 2195 2210 2260 2265 2280 2742 2743 2746 2749 2800 2827 2828 2831 2834 3002 3003 3006 3009
1 376 381 388 389 390 392 396 446 474 475 477 496 501 508 516 566 571 578 586 649 650 652 1016 1094 1095 1097 1151 1179 1180 1182 1354 1355 1357 1411 1416 1423 1431 1531 1536 1543 1551 1601 1606 1613 1621 2071 2076 2083 2091 2191 2196 2203 2211 2261 2266 2273 2281 2744 2745 2747 2801 2829 2830 2832 3004 3005 3007
1 377 382 385 389 391 393 397 447 470 478 497 502 509 511 517 567 572 579 581 587 645 653 1017 1090 1098 1152 1175 1183 1350 1358 1412 1417 1424 1426 1432 1532 1537 1544 1546 1552 1602 1607 1614 1616 1622 2072 2077 2084 2086 2092 2192 2197 2204 2206 2212 2262 2267 2274 2276 2282 2740 2748 2802 2825 2833 3000 3008
1 378 383 385 386 392 394 398 448 471 498 503 505 512 514 518 568 573 575 582 584 588 646 1018 1091 1153 1176 1351 1413 1418 1420 1427 1429 1433 1533 1538 1540 1547 1549 1553 1603 1608 1610 1617 1619 1623 2073 2078 2080 2087 2089 2093 2193 2198 2200 2207 2209 2213 2263 2268 2270 2277 2279 2283 2741 2803 2826 3001
1 379 384 386 387 390 393 399 449 499 504 506 507 510 513 519 569 574 576 577 580 583 589 1019 1154 1414 1419 1421 1422 1425 1428 1434 1534 1539 1541 1542 1545 1548 1554 1604 1609 1611 1612 1615 1618 1624 2074 2079 2081 2082 2085 2088 2094 2194 2199 2201 2202 2205 2208 2214 2264 2269 2271 2272 2275 2278 2284 2804
1 402 403 406 409 420 425 430 435 557 558 561 564 575 580 585 627 628 631 634 645 650 655 1020 1470 1767 1768 1771 1774 1785 1790 1795 1922 1923 1926 1929 1940 1945 1950 1992 1993 1996 1999 2010 2015 2020 2130 2427 2428 2431 2434 2445 2450 2455 2582 2583 2586 2589 2600 2605 2610 2652 2653 2656 2659 2670 2675 2680
1 403 404 405 407 421 426 431 436 488 559 560 562 576 581 586 593 629 630 632 646 651 656 1021 1108 1193 1298 1471 1769 1770 1772 1786 1791 1796 1924 1925 1927 1941 1946 1951 1994 1995 1997 2011 2016 2021 2131 2429 2430 2432 2446 2451 2456 2584 2585 2587 2601 2606 2611 2654 2655 2657 2671 2676 2681 2758 2843 2948
1 400 404 406 408 422 427 432 437 489 491 555 563 577 582 587 594 596 625 633 647 652 657 1022 1109 1111 1194 1196 1299 1301 1472 1765 1773 1787 1792 1797 1920 1928 1942 1947 1952 1990 1998 2012 2017 2022 2132 2425 2433 2447 2452 2457 2580 2588 2602 2607 2612 2650 2658 2672 2677 2682 2759 2761 2844 2846 2949 2951
1 400 401 407 409 423 428 433 438 485 492 494 556 578 583 588 590 597 599 626 648 653 658 1023 1105 1112 1114 1190 1197 1199 1295 1302 1304 1473 1766 1788 1793 1798 1921 1943 1948 1953 1991 2013 2018 2023 2133 2426 2448 2453 2458 2581 2603 2608 2613 2651 2673 2678 2683 2755 2762 2764 2840 2847 2849 2945 2952 2954
1 401 402 405 408 424 429 434 439 486 487 490 493 579 584 589 591 592 595 598 649 654 659 1024 1106 1107 1110 1113 1191 1192 1195 1198 1296 1297 1300 1303 1474 1789 1794 1799 1944 1949 1954 2014 2019 2024 2134 2449 2454 2459 2604 2609 2614 2674 2679 2684 2756 2757 2760 2763 2841 2842 2845 2848 2946 2947 2950 2953
1 400 405 412 413 416 419 430 440 450 455 515 520 525 567 568 571 574 620 637 638 641 644 1025 1135 1220 1325 1435 1440 1475 1485 1490 1555 1560 1777 1778 1781 1784 1932 1933 1936 1939 2002 2003 2006 2009 2095 2100 2135 2145 2150 2215 2220 2437 2438 2441 2444 2592 2593 2596 2599 2662 2663 2666 2669 2785 2870 2975
1 401 406 413 414 415 417 431 441 451 456 498 516 521 526 569 570 572 603 621 639 640 642 1026 1118 1136 1203 1221 1308 1326 1436 1441 1476 1486 1491 1556 1561 1779 1780 1782 1934 1935 1937 2004 2005 2007 2096 2101 2136 2146 2151 2216 2221 2439 2440 2442 2594 2595 2597 2664 2665 2667 2768 2786 2853 2871 2958 2976
1 402 407 410 414 416 418 432 442 452 457 499 501 517 522 527 565 573 604 606 622 635 643 1027 1119 1121 1137 1204 1206 1222 1309 1311 1327 1437 1442 1477 1487 1492 1557 1562 1775 1783 1930 1938 2000 2008 2097 2102 2137 2147 2152 2217 2222 2435 2443 2590 2598 2660 2668 2769 2771 2787 2854 2856 2872 2959 2961 2977
1 403 408 410 411 417 419 433 443 453 458 495 502 504 518 523 528 566 600 607 609 623 636 1028 1115 1122 1124 1138 1200 1207 1209 1223 1305 1312 1314 1328 1438 1443 1478 1488 1493 1558 1563 1776 1931 2001 2098 2103 2138 2148 2153 2218 2223 2436 2591 2661 2765 2772 2774 2788 2850 2857 2859 2873 2955 2962 2964 2978
1 404 409 411 412 415 418 434 444 454 459 496 497 500 503 519 524 529 601 602 605 608 624 1029 1116 1117 1120 1123 1139 1201 1202 1205 1208 1224 1306 1307 1310 1313 1329 1439 1444 1479 1489 1494 1559 1564 2099 2104 2139 2149 2154 2219 2224 2766 2767 2770 2773 2789 2851 2852 2855 2858 2874 2956 2957 2960 2963 2979
1 410 415 422 423 426 429 430 445 460 465 480 507 508 511 514 530 535 550 612 613 616 619 1030 1127 1128 1131 1134 1212 1213 1216 1219 1317 1318 1321 1324 1445 1450 1465 1480 1495 1500 1515 1565 1570 1585 2105 2110 2125 2140 2155 2160 2175 2225 2230 2245 2777 2778 2781 2784 2862 2863 2866 2869 2967 2968 2971 2974
1 411 416 423 424 425 427 431 446 461 466 473 481 509 510 512 531 536 543 551 614 615 617 1031 1129 1130 1132 1214 1215 1217 1319 1320 1322 1446 1451 1458 1466 1481 1496 1501 1508 1516 1566 1571 1578 1586 2106 2111 2118 2126 2141 2156 2161 2168 2176 2226 2231 2238 2246 2779 2780 2782 2864 2865 2867 2969 2970 2972
1 412 417 420 424 426 428 432 447 462 467 474 476 482 505 513 532 537 544 546 552 610 618 1032 1125 1133 1210 1218 1315 1323 1447 1452 1459 1461 1467 1482 1497 1502 1509 1511 1517 1567 1572 1579 1581 1587 2107 2112 2119 2121 2127 2142 2157 2162 2169 2171 2177 2227 2232 2239 2241 2247 2775 2783 2860 2868 2965 2973
1 413 418 420 421 427 429 433 448 463 468 470 477 479 483 506 533 538 540 547 549 553 611 1033 1126 1211 1316 1448 1453 1455 1462 1464 1468 1483 1498 1503 1505 1512 1514 1518 1568 1573 1575 1582 1584 1588 2108 2113 2115 2122 2124 2128 2143 2158 2163 2165 2172 2174 2178 2228 2233 2235 2242 2244 2248 2776 2861 2966
1 414 419 421 422 425 428 434 449 464 469 471 472 475 478 484 534 539 541 542 545 548 554 1034 1449 1454 1456 1457 1460 1463 1469 1484 1499 1504 1506 1507 1510 1513 1519 1569 1574 1576 1577 1580 1583 1589 2109 2114 2116 2117 2120 2123 2129 2144 2159 2164 2166 2167 2170 2173 2179 2229 2234 2236 2237 2240 2243 2249
1 662 663 666 669 680 685 690 765 782 783 786 789 800 805 810 817 818 821 824 835 840 845 990 2027 2028 2031 2034 2045 2050 2055 2130 2147 2148 2151 2154 2165 2170 2175 2182 2183 2186 2189 2200 2205 2210 2687 2688 2691 2694 2705 2710 2715 2790 2807 2808 2811 2814 2825 2830 2835 2842 2843 2846 2849 2860 2865 2870
1 663 664 665 667 681 686 691 766 784 785 787 801 806 811 819 820 822 836 841 846 853 888 991 1368 1558 1593 2029 2030 2032 2046 2051 2056 2131 2149 2150 2152 2166 2171 2176 2184 2185 2187 2201 2206 2211 2358 2548 2583 2689 2690 2692 2706 2711 2716 2791 2809 2810 2812 2826 2831 2836 2844 2845 2847 2861 2866 2871
1 660 664 666 668 682 687 692 767 780 788 802 807 812 815 823 837 842 847 854 856 889 891 992 1369 1371 1559 1561 1594 1596 2025 2033 2047 2052 2057 2132 2145 2153 2167 2172 2177 2180 2188 2202 2207 2212 2359 2361 2549 2551 2584 2586 2685 2693 2707 2712 2717 2792 2805 2813 2827 2832 2837 2840 2848 2862 2867 2872
1 660 661 667 669 683 688 693 768 781 803 808 813 816 838 843 848 850 857 859 885 892 894 993 1365 1372 1374 1555 1562 1564 1590 1597 1599 2026 2048 2053 2058 2133 2146 2168 2173 2178 2181 2203 2208 2213 2355 2362 2364 2545 2552 2554 2580 2587 2589 2686 2708 2713 2718 2793 2806 2828 2833 2838 2841 2863 2868 2873
1 661 662 665 668 684 689 694 769 804 809 814 839 844 849 851 852 855 858 886 887 890 893 994 1366 1367 1370 1373 1556 1557 1560 1563 1591 1592 1595 1598 2049 2054 2059 2134 2169 2174 2179 2204 2209 2214 2356 2357 2360 2363 2546 2547 2550 2553 2581 2582 2585 2588 2709 2714 2719 2794 2829 2834 2839 2864 2869 2874
1 660 665 672 673 676 679 690 770 792 793 796 799 827 828 831 834 880 915 920 925 955 960 995 1035 1040 1295 1300 1330 1335 1395 1585 1620 1695 1700 1955 1960 1990 1995 2037 2038 2041 2044 2135 2157 2158 2161 2164 2192 2193 2196 2199 2385 2575 2610 2697 2698 2701 2704 2795 2817 2818 2821 2824 2852 2853 2856 2859
1 661 666 673 674 675 677 691 771 794 795 797 829 830 832 863 881 898 916 921 926 956 961 996 1036 1041 1296 1301 1331 1336 1378 1396 1568 1586 1603 1621 1696 1701 1956 1961 1991 1996 2039 2040 2042 2136 2159 2160 2162 2194 2195 2197 2368 2386 2558 2576 2593 2611 2699 2700 2702 2796 2819 2820 2822 2854 2855 2857
1 662 667 670 674 676 678 692 772 790 798 825 833 864 866 882 899 901 917 922 927 957 962 997 1037 1042 1297 1302 1332 1337 1379 1381 1397 1569 1571 1587 1604 1606 1622 1697 1702 1957 1962 1992 1997 2035 2043 2137 2155 2163 2190 2198 2369 2371 2387 2559 2561 2577 2594 2596 2612 2695 2703 2797 2815 2823 2850 2858
1 663 668 670 671 677 679 693 773 791 826 860 867 869 883 895 902 904 918 923 928 958 963 998 1038 1043 1298 1303 1333 1338 1375 1382 1384 1398 1565 1572 1574 1588 1600 1607 1609 1623 1698 1703 1958 1963 1993 1998 2036 2138 2156 2191 2365 2372 2374 2388 2555 2562 2564 2578 2590 2597 2599 2613 2696 2798 2816 2851
1 664 669 671 672 675 678 694 774 861 862 865 868 884 896 897 900 903 919 924 929 959 964 999 1039 1044 1299 1304 1334 1339 1376 1377 1380 1383 1399 1566 1567 1570 1573 1589 1601 1602 1605 1608 1624 1699 1704 1959 1964 1994 1999 2139 2366 2367 2370 2373 2389 2556 2557 2560 2563 2579 2591 2592 2595 2598 2614 2799
1 670 675 682 683 686 689 690 775 872 873 876 879 907 908 911 914 930 935 950 965 970 985 1000 1045 1050 1065 1305 1310 1325 1340 1345 1360 1387 1388 1391 1394 1577 1578 1581 1584 1612 1613 1616 1619 1705 1710 1725 1965 1970 1985 2000 2005 2020 2140 2377 2378 2381 2384 2567 2568 2571 2574 2602 2603 2606 2609 2800
1 671 676 683 684 685 687 691 776 874 875 877 909 910 912 931 936 943 951 966 971 978 986 1001 1046 1051 1058 1066 1306 1311 1318 1326 1341 1346 1353 1361 1389 1390 1392 1579 1580 1582 1614 1615 1617 1706 1711 1718 1726 1966 1971 1978 1986 2001 2006 2013 2021 2141 2379 2380 2382 2569 2570 2572 2604 2605 2607 2801
1 672 677 680 684 686 688 692 777 870 878 905 913 932 937 944 946 952 967 972 979 981 987 1002 1047 1052 1059 1061 1067 1307 1312 1319 1321 1327 1342 1347 1354 1356 1362 1385 1393 1575 1583 1610 1618 1707 1712 1719 1721 1727 1967 1972 1979 1981 1987 2002 2007 2014 2016 2022 2142 2375 2383 2565 2573 2600 2608 2802
1 673 678 680 681 687 689 693 778 871 906 933 938 940 947 949 953 968 973 975 982 984 988 1003 1048 1053 1055 1062 1064 1068 1308 1313 1315 1322 1324 1328 1343 1348 1350 1357 1359 1363 1386 1576 1611 1708 1713 1715 1722 1724 1728 1968 1973 1975 1982 1984 1988 2003 2008 2010 2017 2019 2023 2143 2376 2566 2601 2803
1 674 679 681 682 685 688 694 779 934 939 941 942 945 948 954 969 974 976 977 980 983 989 1004 1049 1054 1056 1057 1060 1063 1069 1309 1314 1316 1317 1320 1323 1329 1344 1349 1351 1352 1355 1358 1364 1709 1714 1716 1717 1720 1723 1729 1969 1974 1976 1977 1980 1983 1989 2004 2009 2011 2012 2015 2018 2024 2144 2804
1 697 698 701 704 715 720 725 765 852 853 856 859 870 875 880 922 923 926 929 940 945 950 1005 1470 2062 2063 2066 2069 2080 2085 2090 2217 2218 2221 2224 2235 2240 2245 2287 2288 2291 2294 2305 2310 2315 2460 2722 2723 2726 2729 2740 2745 2750 2877 2878 2881 2884 2895 2900 2905 2947 2948 2951 2954 2965 2970 2975
1 698 699 700 702 716 721 726 766 783 854 855 857 871 876 881 924 925 927 941 946 951 958 1006 1403 1471 1488 1663 2064 2065 2067 2081 2086 2091 2219 2220 2222 2236 2241 2246 2289 2290 2292 2306 2311 2316 2393 2461 2478 2653 2724 2725 2727 2741 2746 2751 2879 2880 2882 2896 2901 2906 2949 2950 2952 2966 2971 2976
1 695 699 701 703 717 722 727 767 784 786 850 858 872 877 882 920 928 942 947 952 959 961 1007 1404 1406 1472 1489 1491 1664 1666 2060 2068 2082 2087 2092 2215 2223 2237 2242 2247 2285 2293 2307 2312 2317 2394 2396 2462 2479 2481 2654 2656 2720 2728 2742 2747 2752 2875 2883 2897 2902 2907 2945 2953 2967 2972 2977
1 695 696 702 704 718 723 728 768 780 787 789 851 873 878 883 921 943 948 953 955 962 964 1008 1400 1407 1409 1473 1485 1492 1494 1660 1667 1669 2061 2083 2088 2093 2216 2238 2243 2248 2286 2308 2313 2318 2390 2397 2399 2463 2475 2482 2484 2650 2657 2659 2721 2743 2748 2753 2876 2898 2903 2908 2946 2968 2973 2978
1 696 697 700 703 719 724 729 769 781 782 785 788 874 879 884 944 949 954 956 957 960 963 1009 1401 1402 1405 1408 1474 1486 1487 1490 1493 1661 1662 1665 1668 2084 2089 2094 2239 2244 2249 2309 2314 2319 2391 2392 2395 2398 2464 2476 2477 2480 2483 2651 2652 2655 2658 2744 2749 2754 2899 2904 2909 2969 2974 2979
1 695 700 707 708 711 714 725 770 810 815 820 862 863 866 869 885 890 932 933 936 939 985 1010 1070 1075 1190 1195 1260 1265 1430 1475 1515 1690 1730 1735 1850 1855 1920 1925 2072 2073 2076 2079 2227 2228 2231 2234 2297 2298 2301 2304 2420 2465 2505 2680 2732 2733 2736 2739 2887 2888 2891 2894 2957 2958 2961 2964
1 696 701 708 709 710 712 726 771 793 811 816 821 864 865 867 886 891 934 935 937 968 986 1011 1071 1076 1191 1196 1261 1266 1413 1431 1476 1498 1516 1673 1691 1731 1736 1851 1856 1921 1926 2074 2075 2077 2229 2230 2232 2299 2300 2302 2403 2421 2466 2488 2506 2663 2681 2734 2735 2737 2889 2890 2892 2959 2960 2962
1 697 702 705 709 711 713 727 772 794 796 812 817 822 860 868 887 892 930 938 969 971 987 1012 1072 1077 1192 1197 1262 1267 1414 1416 1432 1477 1499 1501 1517 1674 1676 1692 1732 1737 1852 1857 1922 1927 2070 2078 2225 2233 2295 2303 2404 2406 2422 2467 2489 2491 2507 2664 2666 2682 2730 2738 2885 2893 2955 2963
1 698 703 705 706 712 714 728 773 790 797 799 813 818 823 861 888 893 931 965 972 974 988 1013 1073 1078 1193 1198 1263 1268 1410 1417 1419 1433 1478 1495 1502 1504 1518 1670 1677 1679 1693 1733 1738 1853 1858 1923 1928 2071 2226 2296 2400 2407 2409 2423 2468 2485 2492 2494 2508 2660 2667 2669 2683 2731 2886 2956
1 699 704 706 707 710 713 729 774 791 792 795 798 814 819 824 889 894 966 967 970 973 989 1014 1074 1079 1194 1199 1264 1269 1411 1412 1415 1418 1434 1479 1496 1497 1500 1503 1519 1671 1672 1675 1678 1694 1734 1739 1854 1859 1924 1929 2401 2402 2405 2408 2424 2469 2486 2487 2490 2493 2509 2661 2662 2665 2668 2684
1 705 710 717 718 721 724 725 775 802 803 806 809 825 830 845 895 900 915 977 978 981 984 1015 1080 1085 1100 1200 1205 1220 1270 1275 1290 1422 1423 1426 1429 1480 1507 1508 1511 1514 1682 1683 1686 1689 1740 1745 1760 1860 1865 1880 1930 1935 1950 2412 2413 2416 2419 2470 2497 2498 2501 2504 2672 2673 2676 2679
1 706 711 718 719 720 722 726 776 804 805 807 826 831 838 846 896 901 908 916 979 980 982 1016 1081 1086 1093 1101 1201 1206 1213 1221 1271 1276 1283 1291 1424 1425 1427 1481 1509 1510 1512 1684 1685 1687 1741 1746 1753 1761 1861 1866 1873 1881 1931 1936 1943 1951 2414 2415 2417 2471 2499 2500 2502 2674 2675 2677
1 707 712 715 719 721 723 727 777 800 808 827 832 839 841 847 897 902 909 911 917 975 983 1017 1082 1087 1094 1096 1102 1202 1207 1214 1216 1222 1272 1277 1284 1286 1292 1420 1428 1482 1505 1513 1680 1688 1742 1747 1754 1756 1762 1862 1867 1874 1876 1882 1932 1937 1944 1946 1952 2410 2418 2472 2495 2503 2670 2678
1 708 713 715 716 722 724 728 778 801 828 833 835 842 844 848 898 903 905 912 914 918 976 1018 1083 1088 1090 1097 1099 1103 1203 1208 1210 1217 1219 1223 1273 1278 1280 1287 1289 1293 1421 1483 1506 1681 1743 1748 1750 1757 1759 1763 1863 1868 1870 1877 1879 1883 1933 1938 1940 1947 1949 1953 2411 2473 2496 2671
1 709 714 716 717 720 723 729 779 829 834 836 837 840 843 849 899 904 906 907 910 913 919 1019 1084 1089 1091 1092 1095 1098 1104 1204 1209 1211 1212 1215 1218 1224 1274 1279 1281 1282 1285 1288 1294 1484 1744 1749 1751 1752 1755 1758 1764 1864 1869 1871 1872 1875 1878 1884 1934 1939 1941 1942 1945 1948 1954 2474
1 732 733 736 739 750 755 760 765 887 888 891 894 905 910 915 957 958 961 964 975 980 985 1020 1140 1800 2097 2098 2101 2104 2115 2120 2125 2252 2253 2256 2259 2270 2275 2280 2322 2323 2326 2329 2340 2345 2350 2757 2758 2761 2764 2775 2780 2785 2912 2913 2916 2919 2930 2935 2940 2982 2983 2986 2989 3000 3005 3010
1 733 734 735 737 751 756 761 766 818 889 890 892 906 911 916 923 959 960 962 976 981 986 1021 1141 1438 1523 1628 1801 2099 2100 2102 2116 2121 2126 2254 2255 2257 2271 2276 2281 2324 2325 2327 2341 2346 2351 2428 2513 2618 2759 2760 2762 2776 2781 2786 2914 2915 2917 2931 2936 2941 2984 2985 2987 3001 3006 3011
1 730 734 736 738 752 757 762 767 819 821 885 893 907 912 917 924 926 955 963 977 982 987 1022 1142 1439 1441 1524 1526 1629 1631 1802 2095 2103 2117 2122 2127 2250 2258 2272 2277 2282 2320 2328 2342 2347 2352 2429 2431 2514 2516 2619 2621 2755 2763 2777 2782 2787 2910 2918 2932 2937 2942 2980 2988 3002 3007 3012
1 730 731 737 739 753 758 763 768 815 822 824 886 908 913 918 920 927 929 956 978 983 988 1023 1143 1435 1442 1444 1520 1527 1529 1625 1632 1634 1803 2096 2118 2123 2128 2251 2273 2278 2283 2321 2343 2348 2353 2425 2432 2434 2510 2517 2519 2615 2622 2624 2756 2778 2783 2788 2911 2933 2938 2943 2981 3003 3008 3013
1 731 732 735 738 754 759 764 769 816 817 820 823 909 914 919 921 922 925 928 979 984 989 1024 1144 1436 1437 1440 1443 1521 1522 1525 1528 1626 1627 1630 1633 1804 2119 2124 2129 2274 2279 2284 2344 2349 2354 2426 2427 2430 2433 2511 2512 2515 2518 2616 2617 2620 2623 2779 2784 2789 2934 2939 2944 3004 3009 3014
1 730 735 742 743 746 749 760 770 780 785 845 850 855 897 898 901 904 950 967 968 971 974 1025 1105 1110 1145 1155 1160 1225 1230 1465 1550 1655 1765 1770 1805 1815 1820 1885 1890 2107 2108 2111 2114 2262 2263 2266 2269 2332 2333 2336 2339 2455 2540 2645 2767 2768 2771 2774 2922 2923 2926 2929 2992 2993 2996 2999
1 731 736 743 744 745 747 761 771 781 786 828 846 851 856 899 900 902 933 951 969 970 972 1026 1106 1111 1146 1156 1161 1226 1231 1448 1466 1533 1551 1638 1656 1766 1771 1806 1816 1821 1886 1891 2109 2110 2112 2264 2265 2267 2334 2335 2337 2438 2456 2523 2541 2628 2646 2769 2770 2772 2924 2925 2927 2994 2995 2997
1 732 737 740 744 746 748 762 772 782 787 829 831 847 852 857 895 903 934 936 952 965 973 1027 1107 1112 1147 1157 1162 1227 1232 1449 1451 1467 1534 1536 1552 1639 1641 1657 1767 1772 1807 1817 1822 1887 1892 2105 2113 2260 2268 2330 2338 2439 2441 2457 2524 2526 2542 2629 2631 2647 2765 2773 2920 2928 2990 2998
1 733 738 740 741 747 749 763 773 783 788 825 832 834 848 853 858 896 930 937 939 953 966 1028 1108 1113 1148 1158 1163 1228 1233 1445 1452 1454 1468 1530 1537 1539 1553 1635 1642 1644 1658 1768 1773 1808 1818 1823 1888 1893 2106 2261 2331 2435 2442 2444 2458 2520 2527 2529 2543 2625 2632 2634 2648 2766 2921 2991
1 734 739 741 742 745 748 764 774 784 789 826 827 830 833 849 854 859 931 932 935 938 954 1029 1109 1114 1149 1159 1164 1229 1234 1446 1447 1450 1453 1469 1531 1532 1535 1538 1554 1636 1637 1640 1643 1659 1769 1774 1809 1819 1824 1889 1894 2436 2437 2440 2443 2459 2521 2522 2525 2528 2544 2626 2627 2630 2633 2649
1 740 745 752 753 756 759 760 775 790 795 810 837 838 841 844 860 865 880 942 943 946 949 1030 1115 1120 1135 1150 1165 1170 1185 1235 1240 1255 1457 1458 1461 1464 1542 1543 1546 1549 1647 1648 1651 1654 1775 1780 1795 1810 1825 1830 1845 1895 1900 1915 2447 2448 2451 2454 2532 2533 2536 2539 2637 2638 2641 2644
1 741 746 753 754 755 757 761 776 791 796 803 811 839 840 842 861 866 873 881 944 945 947 1031 1116 1121 1128 1136 1151 1166 1171 1178 1186 1236 1241 1248 1256 1459 1460 1462 1544 1545 1547 1649 1650 1652 1776 1781 1788 1796 1811 1826 1831 1838 1846 1896 1901 1908 1916 2449 2450 2452 2534 2535 2537 2639 2640 2642
1 742 747 750 754 756 758 762 777 792 797 804 806 812 835 843 862 867 874 876 882 940 948 1032 1117 1122 1129 1131 1137 1152 1167 1172 1179 1181 1187 1237 1242 1249 1251 1257 1455 1463 1540 1548 1645 1653 1777 1782 1789 1791 1797 1812 1827 1832 1839 1841 1847 1897 1902 1909 1911 1917 2445 2453 2530 2538 2635 2643
1 743 748 750 751 757 759 763 778 793 798 800 807 809 813 836 863 868 870 877 879 883 941 1033 1118 1123 1125 1132 1134 1138 1153 1168 1173 1175 1182 1184 1188 1238 1243 1245 1252 1254 1258 1456 1541 1646 1778 1783 1785 1792 1794 1798 1813 1828 1833 1835 1842 1844 1848 1898 1903 1905 1912 1914 1918 2446 2531 2636
1 744 749 751 752 755 758 764 779 794 799 801 802 805 808 814 864 869 871 872 875 878 884 1034 1119 1124 1126 1127 1130 1133 1139 1154 1169 1174 1176 1177 1180 1183 1189 1239 1244 1246 1247 1250 1253 1259 1779 1784 1786 1787 1790 1793 1799 1814 1829 1834 1836 1837 1840 1843 1849 1899 1904 1906 1907 1910 1913 1919
