1792 1024
1 0 1 3 6 10 15 21
1 0 2 4 7 11 16 22
1 0 28 29 31 34 38 43
1 0 49 50 52 55 59 64
1 1 2 5 8 12 17 23
1 1 28 30 32 35 39 44
1 1 85 86 88 91 95 100
1 2 49 51 53 56 60 65
1 2 85 87 89 92 96 101
1 28 49 70 71 73 76 80
1 28 85 106 107 109 112 116
1 49 85 121 122 124 127 131
1 3 4 5 9 13 18 24
1 3 29 30 33 36 40 45
1 3 146 147 149 152 156 161
1 4 50 51 54 57 61 66
1 4 146 148 150 153 157 162
1 29 50 70 72 74 77 81
1 29 146 167 168 170 173 177
1 50 146 182 183 185 188 192
1 5 86 87 90 93 97 102
1 5 147 148 151 154 158 163
1 30 86 106 108 110 113 117
1 30 147 167 169 171 174 178
1 86 147 207 208 210 213 217
1 51 87 121 123 125 128 132
1 51 148 182 184 186 189 193
1 87 148 207 209 211 214 218
1 70 106 121 136 137 139 142
1 70 167 182 197 198 200 203
1 106 167 207 222 223 225 228
1 121 182 207 232 233 235 238
1 6 7 8 9 14 19 25
1 6 31 32 33 37 41 46
1 6 248 249 251 254 258 263
1 7 52 53 54 58 62 67
1 7 248 250 252 255 259 264
1 31 52 71 72 75 78 82
1 31 248 269 270 272 275 279
1 52 248 284 285 287 290 294
1 8 88 89 90 94 98 103
1 8 249 250 253 256 260 265
1 32 88 107 108 111 114 118
1 32 249 269 271 273 276 280
1 88 249 309 310 312 315 319
1 53 89 122 123 126 129 133
1 53 250 284 286 288 291 295
1 89 250 309 311 313 316 320
1 71 107 122 136 138 140 143
1 71 269 284 299 300 302 305
1 107 269 309 324 325 327 330
1 122 284 309 334 335 337 340
1 9 149 150 151 155 159 164
1 9 251 252 253 257 261 266
1 33 149 168 169 172 175 179
1 33 251 270 271 274 277 281
1 149 251 350 351 353 356 360
1 54 150 183 184 187 190 194
1 54 252 285 286 289 292 296
1 150 252 350 352 354 357 361
1 72 168 183 197 199 201 204
1 72 270 285 299 301 303 306
1 168 270 350 365 366 368 371
1 183 285 350 375 376 378 381
1 90 151 208 209 212 215 219
1 90 253 310 311 314 317 321
1 151 253 351 352 355 358 362
1 108 169 208 222 224 226 229
1 108 271 310 324 326 328 331
1 169 271 351 365 367 369 372
1 208 310 351 391 392 394 397
1 123 184 209 232 234 236 239
1 123 286 311 334 336 338 341
1 184 286 352 375 377 379 382
1 209 311 352 391 393 395 398
1 136 197 222 232 242 243 245
1 136 299 324 334 344 345 347
1 197 299 365 375 385 386 388
1 222 324 365 391 401 402 404
1 232 334 375 391 407 408 410
1 10 11 12 13 14 20 26
1 10 34 35 36 37 42 47
1 10 416 417 419 422 426 431
1 11 55 56 57 58 63 68
1 11 416 418 420 423 427 432
1 34 55 73 74 75 79 83
1 34 416 437 438 440 443 447
1 55 416 452 453 455 458 462
1 12 91 92 93 94 99 104
1 12 417 418 421 424 428 433
1 35 91 109 110 111 115 119
1 35 417 437 439 441 444 448
1 91 417 477 478 480 483 487
1 56 92 124 125 126 130 134
1 56 418 452 454 456 459 463
1 92 418 477 479 481 484 488
1 73 109 124 137 138 141 144
1 73 437 452 467 468 470 473
1 109 437 477 492 493 495 498
1 124 452 477 502 503 505 508
1 13 152 153 154 155 160 165
1 13 419 420 421 425 429 434
1 36 152 170 171 172 176 180
1 36 419 438 439 442 445 449
1 152 419 518 519 521 524 528
1 57 153 185 186 187 191 195
1 57 420 453 454 457 460 464
1 153 420 518 520 522 525 529
1 74 170 185 198 199 202 205
1 74 438 453 467 469 471 474
1 170 438 518 533 534 536 539
1 185 453 518 543 544 546 549
1 93 154 210 211 212 216 220
1 93 421 478 479 482 485 489
1 154 421 519 520 523 526 530
1 110 171 210 223 224 227 230
1 110 439 478 492 494 496 499
1 171 439 519 533 535 537 540
1 210 478 519 559 560 562 565
1 125 186 211 233 234 237 240
1 125 454 479 502 504 506 509
1 186 454 520 543 545 547 550
1 211 479 520 559 561 563 566
1 137 198 223 233 242 244 246
1 137 467 492 502 512 513 515
1 198 467 533 543 553 554 556
1 223 492 533 559 569 570 572
1 233 502 543 559 575 576 578
1 14 254 255 256 257 262 267
1 14 422 423 424 425 430 435
1 37 254 272 273 274 278 282
1 37 422 440 441 442 446 450
1 254 422 584 585 587 590 594
1 58 255 287 288 289 293 297
1 58 423 455 456 457 461 465
1 255 423 584 586 588 591 595
1 75 272 287 300 301 304 307
1 75 440 455 468 469 472 475
1 272 440 584 599 600 602 605
1 287 455 584 609 610 612 615
1 94 256 312 313 314 318 322
1 94 424 480 481 482 486 490
1 256 424 585 586 589 592 596
1 111 273 312 325 326 329 332
1 111 441 480 493 494 497 500
1 273 441 585 599 601 603 606
1 312 480 585 625 626 628 631
1 126 288 313 335 336 339 342
1 126 456 481 503 504 507 510
1 288 456 586 609 611 613 616
1 313 481 586 625 627 629 632
1 138 300 325 335 344 346 348
1 138 468 493 503 512 514 516
1 300 468 599 609 619 620 622
1 325 493 599 625 635 636 638
1 335 503 609 625 641 642 644
1 155 257 353 354 355 359 363
1 155 425 521 522 523 527 531
1 257 425 587 588 589 593 597
1 172 274 353 366 367 370 373
1 172 442 521 534 535 538 541
1 274 442 587 600 601 604 607
1 353 521 587 650 651 653 656
1 187 289 354 376 377 380 383
1 187 457 522 544 545 548 551
1 289 457 588 610 611 614 617
1 354 522 588 650 652 654 657
1 199 301 366 376 385 387 389
1 199 469 534 544 553 555 557
1 301 469 600 610 619 621 623
1 366 534 600 650 660 661 663
1 376 544 610 650 666 667 669
1 212 314 355 392 393 396 399
1 212 482 523 560 561 564 567
1 314 482 589 626 627 630 633
1 355 523 589 651 652 655 658
1 224 326 367 392 401 403 405
1 224 494 535 560 569 571 573
1 326 494 601 626 635 637 639
1 367 535 601 651 660 662 664
1 392 560 626 651 675 676 678
1 234 336 377 393 407 409 411
1 234 504 545 561 575 577 579
1 336 504 611 627 641 643 645
1 377 545 611 652 666 668 670
1 393 561 627 652 675 677 679
1 242 344 385 401 407 413 414
1 242 512 553 569 575 581 582
1 344 512 619 635 641 647 648
1 385 553 619 660 666 672 673
1 401 569 635 660 675 681 682
1 407 575 641 666 675 684 685
1 15 16 17 18 19 20 27
1 15 38 39 40 41 42 48
1 15 688 689 691 694 698 703
1 16 59 60 61 62 63 69
1 16 688 690 692 695 699 704
1 38 59 76 77 78 79 84
1 38 688 709 710 712 715 719
1 59 688 724 725 727 730 734
1 17 95 96 97 98 99 105
1 17 689 690 693 696 700 705
1 39 95 112 113 114 115 120
1 39 689 709 711 713 716 720
1 95 689 749 750 752 755 759
1 60 96 127 128 129 130 135
1 60 690 724 726 728 731 735
1 96 690 749 751 753 756 760
1 76 112 127 139 140 141 145
1 76 709 724 739 740 742 745
1 112 709 749 764 765 767 770
1 127 724 749 774 775 777 780
1 18 156 157 158 159 160 166
1 18 691 692 693 697 701 706
1 40 156 173 174 175 176 181
1 40 691 710 711 714 717 721
1 156 691 790 791 793 796 800
1 61 157 188 189 190 191 196
1 61 692 725 726 729 732 736
1 157 692 790 792 794 797 801
1 77 173 188 200 201 202 206
1 77 710 725 739 741 743 746
1 173 710 790 805 806 808 811
1 188 725 790 815 816 818 821
1 97 158 213 214 215 216 221
1 97 693 750 751 754 757 761
1 158 693 791 792 795 798 802
1 113 174 213 225 226 227 231
1 113 711 750 764 766 768 771
1 174 711 791 805 807 809 812
1 213 750 791 831 832 834 837
1 128 189 214 235 236 237 241
1 128 726 751 774 776 778 781
1 189 726 792 815 817 819 822
1 214 751 792 831 833 835 838
1 139 200 225 235 243 244 247
1 139 739 764 774 784 785 787
1 200 739 805 815 825 826 828
1 225 764 805 831 841 842 844
1 235 774 815 831 847 848 850
1 19 258 259 260 261 262 268
1 19 694 695 696 697 702 707
1 41 258 275 276 277 278 283
1 41 694 712 713 714 718 722
1 258 694 856 857 859 862 866
1 62 259 290 291 292 293 298
1 62 695 727 728 729 733 737
1 259 695 856 858 860 863 867
1 78 275 290 302 303 304 308
1 78 712 727 740 741 744 747
1 275 712 856 871 872 874 877
1 290 727 856 881 882 884 887
1 98 260 315 316 317 318 323
1 98 696 752 753 754 758 762
1 260 696 857 858 861 864 868
1 114 276 315 327 328 329 333
1 114 713 752 765 766 769 772
1 276 713 857 871 873 875 878
1 315 752 857 897 898 900 903
1 129 291 316 337 338 339 343
1 129 728 753 775 776 779 782
1 291 728 858 881 883 885 888
1 316 753 858 897 899 901 904
1 140 302 327 337 345 346 349
1 140 740 765 775 784 786 788
1 302 740 871 881 891 892 894
1 327 765 871 897 907 908 910
1 337 775 881 897 913 914 916
1 159 261 356 357 358 359 364
1 159 697 793 794 795 799 803
1 261 697 859 860 861 865 869
1 175 277 356 368 369 370 374
1 175 714 793 806 807 810 813
1 277 714 859 872 873 876 879
1 356 793 859 922 923 925 928
1 190 292 357 378 379 380 384
1 190 729 794 816 817 820 823
1 292 729 860 882 883 886 889
1 357 794 860 922 924 926 929
1 201 303 368 378 386 387 390
1 201 741 806 816 825 827 829
1 303 741 872 882 891 893 895
1 368 806 872 922 932 933 935
1 378 816 882 922 938 939 941
1 215 317 358 394 395 396 400
1 215 754 795 832 833 836 839
1 317 754 861 898 899 902 905
1 358 795 861 923 924 927 930
1 226 328 369 394 402 403 406
1 226 766 807 832 841 843 845
1 328 766 873 898 907 909 911
1 369 807 873 923 932 934 936
1 394 832 898 923 947 948 950
1 236 338 379 395 408 409 412
1 236 776 817 833 847 849 851
1 338 776 883 899 913 915 917
1 379 817 883 924 938 940 942
1 395 833 899 924 947 949 951
1 243 345 386 402 408 413 415
1 243 784 825 841 847 853 854
1 345 784 891 907 913 919 920
1 386 825 891 932 938 944 945
1 402 841 907 932 947 953 954
1 408 847 913 938 947 956 957
1 20 426 427 428 429 430 436
1 20 698 699 700 701 702 708
1 42 426 443 444 445 446 451
1 42 698 715 716 717 718 723
1 426 698 960 961 963 966 970
1 63 427 458 459 460 461 466
1 63 699 730 731 732 733 738
1 427 699 960 962 964 967 971
1 79 443 458 470 471 472 476
1 79 715 730 742 743 744 748
1 443 715 960 975 976 978 981
1 458 730 960 985 986 988 991
1 99 428 483 484 485 486 491
1 99 700 755 756 757 758 763
1 428 700 961 962 965 968 972
1 115 444 483 495 496 497 501
1 115 716 755 767 768 769 773
1 444 716 961 975 977 979 982
1 483 755 961 1001 1002 1004 1007
1 130 459 484 505 506 507 511
1 130 731 756 777 778 779 783
1 459 731 962 985 987 989 992
1 484 756 962 1001 1003 1005 1008
1 141 470 495 505 513 514 517
1 141 742 767 777 785 786 789
1 470 742 975 985 995 996 998
1 495 767 975 1001 1011 1012 1014
1 505 777 985 1001 1017 1018 1020
1 160 429 524 525 526 527 532
1 160 701 796 797 798 799 804
1 429 701 963 964 965 969 973
1 176 445 524 536 537 538 542
1 176 717 796 808 809 810 814
1 445 717 963 976 977 980 983
1 524 796 963 1026 1027 1029 1032
1 191 460 525 546 547 548 552
1 191 732 797 818 819 820 824
1 460 732 964 986 987 990 993
1 525 797 964 1026 1028 1030 1033
1 202 471 536 546 554 555 558
1 202 743 808 818 826 827 830
1 471 743 976 986 995 997 999
1 536 808 976 1026 1036 1037 1039
1 546 818 986 1026 1042 1043 1045
1 216 485 526 562 563 564 568
1 216 757 798 834 835 836 840
1 485 757 965 1002 1003 1006 1009
1 526 798 965 1027 1028 1031 1034
1 227 496 537 562 570 571 574
1 227 768 809 834 842 843 846
1 496 768 977 1002 1011 1013 1015
1 537 809 977 1027 1036 1038 1040
1 562 834 1002 1027 1051 1052 1054
1 237 506 547 563 576 577 580
1 237 778 819 835 848 849 852
1 506 778 987 1003 1017 1019 1021
1 547 819 987 1028 1042 1044 1046
1 563 835 1003 1028 1051 1053 1055
1 244 513 554 570 576 581 583
1 244 785 826 842 848 853 855
1 513 785 995 1011 1017 1023 1024
1 554 826 995 1036 1042 1048 1049
1 570 842 1011 1036 1051 1057 1058
1 576 848 1017 1042 1051 1060 1061
1 262 430 590 591 592 593 598
1 262 702 862 863 864 865 870
1 430 702 966 967 968 969 974
1 278 446 590 602 603 604 608
1 278 718 862 874 875 876 880
1 446 718 966 978 979 980 984
1 590 862 966 1064 1065 1067 1070
1 293 461 591 612 613 614 618
1 293 733 863 884 885 886 890
1 461 733 967 988 989 990 994
1 591 863 967 1064 1066 1068 1071
1 304 472 602 612 620 621 624
1 304 744 874 884 892 893 896
1 472 744 978 988 996 997 1000
1 602 874 978 1064 1074 1075 1077
1 612 884 988 1064 1080 1081 1083
1 318 486 592 628 629 630 634
1 318 758 864 900 901 902 906
1 486 758 968 1004 1005 1006 1010
1 592 864 968 1065 1066 1069 1072
1 329 497 603 628 636 637 640
1 329 769 875 900 908 909 912
1 497 769 979 1004 1012 1013 1016
1 603 875 979 1065 1074 1076 1078
1 628 900 1004 1065 1089 1090 1092
1 339 507 613 629 642 643 646
1 339 779 885 901 914 915 918
1 507 779 989 1005 1018 1019 1022
1 613 885 989 1066 1080 1082 1084
1 629 901 1005 1066 1089 1091 1093
1 346 514 620 636 642 647 649
1 346 786 892 908 914 919 921
1 514 786 996 1012 1018 1023 1025
1 620 892 996 1074 1080 1086 1087
1 636 908 1012 1074 1089 1095 1096
1 642 914 1018 1080 1089 1098 1099
1 359 527 593 653 654 655 659
1 359 799 865 925 926 927 931
1 527 799 969 1029 1030 1031 1035
1 593 865 969 1067 1068 1069 1073
1 370 538 604 653 661 662 665
1 370 810 876 925 933 934 937
1 538 810 980 1029 1037 1038 1041
1 604 876 980 1067 1075 1076 1079
1 653 925 1029 1067 1102 1103 1105
1 380 548 614 654 667 668 671
1 380 820 886 926 939 940 943
1 548 820 990 1030 1043 1044 1047
1 614 886 990 1068 1081 1082 1085
1 654 926 1030 1068 1102 1104 1106
1 387 555 621 661 667 672 674
1 387 827 893 933 939 944 946
1 555 827 997 1037 1043 1048 1050
1 621 893 997 1075 1081 1086 1088
1 661 933 1037 1075 1102 1108 1109
1 667 939 1043 1081 1102 1111 1112
1 396 564 630 655 676 677 680
1 396 836 902 927 948 949 952
1 564 836 1006 1031 1052 1053 1056
1 630 902 1006 1069 1090 1091 1094
1 655 927 1031 1069 1103 1104 1107
1 403 571 637 662 676 681 683
1 403 843 909 934 948 953 955
1 571 843 1013 1038 1052 1057 1059
1 637 909 1013 1076 1090 1095 1097
1 662 934 1038 1076 1103 1108 1110
1 676 948 1052 1090 1103 1115 1116
1 409 577 643 668 677 684 686
1 409 849 915 940 949 956 958
1 577 849 1019 1044 1053 1060 1062
1 643 915 1019 1082 1091 1098 1100
1 668 940 1044 1082 1104 1111 1113
1 677 949 1053 1091 1104 1115 1117
1 413 581 647 672 681 684 687
1 413 853 919 944 953 956 959
1 581 853 1023 1048 1057 1060 1063
1 647 919 1023 1086 1095 1098 1101
1 672 944 1048 1086 1108 1111 1114
1 681 953 1057 1095 1108 1115 1118
1 684 956 1060 1098 1111 1115 1119
1 21 22 23 24 25 26 27
1 21 43 44 45 46 47 48
1 21 1120 1121 1123 1126 1130 1135
1 22 64 65 66 67 68 69
1 22 1120 1122 1124 1127 1131 1136
1 43 64 80 81 82 83 84
1 43 1120 1141 1142 1144 1147 1151
1 64 1120 1156 1157 1159 1162 1166
1 23 100 101 102 103 104 105
1 23 1121 1122 1125 1128 1132 1137
1 44 100 116 117 118 119 120
1 44 1121 1141 1143 1145 1148 1152
1 100 1121 1181 1182 1184 1187 1191
1 65 101 131 132 133 134 135
1 65 1122 1156 1158 1160 1163 1167
1 101 1122 1181 1183 1185 1188 1192
1 80 116 131 142 143 144 145
1 80 1141 1156 1171 1172 1174 1177
1 116 1141 1181 1196 1197 1199 1202
1 131 1156 1181 1206 1207 1209 1212
1 24 161 162 163 164 165 166
1 24 1123 1124 1125 1129 1133 1138
1 45 161 177 178 179 180 181
1 45 1123 1142 1143 1146 1149 1153
1 161 1123 1222 1223 1225 1228 1232
1 66 162 192 193 194 195 196
1 66 1124 1157 1158 1161 1164 1168
1 162 1124 1222 1224 1226 1229 1233
1 81 177 192 203 204 205 206
1 81 1142 1157 1171 1173 1175 1178
1 177 1142 1222 1237 1238 1240 1243
1 192 1157 1222 1247 1248 1250 1253
1 102 163 217 218 219 220 221
1 102 1125 1182 1183 1186 1189 1193
1 163 1125 1223 1224 1227 1230 1234
1 117 178 217 228 229 230 231
1 117 1143 1182 1196 1198 1200 1203
1 178 1143 1223 1237 1239 1241 1244
1 217 1182 1223 1263 1264 1266 1269
1 132 193 218 238 239 240 241
1 132 1158 1183 1206 1208 1210 1213
1 193 1158 1224 1247 1249 1251 1254
1 218 1183 1224 1263 1265 1267 1270
1 142 203 228 238 245 246 247
1 142 1171 1196 1206 1216 1217 1219
1 203 1171 1237 1247 1257 1258 1260
1 228 1196 1237 1263 1273 1274 1276
1 238 1206 1247 1263 1279 1280 1282
1 25 263 264 265 266 267 268
1 25 1126 1127 1128 1129 1134 1139
1 46 263 279 280 281 282 283
1 46 1126 1144 1145 1146 1150 1154
1 263 1126 1288 1289 1291 1294 1298
1 67 264 294 295 296 297 298
1 67 1127 1159 1160 1161 1165 1169
1 264 1127 1288 1290 1292 1295 1299
1 82 279 294 305 306 307 308
1 82 1144 1159 1172 1173 1176 1179
1 279 1144 1288 1303 1304 1306 1309
1 294 1159 1288 1313 1314 1316 1319
1 103 265 319 320 321 322 323
1 103 1128 1184 1185 1186 1190 1194
1 265 1128 1289 1290 1293 1296 1300
1 118 280 319 330 331 332 333
1 118 1145 1184 1197 1198 1201 1204
1 280 1145 1289 1303 1305 1307 1310
1 319 1184 1289 1329 1330 1332 1335
1 133 295 320 340 341 342 343
1 133 1160 1185 1207 1208 1211 1214
1 295 1160 1290 1313 1315 1317 1320
1 320 1185 1290 1329 1331 1333 1336
1 143 305 330 340 347 348 349
1 143 1172 1197 1207 1216 1218 1220
1 305 1172 1303 1313 1323 1324 1326
1 330 1197 1303 1329 1339 1340 1342
1 340 1207 1313 1329 1345 1346 1348
1 164 266 360 361 362 363 364
1 164 1129 1225 1226 1227 1231 1235
1 266 1129 1291 1292 1293 1297 1301
1 179 281 360 371 372 373 374
1 179 1146 1225 1238 1239 1242 1245
1 281 1146 1291 1304 1305 1308 1311
1 360 1225 1291 1354 1355 1357 1360
1 194 296 361 381 382 383 384
1 194 1161 1226 1248 1249 1252 1255
1 296 1161 1292 1314 1315 1318 1321
1 361 1226 1292 1354 1356 1358 1361
1 204 306 371 381 388 389 390
1 204 1173 1238 1248 1257 1259 1261
1 306 1173 1304 1314 1323 1325 1327
1 371 1238 1304 1354 1364 1365 1367
1 381 1248 1314 1354 1370 1371 1373
1 219 321 362 397 398 399 400
1 219 1186 1227 1264 1265 1268 1271
1 321 1186 1293 1330 1331 1334 1337
1 362 1227 1293 1355 1356 1359 1362
1 229 331 372 397 404 405 406
1 229 1198 1239 1264 1273 1275 1277
1 331 1198 1305 1330 1339 1341 1343
1 372 1239 1305 1355 1364 1366 1368
1 397 1264 1330 1355 1379 1380 1382
1 239 341 382 398 410 411 412
1 239 1208 1249 1265 1279 1281 1283
1 341 1208 1315 1331 1345 1347 1349
1 382 1249 1315 1356 1370 1372 1374
1 398 1265 1331 1356 1379 1381 1383
1 245 347 388 404 410 414 415
1 245 1216 1257 1273 1279 1285 1286
1 347 1216 1323 1339 1345 1351 1352
1 388 1257 1323 1364 1370 1376 1377
1 404 1273 1339 1364 1379 1385 1386
1 410 1279 1345 1370 1379 1388 1389
1 26 431 432 433 434 435 436
1 26 1130 1131 1132 1133 1134 1140
1 47 431 447 448 449 450 451
1 47 1130 1147 1148 1149 1150 1155
1 431 1130 1392 1393 1395 1398 1402
1 68 432 462 463 464 465 466
1 68 1131 1162 1163 1164 1165 1170
1 432 1131 1392 1394 1396 1399 1403
1 83 447 462 473 474 475 476
1 83 1147 1162 1174 1175 1176 1180
1 447 1147 1392 1407 1408 1410 1413
1 462 1162 1392 1417 1418 1420 1423
1 104 433 487 488 489 490 491
1 104 1132 1187 1188 1189 1190 1195
1 433 1132 1393 1394 1397 1400 1404
1 119 448 487 498 499 500 501
1 119 1148 1187 1199 1200 1201 1205
1 448 1148 1393 1407 1409 1411 1414
1 487 1187 1393 1433 1434 1436 1439
1 134 463 488 508 509 510 511
1 134 1163 1188 1209 1210 1211 1215
1 463 1163 1394 1417 1419 1421 1424
1 488 1188 1394 1433 1435 1437 1440
1 144 473 498 508 515 516 517
1 144 1174 1199 1209 1217 1218 1221
1 473 1174 1407 1417 1427 1428 1430
1 498 1199 1407 1433 1443 1444 1446
1 508 1209 1417 1433 1449 1450 1452
1 165 434 528 529 530 531 532
1 165 1133 1228 1229 1230 1231 1236
1 434 1133 1395 1396 1397 1401 1405
1 180 449 528 539 540 541 542
1 180 1149 1228 1240 1241 1242 1246
1 449 1149 1395 1408 1409 1412 1415
1 528 1228 1395 1458 1459 1461 1464
1 195 464 529 549 550 551 552
1 195 1164 1229 1250 1251 1252 1256
1 464 1164 1396 1418 1419 1422 1425
1 529 1229 1396 1458 1460 1462 1465
1 205 474 539 549 556 557 558
1 205 1175 1240 1250 1258 1259 1262
1 474 1175 1408 1418 1427 1429 1431
1 539 1240 1408 1458 1468 1469 1471
1 549 1250 1418 1458 1474 1475 1477
1 220 489 530 565 566 567 568
1 220 1189 1230 1266 1267 1268 1272
1 489 1189 1397 1434 1435 1438 1441
1 530 1230 1397 1459 1460 1463 1466
1 230 499 540 565 572 573 574
1 230 1200 1241 1266 1274 1275 1278
1 499 1200 1409 1434 1443 1445 1447
1 540 1241 1409 1459 1468 1470 1472
1 565 1266 1434 1459 1483 1484 1486
1 240 509 550 566 578 579 580
1 240 1210 1251 1267 1280 1281 1284
1 509 1210 1419 1435 1449 1451 1453
1 550 1251 1419 1460 1474 1476 1478
1 566 1267 1435 1460 1483 1485 1487
1 246 515 556 572 578 582 583
1 246 1217 1258 1274 1280 1285 1287
1 515 1217 1427 1443 1449 1455 1456
1 556 1258 1427 1468 1474 1480 1481
1 572 1274 1443 1468 1483 1489 1490
1 578 1280 1449 1474 1483 1492 1493
1 267 435 594 595 596 597 598
1 267 1134 1294 1295 1296 1297 1302
1 435 1134 1398 1399 1400 1401 1406
1 282 450 594 605 606 607 608
1 282 1150 1294 1306 1307 1308 1312
1 450 1150 1398 1410 1411 1412 1416
1 594 1294 1398 1496 1497 1499 1502
1 297 465 595 615 616 617 618
1 297 1165 1295 1316 1317 1318 1322
1 465 1165 1399 1420 1421 1422 1426
1 595 1295 1399 1496 1498 1500 1503
1 307 475 605 615 622 623 624
1 307 1176 1306 1316 1324 1325 1328
1 475 1176 1410 1420 1428 1429 1432
1 605 1306 1410 1496 1506 1507 1509
1 615 1316 1420 1496 1512 1513 1515
1 322 490 596 631 632 633 634
1 322 1190 1296 1332 1333 1334 1338
1 490 1190 1400 1436 1437 1438 1442
1 596 1296 1400 1497 1498 1501 1504
1 332 500 606 631 638 639 640
1 332 1201 1307 1332 1340 1341 1344
1 500 1201 1411 1436 1444 1445 1448
1 606 1307 1411 1497 1506 1508 1510
1 631 1332 1436 1497 1521 1522 1524
1 342 510 616 632 644 645 646
1 342 1211 1317 1333 1346 1347 1350
1 510 1211 1421 1437 1450 1451 1454
1 616 1317 1421 1498 1512 1514 1516
1 632 1333 1437 1498 1521 1523 1525
1 348 516 622 638 644 648 649
1 348 1218 1324 1340 1346 1351 1353
1 516 1218 1428 1444 1450 1455 1457
1 622 1324 1428 1506 1512 1518 1519
1 638 1340 1444 1506 1521 1527 1528
1 644 1346 1450 1512 1521 1530 1531
1 363 531 597 656 657 658 659
1 363 1231 1297 1357 1358 1359 1363
1 531 1231 1401 1461 1462 1463 1467
1 597 1297 1401 1499 1500 1501 1505
1 373 541 607 656 663 664 665
1 373 1242 1308 1357 1365 1366 1369
1 541 1242 1412 1461 1469 1470 1473
1 607 1308 1412 1499 1507 1508 1511
1 656 1357 1461 1499 1534 1535 1537
1 383 551 617 657 669 670 671
1 383 1252 1318 1358 1371 1372 1375
1 551 1252 1422 1462 1475 1476 1479
1 617 1318 1422 1500 1513 1514 1517
1 657 1358 1462 1500 1534 1536 1538
1 389 557 623 663 669 673 674
1 389 1259 1325 1365 1371 1376 1378
1 557 1259 1429 1469 1475 1480 1482
1 623 1325 1429 1507 1513 1518 1520
1 663 1365 1469 1507 1534 1540 1541
1 669 1371 1475 1513 1534 1543 1544
1 399 567 633 658 678 679 680
1 399 1268 1334 1359 1380 1381 1384
1 567 1268 1438 1463 1484 1485 1488
1 633 1334 1438 1501 1522 1523 1526
1 658 1359 1463 1501 1535 1536 1539
1 405 573 639 664 678 682 683
1 405 1275 1341 1366 1380 1385 1387
1 573 1275 1445 1470 1484 1489 1491
1 639 1341 1445 1508 1522 1527 1529
1 664 1366 1470 1508 1535 1540 1542
1 678 1380 1484 1522 1535 1547 1548
1 411 579 645 670 679 685 686
1 411 1281 1347 1372 1381 1388 1390
1 579 1281 1451 1476 1485 1492 1494
1 645 1347 1451 1514 1523 1530 1532
1 670 1372 1476 1514 1536 1543 1545
1 679 1381 1485 1523 1536 1547 1549
1 414 582 648 673 682 685 687
1 414 1285 1351 1376 1385 1388 1391
1 582 1285 1455 1480 1489 1492 1495
1 648 1351 1455 1518 1527 1530 1533
1 673 1376 1480 1518 1540 1543 1546
1 682 1385 1489 1527 1540 1547 1550
1 685 1388 1492 1530 1543 1547 1551
1 27 703 704 705 706 707 708
1 27 1135 1136 1137 1138 1139 1140
1 48 703 719 720 721 722 723
1 48 1135 1151 1152 1153 1154 1155
1 703 1135 1552 1553 1555 1558 1562
1 69 704 734 735 736 737 738
1 69 1136 1166 1167 1168 1169 1170
1 704 1136 1552 1554 1556 1559 1563
1 84 719 734 745 746 747 748
1 84 1151 1166 1177 1178 1179 1180
1 719 1151 1552 1567 1568 1570 1573
1 734 1166 1552 1577 1578 1580 1583
1 105 705 759 760 761 762 763
1 105 1137 1191 1192 1193 1194 1195
1 705 1137 1553 1554 1557 1560 1564
1 120 720 759 770 771 772 773
1 120 1152 1191 1202 1203 1204 1205
1 720 1152 1553 1567 1569 1571 1574
1 759 1191 1553 1593 1594 1596 1599
1 135 735 760 780 781 782 783
1 135 1167 1192 1212 1213 1214 1215
1 735 1167 1554 1577 1579 1581 1584
1 760 1192 1554 1593 1595 1597 1600
1 145 745 770 780 787 788 789
1 145 1177 1202 1212 1219 1220 1221
1 745 1177 1567 1577 1587 1588 1590
1 770 1202 1567 1593 1603 1604 1606
1 780 1212 1577 1593 1609 1610 1612
1 166 706 800 801 802 803 804
1 166 1138 1232 1233 1234 1235 1236
1 706 1138 1555 1556 1557 1561 1565
1 181 721 800 811 812 813 814
1 181 1153 1232 1243 1244 1245 1246
1 721 1153 1555 1568 1569 1572 1575
1 800 1232 1555 1618 1619 1621 1624
1 196 736 801 821 822 823 824
1 196 1168 1233 1253 1254 1255 1256
1 736 1168 1556 1578 1579 1582 1585
1 801 1233 1556 1618 1620 1622 1625
1 206 746 811 821 828 829 830
1 206 1178 1243 1253 1260 1261 1262
1 746 1178 1568 1578 1587 1589 1591
1 811 1243 1568 1618 1628 1629 1631
1 821 1253 1578 1618 1634 1635 1637
1 221 761 802 837 838 839 840
1 221 1193 1234 1269 1270 1271 1272
1 761 1193 1557 1594 1595 1598 1601
1 802 1234 1557 1619 1620 1623 1626
1 231 771 812 837 844 845 846
1 231 1203 1244 1269 1276 1277 1278
1 771 1203 1569 1594 1603 1605 1607
1 812 1244 1569 1619 1628 1630 1632
1 837 1269 1594 1619 1643 1644 1646
1 241 781 822 838 850 851 852
1 241 1213 1254 1270 1282 1283 1284
1 781 1213 1579 1595 1609 1611 1613
1 822 1254 1579 1620 1634 1636 1638
1 838 1270 1595 1620 1643 1645 1647
1 247 787 828 844 850 854 855
1 247 1219 1260 1276 1282 1286 1287
1 787 1219 1587 1603 1609 1615 1616
1 828 1260 1587 1628 1634 1640 1641
1 844 1276 1603 1628 1643 1649 1650
1 850 1282 1609 1634 1643 1652 1653
1 268 707 866 867 868 869 870
1 268 1139 1298 1299 1300 1301 1302
1 707 1139 1558 1559 1560 1561 1566
1 283 722 866 877 878 879 880
1 283 1154 1298 1309 1310 1311 1312
1 722 1154 1558 1570 1571 1572 1576
1 866 1298 1558 1656 1657 1659 1662
1 298 737 867 887 888 889 890
1 298 1169 1299 1319 1320 1321 1322
1 737 1169 1559 1580 1581 1582 1586
1 867 1299 1559 1656 1658 1660 1663
1 308 747 877 887 894 895 896
1 308 1179 1309 1319 1326 1327 1328
1 747 1179 1570 1580 1588 1589 1592
1 877 1309 1570 1656 1666 1667 1669
1 887 1319 1580 1656 1672 1673 1675
1 323 762 868 903 904 905 906
1 323 1194 1300 1335 1336 1337 1338
1 762 1194 1560 1596 1597 1598 1602
1 868 1300 1560 1657 1658 1661 1664
1 333 772 878 903 910 911 912
1 333 1204 1310 1335 1342 1343 1344
1 772 1204 1571 1596 1604 1605 1608
1 878 1310 1571 1657 1666 1668 1670
1 903 1335 1596 1657 1681 1682 1684
1 343 782 888 904 916 917 918
1 343 1214 1320 1336 1348 1349 1350
1 782 1214 1581 1597 1610 1611 1614
1 888 1320 1581 1658 1672 1674 1676
1 904 1336 1597 1658 1681 1683 1685
1 349 788 894 910 916 920 921
1 349 1220 1326 1342 1348 1352 1353
1 788 1220 1588 1604 1610 1615 1617
1 894 1326 1588 1666 1672 1678 1679
1 910 1342 1604 1666 1681 1687 1688
1 916 1348 1610 1672 1681 1690 1691
1 364 803 869 928 929 930 931
1 364 1235 1301 1360 1361 1362 1363
1 803 1235 1561 1621 1622 1623 1627
1 869 1301 1561 1659 1660 1661 1665
1 374 813 879 928 935 936 937
1 374 1245 1311 1360 1367 1368 1369
1 813 1245 1572 1621 1629 1630 1633
1 879 1311 1572 1659 1667 1668 1671
1 928 1360 1621 1659 1694 1695 1697
1 384 823 889 929 941 942 943
1 384 1255 1321 1361 1373 1374 1375
1 823 1255 1582 1622 1635 1636 1639
1 889 1321 1582 1660 1673 1674 1677
1 929 1361 1622 1660 1694 1696 1698
1 390 829 895 935 941 945 946
1 390 1261 1327 1367 1373 1377 1378
1 829 1261 1589 1629 1635 1640 1642
1 895 1327 1589 1667 1673 1678 1680
1 935 1367 1629 1667 1694 1700 1701
1 941 1373 1635 1673 1694 1703 1704
1 400 839 905 930 950 951 952
1 400 1271 1337 1362 1382 1383 1384
1 839 1271 1598 1623 1644 1645 1648
1 905 1337 1598 1661 1682 1683 1686
1 930 1362 1623 1661 1695 1696 1699
1 406 845 911 936 950 954 955
1 406 1277 1343 1368 1382 1386 1387
1 845 1277 1605 1630 1644 1649 1651
1 911 1343 1605 1668 1682 1687 1689
1 936 1368 1630 1668 1695 1700 1702
1 950 1382 1644 1682 1695 1707 1708
1 412 851 917 942 951 957 958
1 412 1283 1349 1374 1383 1389 1390
1 851 1283 1611 1636 1645 1652 1654
1 917 1349 1611 1674 1683 1690 1692
1 942 1374 1636 1674 1696 1703 1705
1 951 1383 1645 1683 1696 1707 1709
1 415 854 920 945 954 957 959
1 415 1286 1352 1377 1386 1389 1391
1 854 1286 1615 1640 1649 1652 1655
1 920 1352 1615 1678 1687 1690 1693
1 945 1377 1640 1678 1700 1703 1706
1 954 1386 1649 1687 1700 1707 1710
1 957 1389 1652 1690 1703 1707 1711
1 436 708 970 971 972 973 974
1 436 1140 1402 1403 1404 1405 1406
1 708 1140 1562 1563 1564 1565 1566
1 451 723 970 981 982 983 984
1 451 1155 1402 1413 1414 1415 1416
1 723 1155 1562 1573 1574 1575 1576
1 970 1402 1562 1712 1713 1715 1718
1 466 738 971 991 992 993 994
1 466 1170 1403 1423 1424 1425 1426
1 738 1170 1563 1583 1584 1585 1586
1 971 1403 1563 1712 1714 1716 1719
1 476 748 981 991 998 999 1000
1 476 1180 1413 1423 1430 1431 1432
1 748 1180 1573 1583 1590 1591 1592
1 981 1413 1573 1712 1722 1723 1725
1 991 1423 1583 1712 1728 1729 1731
1 491 763 972 1007 1008 1009 1010
1 491 1195 1404 1439 1440 1441 1442
1 763 1195 1564 1599 1600 1601 1602
1 972 1404 1564 1713 1714 1717 1720
1 501 773 982 1007 1014 1015 1016
1 501 1205 1414 1439 1446 1447 1448
1 773 1205 1574 1599 1606 1607 1608
1 982 1414 1574 1713 1722 1724 1726
1 1007 1439 1599 1713 1737 1738 1740
1 511 783 992 1008 1020 1021 1022
1 511 1215 1424 1440 1452 1453 1454
1 783 1215 1584 1600 1612 1613 1614
1 992 1424 1584 1714 1728 1730 1732
1 1008 1440 1600 1714 1737 1739 1741
1 517 789 998 1014 1020 1024 1025
1 517 1221 1430 1446 1452 1456 1457
1 789 1221 1590 1606 1612 1616 1617
1 998 1430 1590 1722 1728 1734 1735
1 1014 1446 1606 1722 1737 1743 1744
1 1020 1452 1612 1728 1737 1746 1747
1 532 804 973 1032 1033 1034 1035
1 532 1236 1405 1464 1465 1466 1467
1 804 1236 1565 1624 1625 1626 1627
1 973 1405 1565 1715 1716 1717 1721
1 542 814 983 1032 1039 1040 1041
1 542 1246 1415 1464 1471 1472 1473
1 814 1246 1575 1624 1631 1632 1633
1 983 1415 1575 1715 1723 1724 1727
1 1032 1464 1624 1715 1750 1751 1753
1 552 824 993 1033 1045 1046 1047
1 552 1256 1425 1465 1477 1478 1479
1 824 1256 1585 1625 1637 1638 1639
1 993 1425 1585 1716 1729 1730 1733
1 1033 1465 1625 1716 1750 1752 1754
1 558 830 999 1039 1045 1049 1050
1 558 1262 1431 1471 1477 1481 1482
1 830 1262 1591 1631 1637 1641 1642
1 999 1431 1591 1723 1729 1734 1736
1 1039 1471 1631 1723 1750 1756 1757
1 1045 1477 1637 1729 1750 1759 1760
1 568 840 1009 1034 1054 1055 1056
1 568 1272 1441 1466 1486 1487 1488
1 840 1272 1601 1626 1646 1647 1648
1 1009 1441 1601 1717 1738 1739 1742
1 1034 1466 1626 1717 1751 1752 1755
1 574 846 1015 1040 1054 1058 1059
1 574 1278 1447 1472 1486 1490 1491
1 846 1278 1607 1632 1646 1650 1651
1 1015 1447 1607 1724 1738 1743 1745
1 1040 1472 1632 1724 1751 1756 1758
1 1054 1486 1646 1738 1751 1763 1764
1 580 852 1021 1046 1055 1061 1062
1 580 1284 1453 1478 1487 1493 1494
1 852 1284 1613 1638 1647 1653 1654
1 1021 1453 1613 1730 1739 1746 1748
1 1046 1478 1638 1730 1752 1759 1761
1 1055 1487 1647 1739 1752 1763 1765
1 583 855 1024 1049 1058 1061 1063
1 583 1287 1456 1481 1490 1493 1495
1 855 1287 1616 1641 1650 1653 1655
1 1024 1456 1616 1734 1743 1746 1749
1 1049 1481 1641 1734 1756 1759 1762
1 1058 1490 1650 1743 1756 1763 1766
1 1061 1493 1653 1746 1759 1763 1767
1 598 870 974 1070 1071 1072 1073
1 598 1302 1406 1502 1503 1504 1505
1 870 1302 1566 1662 1663 1664 1665
1 974 1406 1566 1718 1719 1720 1721
1 608 880 984 1070 1077 1078 1079
1 608 1312 1416 1502 1509 1510 1511
1 880 1312 1576 1662 1669 1670 1671
1 984 1416 1576 1718 1725 1726 1727
1 1070 1502 1662 1718 1768 1769 1771
1 618 890 994 1071 1083 1084 1085
1 618 1322 1426 1503 1515 1516 1517
1 890 1322 1586 1663 1675 1676 1677
1 994 1426 1586 1719 1731 1732 1733
1 1071 1503 1663 1719 1768 1770 1772
1 624 896 1000 1077 1083 1087 1088
1 624 1328 1432 1509 1515 1519 1520
1 896 1328 1592 1669 1675 1679 1680
1 1000 1432 1592 1725 1731 1735 1736
1 1077 1509 1669 1725 1768 1774 1775
1 1083 1515 1675 1731 1768 1777 1778
1 634 906 1010 1072 1092 1093 1094
1 634 1338 1442 1504 1524 1525 1526
1 906 1338 1602 1664 1684 1685 1686
1 1010 1442 1602 1720 1740 1741 1742
1 1072 1504 1664 1720 1769 1770 1773
1 640 912 1016 1078 1092 1096 1097
1 640 1344 1448 1510 1524 1528 1529
1 912 1344 1608 1670 1684 1688 1689
1 1016 1448 1608 1726 1740 1744 1745
1 1078 1510 1670 1726 1769 1774 1776
1 1092 1524 1684 1740 1769 1781 1782
1 646 918 1022 1084 1093 1099 1100
1 646 1350 1454 1516 1525 1531 1532
1 918 1350 1614 1676 1685 1691 1692
1 1022 1454 1614 1732 1741 1747 1748
1 1084 1516 1676 1732 1770 1777 1779
1 1093 1525 1685 1741 1770 1781 1783
1 649 921 1025 1087 1096 1099 1101
1 649 1353 1457 1519 1528 1531 1533
1 921 1353 1617 1679 1688 1691 1693
1 1025 1457 1617 1735 1744 1747 1749
1 1087 1519 1679 1735 1774 1777 1780
1 1096 1528 1688 1744 1774 1781 1784
1 1099 1531 1691 1747 1777 1781 1785
1 659 931 1035 1073 1105 1106 1107
1 659 1363 1467 1505 1537 1538 1539
1 931 1363 1627 1665 1697 1698 1699
1 1035 1467 1627 1721 1753 1754 1755
1 1073 1505 1665 1721 1771 1772 1773
1 665 937 1041 1079 1105 1109 1110
1 665 1369 1473 1511 1537 1541 1542
1 937 1369 1633 1671 1697 1701 1702
1 1041 1473 1633 1727 1753 1757 1758
1 1079 1511 1671 1727 1771 1775 1776
1 1105 1537 1697 1753 1771 1786 1787
1 671 943 1047 1085 1106 1112 1113
1 671 1375 1479 1517 1538 1544 1545
1 943 1375 1639 1677 1698 1704 1705
1 1047 1479 1639 1733 1754 1760 1761
1 1085 1517 1677 1733 1772 1778 1779
1 1106 1538 1698 1754 1772 1786 1788
1 674 946 1050 1088 1109 1112 1114
1 674 1378 1482 1520 1541 1544 1546
1 946 1378 1642 1680 1701 1704 1706
1 1050 1482 1642 1736 1757 1760 1762
1 1088 1520 1680 1736 1775 1778 1780
1 1109 1541 1701 1757 1775 1786 1789
1 1112 1544 1704 1760 1778 1786 1790
1 680 952 1056 1094 1107 1116 1117
1 680 1384 1488 1526 1539 1548 1549
1 952 1384 1648 1686 1699 1708 1709
1 1056 1488 1648 1742 1755 1764 1765
1 1094 1526 1686 1742 1773 1782 1783
1 1107 1539 1699 1755 1773 1787 1788
1 683 955 1059 1097 1110 1116 1118
1 683 1387 1491 1529 1542 1548 1550
1 955 1387 1651 1689 1702 1708 1710
1 1059 1491 1651 1745 1758 1764 1766
1 1097 1529 1689 1745 1776 1782 1784
1 1110 1542 1702 1758 1776 1787 1789
1 1116 1548 1708 1764 1782 1787 1791
1 686 958 1062 1100 1113 1117 1119
1 686 1390 1494 1532 1545 1549 1551
1 958 1390 1654 1692 1705 1709 1711
1 1062 1494 1654 1748 1761 1765 1767
1 1100 1532 1692 1748 1779 1783 1785
1 1113 1545 1705 1761 1779 1788 1790
1 1117 1549 1709 1765 1783 1788 1791
1 687 959 1063 1101 1114 1118 1119
1 687 1391 1495 1533 1546 1550 1551
1 959 1391 1655 1693 1706 1710 1711
1 1063 1495 1655 1749 1762 1766 1767
1 1101 1533 1693 1749 1780 1784 1785
1 1114 1546 1706 1762 1780 1789 1790
1 1118 1550 1710 1766 1784 1789 1791
1 1119 1551 1711 1767 1785 1790 1791
