200 1000
1 1 3 5 21 32 68 75 85 91 92 121 125 127 145 148 159
1 3 36 45 81 91 121 122 139 145 177 195
1 6 12 44 47 63 84 95 106 108 182
1 2 24 63 102 104 105 139 154
1 31 34 89 105 119 152
1 37 50 54 75 87
1 23 25 89 126
2 0 3 11 13 15 73 79 91 116 118 133 134 151 177
2 5 54 63 78 92 99 107 140 147 148 164 184
2 4 28 35 39 46 65 67 85 123 133 153 193
2 33 40 53 124 128 133 160 178 193
2 15 16 40 126 130 167 174 176 188
2 16 21 91 94 96 114 131 149 195
2 59 75 130 144 150 159 180
2 20 36 76 87 99 112 117
2 15 24 71 117 146
2 12 13 63 187
3 0 41 63 75 88 91 109 118 125 133 134 138 141 162 195
3 11 20 25 72 73 79 87 102 113 118 178 185 187
3 4 18 22 26 36 69 83 127 135 167 169 180 194
3 38 53 59 61 69 96 101 109 114 117 125 167 197
3 12 61 68 103 108 113 140 169 188 191 197
3 9 15 41 73 87 107 148 154 180 194 197
3 6 42 53 89 121 122 150 161 175 179 184
3 7 9 13 15 38 64 97 164 176 191
3 56 63 97 114 126 132 147 180 193
3 0 46 66 118 151 165 174
3 2 17 98 128 132 166 170
3 75 77 92 146 151 168
3 27 113 157 179 180 189
3 58 61 62 98 121 126
3 47 48 89 126 158
4 31 51 88 108 153 154 161 164 171 172 192 199
4 3 62 63 102 122 130 170 172 175 184 197
4 1 14 29 35 74 93 120 123 147 184
4 18 37 39 54 68 113 149 173 186
4 17 83 88 99 103 125 141 169
4 2 16 35 66 121 171 197
4 2 29 33 63 70 93 172
4 76 97 105 144 168 173
4 8 84 119 140 150 184
5 3 15 21 23 27 34 42 75 76 101 144 145 166 174 178
5 34 44 51 56 61 65 75 94 135 145 170 171 176 184
5 12 23 38 46 48 65 74 107 108 111 116 165 177 184
5 31 46 50 61 63 101 126 137 140 147 151 185 194
5 14 23 31 32 67 82 99 130 140 141 150 151 168
5 1 8 24 63 69 116 120 135 141 166 173 181
5 1 29 41 80 90 102 110 164 179 188 199
5 15 16 34 80 103 127 146 151 166 181
5 10 36 47 52 69 90 109 113 162
5 37 86 90 115 117 129 132 172 184
5 5 29 40 54 87 109 115 147 175
5 13 28 32 42 56 126 173 195
5 29 30 129 140 157 164 174
5 19 40 41 86 127 166 190
5 26 89 133 154 155 186
6 37 42 52 70 85 99 135 151 155 166 177 198
6 9 34 35 89 106 122 137 149 156 195
6 5 44 56 78 85 90 93 134 140 162
6 5 17 53 74 87 88 100 159 178 191
6 22 52 61 67 108 137 139 168 195 198
6 31 37 80 81 83 115 127 128 185
6 23 32 83 147 155 181 183 196
6 50 64 78 108 129 159 178 196
6 45 69 94 125 139 163
6 64 133 137 175
7 25 26 32 47 66 67 95 102 109 113 129 134 139 156 188
7 11 12 26 29 39 47 69 74 89 117 123 132 158 188
7 13 15 31 45 62 70 93 96 105 176 180 196
7 24 44 73 82 100 130 136 143 165 167 199
7 56 70 73 77 101 119 129 150 175 187 196
7 4 16 17 24 36 92 101 144 154 187 196
7 2 3 17 46 56 60 105 119 133 149 174
7 8 9 14 31 42 52 152 158 167 198
7 11 54 69 94 129 143 155 170
8 15 21 46 57 63 83 125 143 148 159 164 177 181
8 1 9 21 80 83 99 111 125 140 153 163 167 196
8 15 63 79 90 98 110 128 132 139 145 162 163 183
8 7 9 10 18 73 122 128 139 160 166 193
8 38 40 64 116 129 134 145 173 185 198
8 13 44 51 63 93 119 170 187 190
8 4 7 88 129 140 141 151 180
8 31 44 51 61 105 117 126 194
8 17 24 80 88 144 169 197
8 9 22 24 59 150 191
8 13 15 33 52 130 133
9 5 27 28 73 103 120 129 149 151 154 162 169 181 187 191
9 26 33 40 59 73 84 95 100 125 141 149 162 180
9 10 11 12 36 77 88 96 108 156 169 177 192
9 2 13 16 53 56 85 124 136 144 165 183 191
9 13 24 27 47 48 64 69 70 82 92 129
9 3 70 87 102 103 111 116 123 159 167 187
9 34 72 87 90 94 118 136 142 165 188
9 14 23 80 88 110 125 130 162 178 182
9 35 36 58 82 99 126 129 148
9 4 37 39 56 106 117 119 160
9 45 55 78 136 152 161 188
10 2 4 7 10 27 42 46 53 70 90 92 93 133 141 170 184 187
10 7 16 20 21 45 51 75 77 83 88 89 115 138 153 163 165
10 3 40 44 50 54 81 97 121 127 131 146 149 172 175
10 1 33 35 43 145 152 156 158 176 183 188 194 198
10 19 24 50 62 88 103 107 122 142 154 161
10 14 19 24 35 44 46 62 78 164 173
10 39 69 93 107 128 133 164 168 170 178
10 8 19 23 36 55 59 89 123 130 151
10 38 39 48 62 114 134 138 178 187
10 31 41 47 82 105 126 127
10 55 95 96 120 121 184
10 18 44 134 142 195
11 5 9 14 18 27 43 45 46 78 79 84 147 156 163
11 1 4 13 22 30 32 40 61 65 106 174 182 194
11 15 37 57 81 112 134 174 181 182 196 198
11 22 67 83 97 99 122 125 157 176 177 187
11 0 1 3 55 67 82 123 138 149 158 180
11 48 83 98 121 141 152 166 177 190 196
11 5 11 36 88 94 107 119 122 169
11 9 17 29 50 64 73 146 155 169
11 28 52 91 96 159 176 179
11 69 108 137 151 156 170
11 77 110 142 196
12 9 28 33 44 47 50 80 83 86 98 99 106 107 112 152 176
12 10 19 45 66 72 110 118 143 152 156 167 172
12 73 81 147 155 168 175 195 198 199
12 19 27 59 62 88 143 175 193 199
12 17 18 44 52 60 88 120 175 182
12 0 1 64 124 125 134 161 166
12 23 43 91 108 132 172 180
12 29 31 40 70 76
13 1 4 5 7 24 67 78 108 120 126 134 139
13 48 56 83 84 107 142 144 164 166 185 186 187
13 21 33 41 42 51 61 89 140 162 170 184
13 18 39 41 85 108 124 128 161 166
13 37 95 105 114 142 157 161 188
13 23 45 70 91 103 139 153 188
13 45 55 71 97 141 151 162 193
14 0 16 20 37 41 74 91 95 96 123 126 128 151 169 195
14 6 7 27 46 64 79 97 115 121 132 134 146 190
14 12 14 64 68 72 74 82 100 120 128 173 175 197
14 10 28 39 64 79 106 107 128 131 154 164 181
14 42 44 50 58 75 83 102 103 111 142 160
14 5 35 56 72 81 88 93 105 145 182
14 4 9 13 27 41 47 79 108 118 121
14 41 46 63 82 104 123 138 162 170
14 76 91 106 129 149 154 165
14 39 123 132 135 147 199
15 8 46 51 52 58 70 76 82 141 157 176 181
15 12 75 107 113 121 135 139 164 169 171 184
15 2 45 61 93 98 118 129 159 160 186 190
15 27 42 76 120 146 155 168 174 188 191 199
15 6 53 65 89 110 112 129 133 165
15 48 51 58 64 68 91 95 126 185
15 4 29 41 49 69 83 130 161 183
15 4 21 30 91 97 143 167 177
15 34 67 146 155 156
16 18 21 25 29 49 69 70 84 101 103 110 123 132 147 175 179 185 189
16 8 12 28 33 60 94 105 107 118 121 124 134 138 152
16 12 21 24 60 80 130 132 160 170 175 177 180 184 192
16 1 30 36 48 67 68 74 79 87 112 115 123 184
16 4 21 57 65 86 94 142 158 159 170 171 178
16 46 67 102 121 126 130 136 140 183 185 199
16 3 15 38 70 123 128 147 162 172 175
16 1 11 16 65 86 93 100 101 102 135
16 1 6 12 114 134 139 140 141 143 159
16 6 14 51 61 73 138 149 168 185 186
16 38 45 52 71 88 138 143 157 173 194
16 35 81 98 111 117 124 155 160 190
16 2 79 125 126 160 162 185 190
16 2 7 12 69 95 119 162 170
17 0 14 23 58 82 85 117 123 137 154 164 183
17 43 44 46 92 102 116 122 156 159 166 190
17 18 50 83 88 105 108 110 127 133 144 186
17 1 6 14 30 40 78 135 151 189 193
17 0 5 6 33 46 63 80 110 120
17 14 17 19 33 35 62 98 158 161
17 27 39 41 45 61 128 141 147 155
17 56 94 104 122 124 152 166 176
17 10 17 73 79 122 141 153 177
17 9 90 91 114 124 154
17 35 71 78 84 86 179
17 16 25 43 61 89
17 69 90 107 149
18 4 27 43 74 77 86 88 99 129 140 145 160 175 197
18 29 32 43 47 80 101 119 152 153 154 163 182 184 194
18 18 25 65 67 74 75 85 100 144 153 177 186 197
18 27 29 36 46 69 127 132 137 138 143 160 162 179
18 3 10 20 30 38 42 63 68 84 100 124 171
18 11 22 24 35 78 102 108 114 118 133 172
18 3 6 65 73 86 88 95 105 141 186 193
18 0 56 63 94 98 124 126 154 159 191
18 1 7 90 93 105 117 122 125 166 167
18 2 23 34 65 111 118 136 176
19 1 7 25 37 49 93 101 108 111 112 138 139 181 182 184
19 3 24 29 33 37 42 53 72 92 132 170 176 191
19 17 40 65 76 101 102 105 130 156 172 199
19 9 11 19 26 60 74 88 94 127 133 151
19 7 20 29 69 112 136 142 151 163 164
19 22 34 50 83 120 125 154 166 183 195
19 5 30 34 48 67 97 128 189 191
19 1 17 68 69 72 83 89 99 101
19 6 110 126 129 146 147 172 195
19 17 36 39 103 107 165 167 171
19 8 9 26 136 139 160
19 28 138 177 189 197
19 3 122 152 156 160
19 15 36 84 121
20 1 3 17 34 39 48 62 63 66 109 138 165 179 182 199
20 8 14 52 78 82 91 97 101 110 116 145 162 187
20 0 7 56 72 86 98 133 143 165 186 193
20 3 11 31 46 118 134 157 169 197
20 42 59 62 102 122 138 140 151 194
20 31 59 64 91 116 132 141 168 189
20 0 49 50 72 93 96 132 199
20 7 39 41 61 112 116 128 166
20 10 20 22 42 96 132 156 175
20 8 83 133 154 194
21 20 47 63 64 74 108 123 147 159 169 178 186 191
21 17 52 65 77 98 103 107 111 112 178 189
21 22 30 37 42 58 85 90 114 130 152
21 25 54 56 61 62 74 106 130 154 171
21 36 43 59 69 115 118 138 160 180
21 1 31 55 56 73 115 159
22 2 4 17 64 67 91 99 108 151 165 170 178
22 27 38 52 62 66 68 107 118 141 157 166 193
22 26 31 45 54 69 72 73 77 83 135 178
22 18 26 29 65 105 119 158 163 174 176 190
22 50 52 59 67 121 136 157 168 182 199
22 16 21 30 72 73 89 133 146 156
22 17 31 43 73 84 116 117 120 134
22 4 35 58 59 64 109 119 153 154
22 17 43 46 93 129 150 160 185
22 35 96 112 125 156 174 182
23 33 46 49 66 75 83 87 113 121 143 150 170
23 14 22 35 64 71 87 94 108 109 123 130
23 29 30 48 67 76 117 136 186
23 54 58 75 124 130 143 146 163
24 2 4 8 34 58 59 66 85 92 108 124 135 146 196
24 1 11 16 23 46 47 62 64 74 115 137 152 179
24 14 27 36 43 62 68 87 91 105 129 134 163
24 16 22 32 35 94 127 140 147 181 186
24 83 87 90 127 151 155 164 177
24 19 33 35 67 75 117 152 167
24 44 58 95 132 161 199
24 7 17 44 54 167
25 23 25 36 54 57 64 68 90 93 111 114 117 122 136 164 168 177 191
25 8 13 22 24 44 52 62 65 69 79 98 105 122 177 187 192
25 17 22 61 62 87 106 113 118 135 150 153 154 181 184
25 1 26 39 63 70 76 83 84 91 110 115 163 167 195
25 9 16 78 100 126 137 139 164 176 181 195
25 25 27 64 67 72 108 123 132 137 141 159
25 4 10 61 81 97 110 112 126 137 154
25 7 12 60 75 81 124 125 129 131 158
25 12 60 62 81 89 140 153 161 186
25 19 22 29 37 89 124 178 184 185
25 44 86 116 120 121 135 172 185
25 17 56 57 93 113 128 177 194
26 1 7 11 50 51 61 64 75 87 140 161 170 175
26 4 13 45 55 58 92 112 118 119 131 175 188
26 9 29 34 36 66 90 108 138 165 177 197
26 16 25 26 51 67 107 132 155 165
26 3 31 83 100 104 137 153 182 189
26 54 74 77 80 87 100 146 184
26 13 20 73 130 160 176
27 4 11 27 50 57 62 67 83 87 111 132 138 160 172 186
27 15 18 29 45 63 75 78 96 97 107 132 160
27 14 15 27 37 68 90 123 135 140 145 186
27 9 23 45 62 94 106 138 159 170 179
27 8 35 64 80 95 106 123 160 195 198
27 20 53 65 73 75 79 118 141 162
27 3 13 81 100 102 131 137 138
27 73 102 106 108 119 141 143 185
27 43 45 69 75 92 159 178
28 6 29 72 79 82 87 101 136 137 167 169 182 184 192
28 22 33 51 60 81 83 102 106 116 131 150 151 170 192
28 9 12 27 31 36 42 52 121 128 136 162 177
28 5 28 40 50 51 78 86 94 112 113 140 151
28 12 46 129 134 140 158 164 166 168 183 189 196
28 15 18 45 89 93 122 144 153 162 195 199
28 34 63 70 94 100 102 117 130 161 163
28 9 15 21 34 75 92 96 103 108 157
28 5 14 61 81 85 91 102 162 187 199
28 28 44 74 79 99 121 125 145
28 0 12 13 24 26 81 91 95
28 7 54 77 134 164 192
28 33 128 137 170
28 12 44 49 108
29 8 10 37 38 43 50 70 76 85 91 119 146 194
29 11 31 32 57 90 99 108 112 131 164 167 191 193
29 0 6 33 57 64 93 94 126 157 192 194
29 12 20 41 47 56 62 63 65 68 83 154
29 6 13 23 40 58 63 83 96 122 149 187
29 5 25 53 63 68 101 114 119 123 153 169
29 33 37 92 97 108 109 124 174 177
29 12 13 25 43 82 89
29 11 15 54 57 92 172
29 1 91 117 177
30 1 4 6 63 65 68 70 72 73 74 88 96 135 159 166 174 194
30 3 18 45 60 92 96 103 126 137 172
30 19 36 76 99 103 110 143 173 191
30 4 62 67 112 137 138 144 171 176
30 16 20 26 66 123 129 130 141 158
30 18 20 30 32 74 76 104 133 167
30 4 10 45 53 79 115 132 155
30 3 4 25 101 122 130 165 174
30 33 34 39 120 126 151 153 188
30 15 24 42 94 167 169 188 197
30 21 25 45 62 131 140 172 184
30 2 31 40 44 57 151 174
30 6 43 134 147 158 173 192
31 3 34 36 58 73 75 85 106 125 131 150 154 180 187 189
31 6 19 33 40 51 52 74 97 135 148 157 179 183 196
31 1 27 29 32 38 80 111 137 158 160 162 165 196
31 22 29 39 51 94 101 121 127 150 157 193
31 15 16 31 37 91 111 113 174 179 182 184
31 4 6 60 81 97 140 145 149 156 172 177
31 1 16 19 43 63 113 125 148 161 186 187
31 27 54 98 113 114 125 175 178 181 192
31 21 68 91 98 100 106 144 177
31 33 45 71 74 83 133 162 166
31 18 19 91 133 148 175 199
32 19 22 28 45 58 95 103 112 139 149 151 193
32 22 35 43 50 88 103 133 152 153 195
32 1 18 55 56 89 97 102 180 181 190
32 37 43 131 137 144 156 170 181 194 199
32 38 67 79 118 144 149 152 167 194
32 1 26 33 40 52 54 106 124 175
32 5 78 130 146 149 160 183 193
32 46 58 86 96 103 159 162 175
33 1 6 23 30 41 44 45 70 72 87 130 149 166 180
33 38 52 53 69 86 98 102 148 169 186 188
33 13 15 34 89 96 129 131 151 153 154 167
33 30 56 78 81 93 96 137 150 165 185 195
33 18 26 50 106 125 130 139 164 172 196
33 3 62 130 143 144 155 162 170 197
33 11 23 32 84 122 160 177
34 9 15 27 36 83 102 123 128 153 160 166 179
34 12 38 43 67 87 101 112 142 150 152 176 177
34 14 32 41 58 89 100 112 142 147 149 164 195
34 3 7 11 21 33 111 121 140 144 154 180
34 5 8 13 15 33 46 90 91 92 135 188
34 10 28 29 61 64 74 80 82 125 197
34 5 48 81 88 96 102 132 141 144 196
34 0 49 56 78 81 82 89 133 194
34 6 7 18 24 55 64 124 142 195
34 13 30 84 94 113 118 147 163 188
34 17 66 68 73 77 82 97 184 193
34 2 7 50 55 70 85 109 163
34 44 68 92 124 128 137 142
34 0 9 70 71 122 133 199
34 12 30 33 56 70 153 159
34 3 98 134 137 158 159
35 4 24 27 30 51 61 63 71 108 111 172 179 190
35 6 13 16 25 59 86 98 107 109 148 152 153 194
35 2 59 66 72 77 96 98 109 110 142 143 162
35 15 36 37 61 62 88 91 119 164 178 179 193
35 48 85 92 106 119 129 132 162 164 179 181 185
35 14 25 39 70 86 88 97 143 150 153 173
35 10 12 17 38 90 102 119 165 174 180 196
35 3 12 13 15 78 106 108 143 158 182
35 28 51 76 109 113 130 140 145 184
35 27 30 33 37 90 143 152 180
35 61 78 83 88 118 140 166
35 22 25 47 119 137 177 180
35 36 59 108 174 179 185
36 19 28 41 45 73 76 78 117 127 128 162 167 176
36 12 21 29 41 54 55 89 135 146 165
36 10 24 71 98 158 159 162 165 166 173
36 4 5 40 68 77 103 128 130 160 184
36 4 32 49 53 76 79 109 132 197
36 9 28 29 37 84 115 119 125
36 42 59 62 72 80 137 143
37 12 36 58 59 62 69 91 92 96 112 144 146 149 186 189 190
37 3 6 16 20 36 37 69 84 91 130 134 183
37 1 25 43 49 54 88 123 125 126 133 162
37 0 3 5 37 103 139 155 164 197
37 24 35 41 48 64 105 122
37 47 54 57 66 123 155
37 53 57 139
37 36 83
38 0 2 28 38 45 47 77 79 116 139 146 151 165 168
38 29 30 53 73 99 104 107 110 118 123 134 154 196
38 60 77 85 121 150 156 170 182 196
38 54 59 79 101 138 145 180 183 195
38 40 74 100 107 124 129 136 142 193
38 89 115 118 146 148 153 191 198
39 23 46 47 88 89 97 101 112 113 163 181 185 199
39 3 6 29 67 84 96 119 120 121 157 166
39 9 19 21 47 96 97 112 144 154 160 199
39 22 49 58 72 92 96 126 142 169 183 195
39 15 16 31 34 62 121 144 148 194
39 21 125 157 186 192
40 7 18 35 64 65 67 78 85 99 101 126 128 134 140 152 154 180
40 2 25 36 43 56 64 95 111 116 151 157 163 167 194 198
40 6 11 18 36 48 50 55 57 92 98 117 139 143 176 195
40 1 7 9 21 36 39 40 58 60 82 123 156 164
40 9 14 20 37 43 56 74 81 109 133 157 193
40 28 36 56 78 85 88 103 104 122 131 148
40 12 13 20 79 92 108 158 161 171 172
40 46 78 111 116 142 166 173 177 186
40 1 5 38 135 141 183 193 197
40 0 1 25 27 87 99 113 156
40 50 68 88 101 149 159 172
40 4 28 29 30 68 107 134
40 10 37 46 59 105 161 169
41 16 21 46 50 52 63 81 115 150 163 165 170 191 198 199
41 4 17 27 31 39 120 125 130 149 156 178 181
41 24 78 97 120 129 149 157 162 195 199
41 10 32 36 45 50 64 100 139 151 171
41 11 16 33 41 65 80 117 160 164 168
41 1 54 67 80 116 117 160 183
41 15 24 42 66 95 105 111 167
41 28 55 97 102 103 183 184
42 1 14 52 67 69 95 101 117 118 127 134 143 161 186 198
42 31 49 51 89 96 97 102 105 117 122 158 174
42 35 36 110 115 128 145 151 185 189 190
42 2 46 62 81 97 100 152 168 196
42 5 19 49 87 105 149 163 190
42 41 44 90 125 143 175 197
42 20 62 72 108 151 182
42 16 17 125 136 156 174
43 3 5 13 26 38 41 48 56 59 89 91 108 126 132 179
43 3 4 44 55 80 86 150 162 164 169 173 176 182 183 191
43 17 19 27 32 39 94 100 130 138 149 156 181 184 190
43 14 19 30 41 42 48 60 91 105 120 122 129 132 173
43 1 12 26 27 39 55 83 111 125 159 176 185
43 4 43 48 67 78 94 107 110 111 119 148 184
43 6 31 42 57 104 109 114 142 147 154 195
43 5 13 14 16 40 45 69 72 123 126 136
43 4 26 33 45 117 161 167 173 193 198
43 10 38 55 75 76 93 101 147 173
43 3 7 23 36 37 98 112 142 169
44 3 12 20 32 58 68 82 93 118 135 151 159 180 196
44 0 12 13 32 42 83 103 107 127 148 157 165 171
44 22 28 51 64 95 107 112 113 144 160 164 186 190
44 0 49 51 65 93 110 119 122 128 133 140 145
44 10 14 17 36 69 76 100 119 120 124 126 128
44 6 10 21 27 35 71 80 150 180 191 196
44 1 19 42 77 92 100 106 108 114 130 191
44 2 12 17 22 74 79 106 146 182 198
44 3 5 28 43 48 66 142 150 174 178
44 23 26 55 86 104 138 164 167 193
44 14 39 49 50 83 99 130 178 180
44 31 56 80 96 104 131 156 161 179
44 41 55 75 83 146 171 186 195
44 2 30 97 113 116 159 190 193
44 12 46 75 83 87 94 152 171
45 5 16 23 31 41 47 77 87 89 92 112 135 147 185
45 57 64 72 80 99 127 129 132 139 157 159 180 195
45 6 18 41 46 49 81 111 116 141 184 190
45 14 79 89 116 120 124 128 133 170 180
45 29 37 59 70 79 97 123 145 193
45 24 29 52 53 58 65 161 166
46 0 14 15 40 55 56 79 84 86 98 99 113 116 128 131 143 165 175
46 0 10 18 19 41 42 68 70 76 83 118 151 153 163 190
46 3 27 35 54 72 73 91 130 139 140 147 161 179 184 194
46 1 19 20 24 40 43 66 93 121 125 183 187
46 6 15 29 48 59 76 105 123 131 134 160 167
46 4 8 11 22 25 37 75 128 138 179 192
46 29 34 52 68 74 83 91 153 155 181
46 4 10 19 34 39 62 72 81 111 129
46 49 86 92 105 166 183 186 195
46 25 31 44 47 65 75 175
46 41 59 66 78 180 189 193
46 84 88 90 105 139 164 170
46 8 22 79 108 168 185
46 94 120 124 152 165
47 0 2 10 34 80 83 92 114 115 154 155 163 169 185
47 4 16 48 62 111 135 150 156 165 182 183 190 197
47 10 22 23 33 34 37 94 96 120 124 146 160 172
47 4 18 49 64 98 106 126 135 138 152 167 174 193
47 9 24 76 81 110 115 134 138 142 154 174 197
47 10 22 25 33 67 70 89 115 133 146 152 196
47 24 36 39 42 81 129 144 146 154 156 196
47 10 14 67 76 85 123 144 158 175 185 199
47 2 4 10 23 27 33 87 106 163 172
47 4 52 63 97 114 135 159 180 188
47 4 5 26 79 151 166 170 175 186
47 36 43 112 121 129 135 166 182
47 55 57 62 108 121 126 144 164
47 13 16 96 124 131 144 145 192
47 27 29 44 63 74 118 127
47 45 52 105 132 184
48 0 36 44 54 58 88 89 98 121 125 150 160 164 180
48 5 25 41 43 81 84 101 110 128 131 142 193
48 38 44 84 97 111 150 154 158 160 180 186
48 53 61 67 86 87 126 137 163 166 199
48 0 37 60 78 110 120 122 130 150 198
48 3 8 27 45 71 79 93 122 185
48 28 34 51 83 99 147 183 192
48 29 32 66 87 96 131 198
48 31 32 81 103 125 128 175
48 79 87 147 158 185
48 11 20 101 112 187
48 18 48 156 157 183
49 8 14 47 76 80 91 103 117 118 123 130 146 150 193 194
49 4 6 58 62 78 81 88 96 117 131 142 170 187
49 0 24 25 27 33 50 103 116 147 160 185 189 190
49 17 63 76 95 100 102 117 120 128 130 157 190 194
49 22 40 64 81 111 131 150 152 168 175
49 8 10 18 19 22 65 112 139 161 182
49 26 44 63 76 129 144 162 172 186
49 32 38 68 138 146 165 181 194
49 2 30 51 57 99 109 148 174
49 21 23 56 117 159 183 187
49 7 12 75 94 95 184 185
50 6 29 50 51 88 100 102 109 110 118 126 144 148 149 175 182 183
50 8 24 28 42 46 63 73 75 86 99 104 128 144 145 148 152 199
50 34 62 82 83 105 110 113 131 143 144 149 151 155 159 199
50 13 18 22 59 85 102 118 124 125 139 166 180 191
50 46 61 77 78 103 108 109 142 164 165 180 199
50 19 49 58 87 99 106 107 116 147 150 195
50 5 30 58 94 109 125 146 166 170 187
50 21 29 30 59 64 108 113 136 188 197
50 13 26 50 98 120 127 142 154 194
50 11 16 21 86 92 93 131 164
50 10 64 66 79 166 173 179 194
50 0 21 61 73 101 160 167
50 4 72 110 113 131 198
51 3 8 36 51 55 56 67 82 137 168 179 191
51 2 42 43 62 72 102 104 113 131 139 164 198
51 36 44 51 53 88 124 131 141 154 172 181
51 35 41 56 70 81 93 103 154 166 167 181
51 18 37 61 106 110 126 149 168 173
51 34 45 61 69 118 131 139 172
51 5 76 100 101 109 119 142 183
51 7 81 96 100 130 160 173 197
51 31 46 48 52 104 124 132
51 12 16 51 148 168
52 5 20 27 82 89 96 99 117 120 147 159 185 194
52 8 14 48 50 56 105 108 121 124 143 144 175
52 6 16 18 32 41 48 55 86 88 114 127 134
52 2 5 7 16 19 74 84 85 99 107 194
52 14 22 70 78 84 120 131 159 165 182
52 27 32 43 68 83 109 139 171 173 190
52 1 3 10 63 64 71 94 143 192 194
52 70 72 149 159 164 168 172 180 192
52 7 41 55 64 68 104 139 176 180
52 36 62 130 152 170 187 198
53 4 21 27 42 56 82 91 129 157 187 189
53 0 15 20 43 118 130 131 144 167 168
53 33 82 106 110 111 130 137 158 184 185
53 13 60 95 97 101 119 172 183
54 18 45 63 74 114 132 147 152 172 183 195
54 8 26 51 61 111 153 167 168 177 197 198
54 15 40 73 111 112 122 126 132 140 149
54 0 34 45 56 123 129 149 166 192
54 11 12 37 43 62 66 87 109
54 0 19 71 95 125 140 152 156
54 94 98 99 117 166 199
55 7 9 47 71 93 104 114 122 125 135 142 163 172 187
55 2 11 40 80 89 92 94 100 102 129 169 186 195
55 41 52 60 72 97 133 143 144 156 163 171 182
55 14 15 39 45 86 104 114 127 163 164 166 175
55 4 34 38 66 69 74 109 146 187
55 14 25 45 71 105 125 138 167
55 6 106 110 142 147 173 189 190
55 33 41 60 72 104 126 167
55 21 32 44 54 113 184
55 0 10 20 23 29 40
56 40 46 49 63 80 82 84 109 134 153 159 162 165 170 194
56 7 22 50 53 77 81 109 126 131 140 145 149 150 178
56 7 12 41 80 92 95 107 112 114 115 116 159 191
56 40 43 44 56 73 85 94 119 140 145 154 157 166
56 17 19 46 64 70 78 88 98 155 166 177 197
56 10 23 30 44 65 73 98 112 182 190 194 198
56 7 33 46 54 70 75 85 121 139 173 187
56 16 26 37 86 130 131 143 151 158 162 174
56 15 17 45 99 115 116 130 138 148 155 181
56 29 41 46 67 105 109 123 133 185 189 196
56 31 57 60 99 112 121 127 169 171 188
56 28 29 43 53 93 114 146 174 189
56 67 74 130 131 166 186
56 41 46 76 113 118 132
57 6 16 39 43 48 55 62 89 109 113 135 149 170 189
57 14 25 66 76 83 91 136 143 179 189 190
57 20 37 38 39 81 88 117 145 148 198
57 11 33 43 62 70 92 95 122 152 192
57 4 43 64 177 180 189 194
57 46 96 174 178 183 184 196
57 58 79 80 188
58 33 36 59 68 88 90 95 98 133 176 182 188
58 5 9 12 28 31 133 136 156 167 189 191
58 31 44 45 99 118 119 124 176 190 195
58 25 82 104 116 121 124 170 191 196
58 28 30 73 87 113 129 158 159 192
58 35 60 89 145 158 167 168 175 191
58 21 61 62 100 102 113 122 125
58 8 36 59 83 98 138
59 8 11 63 68 89 98 107 120 123 124 142 158 163 173 195
59 9 11 28 33 36 37 92 105 139 165 176 180
59 17 46 78 88 92 114 136 138 155 170 186
59 9 18 24 71 79 85 98 103 156
59 6 12 19 66 98 149 155 162
59 4 27 30 34 61 86 136 198
59 86 95 105 135 147 156 165 185
59 16 23 41 94 142 154 198
60 3 6 14 18 37 39 40 75 84 137 142 148 163 175
60 1 23 26 34 67 90 134 139 140 157 159 186 187
60 10 28 32 39 42 68 71 99 102 131 141 148 187
60 4 15 27 29 51 77 85 107 114 132 159
60 37 53 85 116 131 143 153 168 180
60 7 28 46 53 98 114 128 130 169
60 0 23 30 40 62 102 151 193 195
60 14 54 70 86 143 157 185 193
60 2 27 32 35 51 74 109 145
60 23 29 36 62 93 104 145
60 2 51 100 151 169 173
60 38 65 69 126 136 173
60 49 108 124 171 189
60 129 138 180 192
60 67 73 98 169
60 16 54 77 144
61 12 46 83 99 106 107 113 117 132 135 138 148 165 169 186
61 45 48 73 102 115 122 123 128 131 169 191 193 196 197
61 17 56 75 76 79 129 135 139 162 189 191 195
61 1 36 37 39 43 57 74 102 117 182 193 196
61 40 41 50 63 73 104 121 123 151 162 199
61 3 7 25 36 42 54 55 119 122 150 193
61 18 28 45 75 78 79 132 134 139 152
61 16 40 44 63 103 112 123 159 161
61 9 17 32 50 73 94 128 145 199
61 41 51 67 90 106 129 131 172
61 16 17 34 60 64 110 175 192
61 31 77 138 142 166 169 173 198
61 8 35 73 77 97 171 193
61 48 62 107 132 154 175
61 76 84 105 185 188
62 3 7 20 29 47 94 96 115 127 134 136 140 157 194
62 8 29 30 67 90 95 102 108 114 141 164 177 196
62 29 51 66 72 85 86 93 96 116 125 140
62 19 43 123 130 139 147 154 170 187 198
62 1 13 26 95 108 119 151 180 197
62 1 20 24 43 66 103 125 144 156
62 15 31 53 111 165
62 10 131 141 196
63 2 7 29 46 53 81 83 94 108 169 197 198
63 11 39 48 62 85 99 100 132
63 17 39 51 59 122 182 187
63 70 90 114 118 125 127 187
64 3 16 36 37 46 64 74 83 86 92 101 120 122 137
64 3 27 37 40 57 83 102 106 109 111 118 153 157
64 4 5 11 32 37 44 46 51 72 79 88 153 198
64 0 12 17 30 32 70 74 117 142 163 172 179
64 0 15 34 45 79 82 85 93 113 130 165 188
64 0 51 74 95 100 113 132 137 146 157 183
64 61 76 80 83 127 147 152 188 192
64 34 81 117 127 138 154 158 170 198
64 11 85 87 128 129 133 137 152 161
64 15 33 35 59 121 140 142 190
64 58 108 139 142 151 153 154 162
64 15 26 40 106 114 115 178
64 3 33 70 104 108 132
65 8 33 35 51 61 65 68 78 85 103 107 142 144 173 186 192 194
65 1 3 42 49 52 61 78 89 94 95 100 101 104 105 147
65 39 57 70 73 85 86 100 105 141 142 145
65 4 48 78 100 128 137 143 152 160 177
65 1 9 21 28 40 65 77 133 185
65 46 53 79 88 115 132 136 171
65 44 46 68 95 108 169 189 191
65 7 44 50 62 83 119 150 190
65 0 61 107 110 133 143 146
66 4 17 24 40 41 52 71 72 96 105 113 118 140 153 164 168 186
66 9 24 69 72 73 85 101 119 152 158 160 165 193
66 2 33 46 64 78 103 115 141 144 145 170
66 50 53 56 80 89 99 125 172 188 193
66 17 18 39 80 105 111 155 165
66 18 20 31 66 68 130 180
66 24 71 121 156 178 179 193
66 6 57 71 116 154 160
66 6 93 96 191
66 135 159 198
67 4 21 59 62 65 81 95 118 137 173 175 178 187
67 9 40 41 69 84 131 150 160 174 182 184 192
67 24 50 62 94 125 126 132 140 150 185 191 195
67 44 55 63 70 79 86 92 123 127 179 185
67 38 42 47 77 83 113 115 133 152 154 156
67 6 35 41 51 61 81 99 103 133 141 188
67 18 46 70 71 84 89 104 109 117 179 189
67 34 39 40 114 140 168 175 180
67 52 78 92 143 153 157 189 196
67 6 50 52 89 113 165 193
68 4 10 17 24 25 26 61 96 107 111 121 141 160 163 167 191
68 1 10 13 36 64 69 70 75 88 98 124 150 154 168 174
68 15 26 28 33 38 79 101 112 125 134 152 174 178 187
68 18 22 43 69 134 138 139 140 175 179 189 190 194
68 8 20 26 28 46 47 57 87 102 109 151 190
68 12 46 57 78 86 110 135 136 139 140
68 47 53 74 95 102 118 144 149 164 178
68 10 34 35 38 44 75 96 144 153
68 17 27 46 49 72 115 126 149 167
68 15 28 33 40 67 114 151 170
68 17 19 37 79 146 153 185
69 44 68 93 119 139 143 167 170 177 183 184 191 194
69 40 72 82 84 126 139 143 150 161 165 167 171 180
69 8 20 52 64 82 94 108 129 140 150 177 198
69 4 22 35 39 68 132 134 138 148 150 157 193
69 5 13 32 36 101 110 132 167 171 181 194
69 15 56 77 92 102 132 138 150 199
70 11 23 28 41 55 57 63 67 81 95 113 153 183 184
70 2 79 88 95 109 114 145 154 183 188 191 194 195
70 42 71 78 107 127 135 138 154 182 183 192 194
70 10 16 40 44 52 92 109 130 165 174 187 191
70 19 66 67 70 75 107 118 130 134 155 182
70 21 24 45 65 67 89 141 160 174
70 3 41 131 144 148 150
70 2 91 142 157 198
71 2 33 34 56 61 66 70 82 95 125 139 159 184 191 198
71 7 14 17 39 56 77 99 102 121 148 168 176 181 192
71 1 37 64 105 114 116 126 130 146 149 152 159 165
71 5 46 53 62 118 123 128 132 147 164 173 182 197
71 11 51 60 67 75 85 94 136 152 156 189 192
71 9 26 36 53 57 58 60 104 125 137 154
71 20 22 32 77 89 100 105 107 134
71 27 28 40 120 152 166 186 189 199
71 0 5 25 115 169 183 187 196
72 28 29 46 56 69 71 73 96 108 117 120 126 142 149 153 180 188
72 6 16 76 80 85 93 97 98 106 133 150 156 158 197
72 0 8 25 30 61 146 154 183 185 191
72 3 29 55 60 63 79 101 118 147 189
72 46 68 92 118 130 148 154 157 167
72 2 15 17 36 65 67 94 128 140
72 6 50 57 64 93 100 117 147 183
72 30 62 63 91 93 98 117 182 184
72 2 11 33 44 50 84 87 153 188
72 20 24 47 55 76 77 169 171 172
72 59 63 66 119 169 187 190 197
72 31 51 65 70 89 96 131 180
72 2 51 99 127 169 176 188
72 3 43 123 129 134 167
72 26 36 60 99 155
73 31 47 50 55 61 84 92 111 142 147 150 159 174 176 195
73 12 18 34 70 93 98 121 135 140 141 162 177 182 197
73 1 9 22 31 42 45 68 116 120 145 149 153 187
73 2 26 47 52 79 133 139 170 193
73 2 8 19 48 76 145 168 178 187
73 16 39 43 89 108 151 168 182
73 7 35 129 146
74 8 12 22 56 66 72 75 105 111 117 122 126 144 185 193
74 0 1 14 23 32 45 49 67 68 105 130 143 189
74 14 90 95 97 98 109 121 143 149 165 167 175
74 14 15 50 83 100 106 135 156 167 175 191
74 7 22 57 68 72 79 94 107 116 188
75 16 44 63 84 107 128 135 152 172 178 184 196 198
75 2 11 12 32 59 83 109 151 155 161 179 189 193
75 2 15 65 68 72 74 95 121 166 183 186 187
75 2 26 28 46 72 93 109 145 162 163 196
75 41 53 58 59 62 66 67 113 149 175 182
75 2 55 59 60 117 118 133 163 187 197
75 17 30 32 57 75 89 131 135 141
75 6 45 63 70 83 89 124 154
75 53 63 90 108 143 151 194
75 6 147 165 167 172 198
75 73 100 115 144 158
76 8 10 32 47 78 110 111 114 120 130 139 162 168 171 199
76 3 11 24 53 69 88 102 116 121 123 135 137 167 169 175
76 19 20 30 35 60 66 90 156 161 168 171 177 192
76 2 10 32 44 81 88 103 109 131 150 193 194
76 15 22 38 55 69 85 87 109 139 167 183
76 43 78 88 119 150 160 167 177 184 190
76 5 6 8 25 41 92 107 126 196
76 2 50 61 67 78 134 139 166 177
76 9 13 16 32 92 140 148 156
76 36 61 142 182 186 192 194 195
76 1 12 14 22 30 44 75 118
76 29 46 64 77 121 169 195
76 96 140 145 146 150 172 185
76 44 121 122 154 191
76 39 45 78 98
77 19 38 42 63 73 80 89 90 98 147 154 178 181 187
77 13 14 27 99 106 142 144 158 163 166 172 178 197
77 5 16 25 40 70 85 91 120 123 139 174 182 194
77 17 40 50 55 80 99 125 133 148 153 162 188
77 21 72 93 97 114 134 136 144 146 147 180
77 13 64 73 90 117 135 145 148 167 169 175
77 24 53 58 73 142 163 176 178 179 190
77 1 9 42 79 81 134 144 154 162 174
77 17 24 41 102 112 133 138 151 157 172
77 0 45 55 62 132 141 146 158 172
77 8 60 82 93 100 106 137 147
77 12 41 58 143 158 161 182 198
78 4 26 53 113 114 127 128 139 144 149 175 183 193
78 7 12 37 41 55 59 88 113 115 117 165 186 198
78 0 2 45 93 102 121 136 148 153 160 162 174 184
78 3 16 25 31 63 84 90 92 136 179 188
78 2 60 88 115 131 137 168 192
78 91 100 107 112 159 185 198
78 7 33 62 152 161 174
79 0 1 58 79 84 97 103 120 138 139 151 154 156 159 185
79 8 17 65 66 98 108 115 129 140 149 154 182
79 6 13 49 53 63 75 83 105 127 134 162 166
79 6 10 12 17 30 35 37 106 123 167 198
79 46 54 76 84 92 136 143 165 179 199
79 21 41 54 66 118 136 142 155 179 194
79 13 41 45 61 83 86 105 177 185
79 26 55 68 100 132 142 152 174 179
79 50 51 62 78 165 177 188 196
79 22 28 29 43 89 95 138
80 1 60 73 79 100 129 139 154 161 168 178 186 193 196
80 0 3 15 39 47 57 69 88 148 156 160 167
80 18 27 61 83 89 113 137 144 145 181 194
80 22 42 69 74 104 112 116 129 153 186 191
80 4 32 71 73 120 137 169 171 184 188
80 2 24 26 29 67 97 137 151 163 182
80 23 31 80 87 109 113 151 172 192 193
80 21 30 44 52 72 136 160 179 186
80 51 89 102 130 167 168 170 199
80 33 43 74 81 92 122 167 186
80 7 22 29 117 142 150 180 183
80 42 60 102 130 140 156 159 170
80 3 10 14 34 43 104 142 164
80 6 18 73 77 87 108 166 193
80 60 75 104 116 117 151 175
80 31 39 49 114 156
81 11 54 56 63 74 77 84 102 127 128 150 165 169 171 185
81 23 35 43 57 59 112 116 126 132 167 174
81 5 34 42 59 103 132 152 158 177 181 182
81 24 25 50 59 65 104 127 139 146 164 171
81 7 28 36 67 69 85 108 110 122 164 185
81 4 17 21 27 59 66 108 120 124 164
81 4 17 30 31 40 61 128 145 149 199
81 21 50 57 65 107 128 170 171 192 194
81 12 14 21 27 30 78 83 120 144 155
81 15 19 42 78 118 136 138 174 177 197
81 74 80 81 96 107 117 128 133 153 195
81 7 15 28 38 75 86 152 164 190
81 9 10 40 81 97 120 126 163 187
81 24 85 88 109 114 118 161 199
81 68 98 111 112 115 148 181 191
81 2 47 49 73 175 186 193 197
81 23 34 41 53 68 94 189
81 16 133 159 178 185 197
82 17 23 37 40 75 94 96 106 127 128 145 160 183
82 8 9 12 39 49 53 98 115 120 131 145 187 191
82 6 17 19 25 41 68 74 93 105 115 172 194 198
82 2 9 29 54 90 107 113 115 127 144 146 153
82 27 42 50 59 63 72 99 108 137 148 183
82 1 2 4 31 38 54 70 76 119 159 169
82 49 68 80 106 114 130 150 163 172 185 197
82 21 39 66 67 88 154 168 185 188
82 21 30 34 45 71 98 117 123 129
82 45 77 94 96 126 171 189 192
82 52 60 65 118 131 135 162 196
82 8 37 77 113 139 194 197
83 21 24 26 34 45 78 84 104 112 139 181 184 189 190 193 195
83 10 14 16 48 62 64 66 78 84 89 105 174
83 14 20 32 42 44 65 102 118 135 165 194
83 6 8 47 49 65 74 108 117 121 197
83 22 30 101 135 136 139 142 152 174
83 24 34 90 105 124 178 179 186
83 20 50 91 92
84 10 22 42 43 66 103 112 117 122 129 145 174
84 6 37 76 87 92 110 111 117 125 140 142 151
84 27 48 60 74 84 86 91 102 129 137 140
84 13 41 49 52 65 79 86 155 159 198
84 3 11 72 82 83 107 121 156 179 191
84 8 29 73 119 123 190 194
84 61 78 140 141 160 171 182
84 7 9 17 29 78 172
85 10 15 41 58 61 66 72 76 97 102 114 125 161 167
85 23 27 43 45 90 132 140 189
85 7 18 44 55 80 131 152 178
85 16 42 52 54 92 140 153
85 21 72 105 117 187 191
86 17 44 85 89 103 115 116 131 136 139 140 143 153 156 161
86 0 2 11 31 46 72 83 87 99 161 164 167 168 176 199
86 5 11 31 44 61 64 71 135 159 163 171 174 176 178
86 0 2 42 55 68 74 89 100 133 150 168 187
86 3 33 34 50 89 123 134 167 191 198
86 52 59 60 70 71 73 78 128 143 166
86 26 67 70 125 152 158 159 161
86 0 20 122 127 136 148 175
87 2 16 18 37 42 47 57 70 85 86 127 129 137 141 168 192 195
87 3 5 37 77 89 106 124 142 150 160 162 163 170
87 21 26 29 58 63 100 122 139 142 146 157
87 13 15 29 45 89 90 162 174 183 192
87 10 17 23 37 76 79 85 167 171
87 40 73 77 96 106 116 166 188
87 15 19 23 99 116 118 140 192
87 2 6 14 43 74 154 174
87 67 97 148 182 193 194
88 28 54 60 95 106 127 131 156 157 165 169 170 181
88 45 47 73 86 91 116 124 125 137 143 146 174
88 2 11 25 51 77 105 106 108 134 151 180
88 3 28 30 76 123 125 142 147 153 155 193
88 4 9 60 84 86 107 126 179 194
88 8 11 28 37 86 126 153 164 190
88 14 16 31 52 68 111 114 154
89 5 16 18 21 57 66 78 87 96 112 128 143 195
89 2 9 20 26 31 57 61 84 92 116 139 154
89 23 67 92 103 124 130 136 159 165 167 186 189
89 3 10 49 63 86 137 144 151 155 170
89 6 7 23 59 114 123 167 169 178 196
89 30 37 58 66 98 106 140 171 186
89 0 20 93 104 107 137 155 158 163
89 11 54 56 79 98 139 187 193 196
89 19 30 43 49 70 90 167 184
89 16 24 63 94 108 109 133 175
89 5 70 93 99 113 124 154 160
89 85 127 138 156 157 183
89 59 91 156 177 182
90 12 15 40 60 63 71 76 85 87 91 94 133 145 166 187
90 8 22 24 51 54 69 81 93 99 111 113 167 172
90 3 4 30 77 85 89 95 101 111 132 151 164 182
90 32 68 96 97 99 102 114 134 136 140 149 150
90 27 41 79 92 123 158 174 183 196 197 198
90 0 1 6 9 37 68 80 156 181 185
90 13 34 39 42 71 72 85 112 198
90 3 29 30 72 108 167 172 182
90 14 28 41 46 83 86 169 174
91 36 41 90 114 120 142 155 159 161 170 173 195
91 55 68 87 92 128 155 156 163 164
91 4 37 62 84 90 92 116 152 199
91 43 56 61 68 76 95 112 185
92 14 49 53 72 107 118 119 151 154 171 178 192 196
92 14 23 41 67 69 86 94 97 105 127 155
92 16 32 48 65 72 75 80 90 102 145 182
92 7 40 63 72 96 111 124 126 139 159
92 7 57 92 95 138 175 181 183 189
92 30 45 160 165 182 196
93 27 40 50 61 84 87 103 139 150 163 174 195
93 6 39 46 71 80 84 89 103 130 169 188 192
93 8 21 26 31 35 41 51 92 103 109 161 188
93 6 30 50 73 75 121 134 181 182 184
93 51 87 89 99 109 123 125 126 161 165
93 8 24 32 49 78 98 102 130 131 174
93 13 19 49 68 72 102 119 147 152 166
93 1 22 39 49 77 99 103 175 183 187
93 4 5 26 41 101 109 154
94 14 28 30 31 41 49 57 71 76 96 108 117 128 136 170 178 198
94 22 28 36 45 46 101 115 137 144 152 157 159 170 188
94 13 29 37 46 94 98 101 102 105 148 168 169 177 198
94 10 57 60 69 91 103 112 128 140 143 146 166 178
94 8 17 18 34 41 55 87 126 141 167 170 184 189
94 25 30 51 84 104 129 144 145 151 173 174 176
94 1 35 38 72 87 90 102 151 170 185 193
94 18 36 50 52 126 130 150 156 170 184 195
94 2 11 43 48 65 90 131 147 164 184
94 56 64 68 82 117 119 135 143 161 192
94 2 45 66 79 124 125 130 133 156 169
94 6 9 11 20 37 46 128 174 195
94 24 57 63 96 106 115 163 185 196
94 3 31 36 69 104 116 126 184
94 28 33 36 122 144 157 181
94 32 56 64 93 101 129
95 10 15 43 51 64 66 70 74 86 120 121 131 132 136 173 196
95 5 29 34 56 58 65 79 85 104 105 121 158 170 190
95 21 28 30 34 42 53 138 154 159 167 196
95 6 29 37 58 59 64 97 112 156 163 172
95 50 63 84 114 115 149 152 156 171 186
95 21 34 66 95 114 145 148 167 196
95 20 23 73 95 122 150 185 194
95 0 27 59 100 122 138 153 171
95 19 36 58 88 150 161 174
95 4 57 60 86 136 189
96 21 30 36 37 43 67 70 77 81 91 92 98 110 167 176 192
96 25 29 55 68 85 87 94 103 118 124 127 154 159
96 9 24 43 68 73 100 182 185 187 190 192 194 197
96 8 12 19 38 43 45 63 85 98 111 157
96 28 34 41 44 115 126 129 166 167 193
96 0 35 39 64 71 98 119 135 174 183
96 66 72 122 125 129 175 178 190 193
96 28 64 65 76 95 121
97 2 6 27 49 52 67 93 127 161 188 189
97 33 45 71 74 77 135 147 163 173 177 194
97 0 24 56 101 112 157 161 179 186 189
97 16 39 65 89 108 109 130 151 152 187
97 60 111 116 143 160 181
98 4 14 33 36 37 74 86 110 124 127 133 139 151 175 186 188 195
98 27 31 60 71 78 79 85 112 141 155 172 178 182 193
98 25 34 53 69 86 106 117 137 139 140 150 159 172 187
98 9 11 20 32 54 74 91 144 159 163 169 171 184 194
98 5 24 30 103 116 136 147 161 178 181 195
98 2 19 30 33 102 109 138 168 194
98 88 91 103 131 144 175 191
98 23 160 169 178
99 31 35 49 50 114 119 130 131 154 173 182 185
99 15 20 28 44 87 131 151 166 170 182 189 196
99 4 18 24 62 114 117 135 167 171 193
99 34 46 47 56 59 105 118 170 174 178
99 2 5 78 125 126 140 155 187 188
99 29 47 64 82 93 102 110 173 190
99 10 52 55 61 79 108 150 173 174
99 36 49 60 82 89 106 128 146
99 24 84 105 127 131 154 167 173
99 13 49 87 97 143 146 148 165
99 31 48 73 124 165 166 191
99 2 3 102 114 146 158
99 45 75 81 93 128
100 23 25 47 48 51 57 67 68 72 73 85 87 101 119 156 161 188 191
100 2 10 12 27 57 89 105 112 143 144 150 156 170 180 185
100 78 80 83 85 90 91 121 126 143 163 164 183 185 193
100 1 3 8 16 42 51 59 73 76 96 118 175
100 1 7 35 72 81 101 113 124 161 170 184 199
100 56 63 68 80 90 129 132 150 176 188 193
100 0 62 67 89 91 96 105 108 125 140 154
100 7 18 33 78 90 108 143 161 181 192 199
100 1 5 38 54 68 70 78 87 167 180
100 22 62 127 136 137 138 171 186 199
100 22 26 49 50 155 160 183 193
100 28 45 72 97 107 112 123
100 11 55 73 123 157 173
