200 1000
1 1 7 59 76 95 107
1 59 80 157 193 199
1 46 56 128 141 164
1 4 35 135 160 187
1 40 111 168 175
1 35 139 165 170
1 57 67 93 97
1 9 19 41 175
1 89 138 167 170
1 5 20 167
1 9 199
1 10 89
2 82 90 111 112 196
2 33 110 118 120 128
2 33 58 67 149
2 45 71 120 156
2 87 110 126 173
2 14 69 125
2 37 72 174
2 38 89 176
2 68 92 180
2 16 22 82
2 108 142
2 82
3 33 43 77 148 171 176 178
3 1 2 49 89 104 186
3 21 31 50 70 152 161
3 48 60 79 118 140 147
3 11 19 72 73
3 86 112 142 175
3 86 97 130 160
3 2 71 92 189
3 20 109 172
3 32 124 156
3 48 90 138
3 11 82 98
3 15 20 49
3 32 80
3 82 153
3 97 171
3 32 99
4 14 111 134 139 170
4 22 44 134 151 162
4 15 68 118 186
4 23 47 129 131
4 13 153 188 198
4 9 99 171
4 91 149
4 46 95
5 9 15 24 52 78 109 117 149 194
5 51 62 128 172 186 187
5 54 63 66 101 196
5 36 42 62 94 140
5 28 77 115
5 52 70 137
5 39 136 153
5 142
6 9 38 44 53 132 189
6 25 119 149 171 173 185
6 43 51 99 125 145 187
6 30 46 72 91 197
6 19 32 129 162 173
6 32 100 101 115 154
6 3 48 88 149
7 16 29 42 58 67 78 103 175
7 0 22 43 53 73 155
7 56 89 106 126 137 176
7 31 57 137 169 181
7 70 93 149 153 161
7 9 15 115 158 191
7 5 7 8 134 177
7 99 122 136 172 173
7 63 120 124 174 199
7 30 51 77 78
7 96 135 171 189
7 1 88 185
7 62 84 122
7 62 155 192
7 71 128
7 0 148
7 58 156
7 60 128
7 184
8 27 53 58 89 106 115 184
8 25 41 74 76 77 119 178
8 55 95 111 152 182 190
8 61 95 97 130 171 174
8 4 57 64 180 196
8 24 52 53 69 116
8 100 111 130 199
8 17 22 98
8 67 77 127
8 138 147 193
8 28 144 162
8 51 99 140
8 67 139
9 35 61 131 133 165 174
9 52 65 120 143 188
9 11 30 31 72 139
9 57 91 100 148
9 18 96 134
9 90 150 163
9 20 56 108
9 81 106 111
9 68 98 118
10 17 66 93 96 127 157
10 21 39 68 82 119
10 54 64 75 167 188
10 37 40 57 115 142
10 75 147 180 194
10 61 131 171
10 118
11 9 27 40 120 129 146 196
11 15 18 26 34 86 90 113
11 0 19 68 102 108 140
11 14 73 144 145 186
11 70 121 150 195
11 58 113 136
11 20 32 187
11 67 125 175
11 32 140 186
11 28 78 118
11 49 125 168
11 34 133 195
11 3 22 140
11 66 98
11 11 91
11 121 157
11 41
11 136
11 0
12 10 131 149 150 199
12 49 76 83 150 174
12 80 107 183 190 191
12 109 142 168 173
12 1 122 190
12 33 178
12 46 127
13 25 43 59 64 146 152
13 0 67 100 194 196
13 23 36 63 73 108
13 30 46 134 183
13 10 87 166
13 1 148 177
13 28 56 77
13 97 140
13 101 164
14 5 10 13 17 58 64 135 156 158 175
14 25 96 138 166 195
14 5 22 49 157
14 64 106 128 164
14 64 138 159 197
14 24 94 174 178
14 29 119 145
14 84 108 148
14 66 99 135
14 3 22 119
14 46
15 11 65 77 85 96 194
15 10 29 123 148
15 52 54 165 178
15 43 87 135 139
15 24 43 72 132
15 5 94 108
15 1 29 102
15 54 97 182
15 55 63 174
15 8 16 97
15 126 145 155
15 74 126
15 134 195
16 93 102 114 143 157 165 171 175
16 43 67 71 158 164 165 188
16 0 28 96 116 127
16 4 38 40 190 197
16 71 77 117 129 191
16 0 68 71 112 182
16 91 95 98 115 170
16 41 47 69 102
16 54 101 104
17 8 42 119 120 137 193
17 38 82 111 132 166
17 45 100 135 179 184
17 23 67 90 122
17 60 65 84 185
17 36 146 185 196
17 32 103 186
17 40 155 180
17 143
18 18 42 72 117 151 170 193
18 22 45 111 165 193 196
18 38 44 116 132 173
18 123 132 151 198
18 50 60 113 174
18 115 122 161 198
18 73 131 167 185
18 69 109 131 198
19 31 46 53 91 107 115 133 166
19 82 118 143 144 151
19 56 64 87 93 186
19 31 34 125 145 197
19 27 36 57 106 178
19 36 119 156
19 94 130
20 1 29 50 63 92 120 138
20 4 13 55 78 122 123 184
20 39 60 115 126
20 22 40 123 198
20 1 19 50 191
20 4 137 167
20 92 118 160
20 1 9 127
20 12 164
20 116
20 124
21 54 71 129 131 155
21 106 113 122 127
21 110 181 191
21 79 162 184
21 3 40
21 8 87
21 132
22 25 34 89 105 121 151
22 67 89 123 161 169 187
22 12 34 95 122 171
22 65 112 175 188
22 60 89 119
22 33 59 83
22 178 185 189
22 15 20 84
22 76 141 162
22 53 163
23 2 15 56 59 68 86
23 22 25 46 49 128
23 9 53 155 180
23 52 70 135 183
23 70 165 172
23 1 14 93
23 150
23 162
24 20 124 136 152 162 197
24 72 139 157 175 186 188
24 37 72 91 167 191
24 5 172 199
24 9 83 184
24 41 71 114
24 8 86
24 159
25 3 4 43 65 71 183 186
25 6 17 33 107 147 162
25 7 92 98 128 182
25 2 73 94 178
25 58 77 109 149
25 63 168 177
25 105 106 119
25 36 140 155
25 107 198
25 0
26 18 25 81 91 103 175
26 28 62 67 141 162
26 7 115 128 141 158
26 29 42 142 183
26 33 78 92 102
26 6 24 188
26 84 108 138
26 62 87 161
26 140 160 178
26 110 189
27 1 8 18 114 150 199
27 29 59 81 115 198
27 20 37 65 99 115
27 3 63 187 195
27 66 122 141 170
27 69 82 100 199
27 6 21 169
27 40 47 126
27 19 119
28 30 66 74 90 148 152
28 0 55 78 84 141 181
28 5 14 31 64 126
28 26 27 97 126 129
28 4 32 41 194
28 148 153 181 195
28 7 34 110
28 21 52 135
28 20 141 169
28 112 113 117
28 31 155 182
28 0 61
28 69 75
28 19 188
29 28 69 82 85 95 189 195
29 22 59 92 96 185
29 10 51 94 126 151
29 122 130 179 196
29 0 130 191
29 21 143 194
29 43 114 147
29 37 168
29 49
30 30 55 95 117 126 153 183
30 3 41 44 71 87 158 176
30 31 35 48 65 160 174
30 62 92 141
30 99 175 177
30 106 123
30 160 176
30 18
31 21 28 52 91 129 141
31 15 22 56 61 137
31 35 51 70 96
31 61 129 149 174
31 23 29 97
31 19 49 125
31 112 136 153
31 19 78 108
31 26 31 82
31 144 167
31 35 47
32 22 25 74 104 135 147 164 169
32 2 9 20 88 169 199
32 34 52 127 130 152 160
32 131 133 158 166 188
32 37 45 70 124 175
32 54 104 133 134 142
32 40 53 75 107
32 24 133 144
32 7 90 176
32 41 168 179
32 100 132
32 7 195
32 31 173
32 51
33 1 5 21 130 177 198
33 89 98 105 126 184
33 49 96 129 188
33 102 153 155 180
33 55 60 86 157
33 20 121 123 159
33 96 158 178 195
33 12 139 185
33 27 105 166
33 13 184
33 21 33
33 188
33 125
34 8 35 36 39 54 112 140 182 199
34 18 49 87 94 159
34 5 54 137 146
34 44 121 124 174
34 79 114 198
34 3 124 195
35 36 42 50 83 159 198
35 39 78 82 135 150
35 13 33 97 170
35 3 88 101 104
35 92 110 167 180
35 19 21 105 161
35 109 160 174
35 9 30 81
35 99 174
35 159 185
36 78 104 105 129 131 165 189 191 199
36 1 2 107 134 145 150 181 191
36 27 88 95 107 150 188
36 38 120 124 131 187
36 31 102 123 129 140
36 18 65 86 170
36 31 54 94 188
36 18 46 77 160
36 63 80 84 145
36 29 37 85 185
36 92 116 131
36 128
37 3 6 9 17 86 145 151 199
37 11 50 52 62 100 106 172
37 6 21 33 36 184
37 78 106 124 128
37 25 37 106 135
37 13 52 193
37 38 55 88
37 61 193
37 9 107
38 7 25 30 36 71 130 158 198
38 3 35 66 74 114 149 166
38 8 19 27 150 163
38 4 41 50 65 119
38 53 101 113 161
38 32 85 165 199
38 4 37 117 163
38 11 103 177 199
38 1 27 92 169
38 42 69 125
38 30 66 196
38 38 57 61
38 2 16 173
38 8 100
38 139 166
39 4 11 47 55 90 97 167
39 5 52 59 86 104 182
39 117 121 123 159 163 193
39 15 38 120 157 193
39 59 99 128 138 198
39 47 51 136 157 159
39 6 12 62
40 27 68 87 142 152 174
40 26 51 56 75 83 126
40 4 183 192 195
40 17 50 175 194
40 80 94 97 118
40 16 63 183
40 18 38 106
40 32 71 154
40 26 49 80
40 24 104
41 52 93 95 117 168 188
41 29 33 96 146 181
41 0 15 17 31 195
41 34 57 193 194
41 49 117 133 183
41 48 62 91 139
41 63 67 124 175
41 83 147 189
41 138 144 180
41 86 90 151
41 43 55 195
41 17 22
41 40
42 0 18 20 147 165 174
42 36 49 91 96 102 140
42 44 69 74 125 143 155
42 21 35 70 72 157 159
42 94 95 124 145 158 182
42 70 75 109 126 131
42 20 51 65 126 191
42 33 96 123 142
42 75 80 152 167
42 36 75 145
42 52 144 169
42 30 42 180
42 27 39 148
43 6 23 28 40 52 149 180
43 10 42 82 97 121 164
43 15 37 73 104 120
43 42 53 96 147
43 26 40 97
43 124 167 188
44 10 53 59 67 78 122 132
44 11 26 35 54 166 170
44 8 106 143 154 191
44 31 37 131 150 180
44 58 82 116 174
44 115 126 140 185
44 112 124 193
44 9 62 141
44 15 94 187
44 24 74
44 94 106
44 7
44 62
45 61 67 88 133
45 5 25 111 184
45 102 105 149
45 60 82 125
46 57 91 96 126 142 168
46 79 86 165 169 174 188
46 45 61 64 69 79 119
46 66 93 108 143 164
46 24 34 39 41
46 17 81 124 177
46 49 105 136
46 70 95 179
46 113 126 153
46 45 105
47 2 34 95 143 165 171 195
47 42 61 77 85 139 165 172
47 33 35 55 61 127 197
47 7 8 62 141 146
47 6 52 97 108 163
47 28 111 125 143 152
47 112 147 163 193
47 19 39 149
47 98 160 199
47 36 53 167
47 50 96
47 88 112
47 135 195
47 13 93
47 170
47 197
48 8 13 18 28 47 69 142 178 194
48 49 52 85 101 104 121 148
48 47 89 105 110 131 142 146
48 2 54 90 127 144 149
48 7 19 37 44 175
48 76 77 94 188
48 10 57 61 87
48 69 137 159
48 30 39 131
48 83 104 191
48 57 90 113
48 121 156
49 6 12 55 57 104 106
49 5 19 98 186 188
49 0 28 79 95 157
49 69 81 87 142
49 48 52 71 127
49 62 100 155 179
49 24 54 79 127
49 76 81 90
49 64 128 129
49 117 125 146
50 8 13 129 141 198
50 17 82 153 159 194
50 33 55 113 166 187
50 7 10 40 137
50 81 117 197
50 182 196
50 59 72
50 16
51 27 63 65 100 101 190 192
51 37 56 65 99 169 194
51 7 119 146 158
51 10 17 73 108
51 28 57 157 163
51 2 4 113
51 23 72 139
51 37 57
51 41 192
51 51
51 49
52 38 48 130 159 169 181
52 10 31 59 91
52 104 178 188 191
52 7 21 23 133
53 66 100 102 142 155 161 190 197
53 36 103 108 144 187 199
53 0 6 12 49 90
53 10 12 45 145 179
53 8 54 170 187
53 19 31 122
53 50 130 134
53 59 118
53 184
54 12 64 74 193
54 25 135 140 141
54 23 107 152
54 39 98 170
54 24 115
55 4 39 51 71 78 162 186
55 25 36 87 104 131 153 190
55 44 76 162 167 178 185
55 86 151 163 175 178
55 9 77 143 158 164
55 21 87 120 134 182
55 28 84 166 198
55 60 90 149 182
55 75 80 93 173
55 12 69 181 191
55 16 24 76
55 9 81 160
55 70 126 140
55 76 91 153
55 4 13
55 39 110
56 34 54 62 70 82 100 144
56 12 20 57 148
56 59 124 137 167
56 41 69 75 143
56 104 174 194
56 44 87 122
56 57 175
56 6
57 8 116 133 156
57 40 111 135 167
57 129 140 179
57 16 99 151
58 9 13 42 89 112 124 193
58 77 159 173 193
58 40 70 146 170
58 50 136 146
58 29 97 172
58 101 150
58 20 62
58 109
59 16 26 45 121 126 130 194
59 88 98 143 165 174 191
59 9 35 36 145 174
59 52 83 90 94 171
59 5 30 182 197
59 64 73 144 172
59 73 95 115 163
59 18 49 145 174
59 13 19 180 189
59 50 138 151 171
59 30 144 146 166
59 31 47 148
59 79 100
59 92 115
59 190
60 11 42 55 66 95 103 162 191
60 16 20 57 98 161 193
60 66 90 109 160 180 198
60 17 45 148 173 182
60 50 59 111 113
60 12 122 144 149
60 54 122 158 169
60 18 77 104 152
60 14 61 143
60 23 85
60 63 112
60 105 197
60 23 69
61 5 37 42 53 55 75 147 156 175 178
61 10 42 64 89 101 108 158 167 183
61 49 63 74 76 83 102 119 128
61 40 64 101 150 169 191
61 34 52 67 163 176
61 49 77 116 145 146
61 56 63 92 104 199
61 16 75 136
61 89 94
61 5 132
62 48 74 100 102 117 130 136 171 183
62 18 59 76 86 134 144 188
62 31 144 152 154 169 170 199
62 12 74 88 108 128
62 13 27 53 111
62 2 8 59 193
62 8 11 20 105
62 21 27 60 173
62 13 16 139 194
62 38 46 58 111
62 0 137 187
62 68 120
62 77 157
62 65
63 8 17 101 119 122 168 194
63 11 36 66 105
63 113 125 186
63 75 88 133
63 34 123 192
63 19 165 180
63 2 126 174
63 35 92 138
63 18 58 194
63 10 105
63 95
64 27 90 99 119 165
64 42 92 184
64 100 156 184
64 13 61 144
64 38 107
64 120 190
64 15 41
64 61
65 47 73 96 106 126 156
65 47 53 147 149 160 187
65 11 30 92 106 116
65 23 154 160 185 191
65 44 95 112 129
65 73 84 90 144
65 67 79 80 189
65 0 118 140 178
65 3 27 75
65 68 91 199
65 10 69 114
65 37 143 192
65 7 164
65 155 167
66 2 13 95 103 124 129 167 185
66 31 65 81 107 129 165
66 89 124 137 153
66 132 133 149 153
66 86 156 161 174
66 1 13 61 89
66 15 115 176
66 85 95 100
66 0 18 181
66 113 152 172
67 49 54 69 100 121 142 170 177 180 190 198 199
67 14 57 67 70 165 170 189 192
67 28 58 60 94 131 158 175 187
67 41 96 100 135 137 196
67 38 77 99 117
67 55 56 86 105
67 48 157 196 199
67 71 97 171
67 60 87
67 10 95
67 132 141
68 68 76 82 114 148 163 183
68 35 123 136 137 157
68 18 34 38 71 143
68 114 163 180 195
68 1 56 76 93
68 26 43
69 2 6 18 25 64 85 93
69 28 56 148 156 194
69 21 58 68 88 154
69 17 94 95 106 163
69 9 58 112 149
69 72 73 121 175
69 22 38 80 174
69 19 31 37 164
69 102 104 173 195
69 64 76 140 153
69 0 98 130
69 24 123 192
69 66 187 195
69 63 155
69 18
69 165
70 2 15 56 69 83 134 165 174
70 60 61 84 139 190
70 21 79 125 147 170
70 33 53 91 106 147
70 9 83 190 198
70 16 88 94
70 11 34 63
70 94 142 190
70 139 142 153
70 1 46
70 62
71 23 58 67 73 77 92 141 165
71 63 85 101 120 142 194
71 87 103 126 164 173
71 37 73 106 143 167
71 5 112 128 164
71 1 13 24
71 41 47 135
71 20 58 189
71 66 147
72 31 72 84 107 114 130 137 178
72 49 73 100 160 191
72 35 91 115 172 180
72 132 137 148 181
72 15 26 60 65
72 90 95 100
72 95 119 123
72 122 183 196
72 40 134
72 92 156
72 18
72 8
73 9 10 15 29 51 61 74 106
73 24 32 37 112 189 194
73 11 26 93 148 186 198
73 4 11 31 60 106
73 50 85 157 161
73 93 139 154
73 22 153
73 100 192
73 133
74 35 48 94 161 162 166
74 59 67 80 187 190
74 54 86 101 179
74 24 55 98 187
74 70 83 170
74 5 57 171
74 56 118 176
74 56 66
74 186
75 36 131 137 157
75 13 18 148 196
75 48 105 168
75 72 150 165
75 14 174 177
75 101 145 169
75 58
75 142
76 10 14 18 66 135 176
76 38 84 90 157 160 172
76 18 59 100 123 162
76 8 21 135 146 160
76 4 74 79 167
76 28 124 152 161
76 43 83
76 97 140
76 113 183
76 188
77 0 32 34 76 117 138 195
77 20 103 107 125 166 173 199
77 25 58 143 173 181 185
77 19 94 128 156 167 173
77 2 64 92 145 159
77 55 109 124 137 186
77 133 152 185 199
77 5 6 7 171
77 6 68 153
77 81 186
78 21 48 60 64 80 118 130
78 32 50 78 134 148 175
78 22 43 102 113 135 148
78 14 27 38 65 118
78 17 139 165 168
78 112 155 159 192
78 14 82 186
78 68 172
78 13 138
78 24 164
79 3 5 9 73 76 143
79 6 36 101 170 178 193
79 9 29 35 52 139
79 2 105 125 185
79 56 111 144 181
79 75 76 90
79 47 118 162
79 31 46 183
79 62 64 83
79 15 41 189
79 76
80 48 86 103 136 159
80 17 76 97 165 184
80 97 128 140 183 187
80 7 73 157 172 191
80 56 111 130 180
80 23 24 53 159
80 60 97 178
80 38 55 74
80 51 94
80 55 89
80 72 145
80 6
81 1 39 89 93 122 132
81 0 19 38 69 197
81 50 94 121 169 188
81 82 92 107 112 170
81 74 77 94 118 192
81 8 86 104 188
81 59 90 96 148
81 46 48 115 164
81 76 122 135
81 44 59 112
81 58 124 196
81 17 26 126
81 46 66
81 160
82 28 33 42 46 71 87 112 166
82 8 24 75 116 156
82 1 76 77 144
82 51 57 106 188
82 6 109 150 180
82 4 9 74
82 38 67 100
82 122 179
82 190
83 33 34 63 79 133 198
83 13 108 132 151
83 71 141 182
83 31 133 139
83 78 161
83 30 150
83 87 146
84 4 37 68 96 116 135 172
84 0 45 76 84 102 139 187
84 11 17 34 42 127
84 6 30 43 148
84 16 103 108
84 22 73 78
84 15 22 41
84 26 77
84 155
85 2 22 27 54 107 131 138
85 14 17 97 104 119
85 3 45 59 65 177
85 5 13 41 87 142
85 36 47 112 154 193
85 48 96 149 169
85 9 113 155 178
85 44 87 138 183
85 80 104 117 119
85 4 48 138
85 32 88 178
85 55 173
86 18 22 39 53 75 84 107 167 172
86 29 89 103 129 167
86 42 48 180 183
86 7 42 118 155
86 12 107 115 124
86 88 172
86 103 194
87 53 55 87 94 111 175
87 38 129 145 167 179
87 10 35 42 70 163
87 51 87 131 197
87 1 31 132
87 15 133 167
87 114 136 176
87 12 91 129
87 35 61 111
87 94 104 190
87 193 195
88 14 21 59 69 75 123 129 169
88 46 84 85 95 108 145 177
88 58 67 70 174 187 194
88 107 108 147 172 174
88 104 140 143 160 174
88 87 110 134 161
88 0 4 69
88 60 141 199
88 34 194
88 141 184
88 33 175
88 180 195
88 92
89 5 10 27 29 47 48 178 194
89 55 81 111 119 140 145 188
89 24 73 87 159 165 170 187
89 6 27 29 107 153 195
89 111 114 117 123 174 177
89 75 95 125
89 134 164 195
89 33 93 103
89 79 153
90 21 36 40 56 78 83 104
90 13 38 73 75 123 140 175
90 28 103 116 158 168 193
90 3 48 55 69 113
90 11 68 76 123
90 24 70 121 164
90 133 151 176
90 1 108
90 13 88
90 130 195
90 2 101
91 51 59 94 95 173 191
91 2 4 36 57 199
91 62 164
91 197
92 64 73 83 108 135 161
92 10 27 80 102 106 193
92 43 61 102 111 137
92 36 60 75 99 136
92 40 74 195
92 28 58 185
92 59 184
93 9 28 62 71 94 96 110 111 121 168 176
93 5 48 128 190
93 52 127 154 180
93 51 102 104 125
93 47 63 89
93 64 87 107
93 130
94 22 29 48 74 142 149 170
94 11 61 99 132 163 180
94 10 11 28 39 56 74
94 62 70 120
94 1 38 77
94 29 121 173
94 2
95 2 54 91 100 102 152 191 194
95 28 93 142 149 161 175 193
95 6 37 60 127 129 140 166
95 30 35 68 110 155 163
95 125 139 156
95 43 107 192
95 43 122
95 112 183
96 17 59 72 75 96 97 109 135 139
96 11 13 57 84 100 108 129 199
96 33 40 59 124 134
96 52 63 91 147
96 46 61 87 137
96 40 51 154
96 66 170 193
96 42 190
96 43 110
97 16 108 132 152
97 55 88 169
97 7 53 158
97 37 107 198
97 20 80
97 158
98 22 59 94 165 181
98 0 44 52 135
98 32 120 121 151
98 75 100 110 197
98 96 142 166
98 32 61 71
98 38 73 149
98 94 97
98 0 67
98 67 111
99 15 43 72 78 134 153 190
99 4 26 112 118 146 195
99 62 104 129 149 184
99 5 42 177 182
99 61 91 121
99 71 150 163
99 13 20 162
99 140 150
99 78 79
100 2 65 129 154 176 184
100 66 117 195 198
100 2 89 109 122
100 16 157 188
100 4 79 93
100 14 107 183
100 84 99 184
