200 1000
1 5 13 25 31 41 55 76 82 108 112 118 152 167 178 199
1 7 18 28 30 32 43 44 72 94 106 119 156 170 177 180
1 25 69 76 81 85 113 114 121 130 136 177 179 196
1 12 21 26 49 106 118 121 124 143 172 187
1 7 29 33 79 90 94 96 101 116 158 194
1 12 31 33 45 62 65 111 152 165 182 198
1 10 20 31 33 41 64 100 103 123 177 192
1 21 29 33 45 93 104 107 125 162 186
1 3 47 51 55 64 78 80 113 173
1 7 36 70 97 110 112 122 124 128
1 68 74 78 104 110 155 160 179 191
1 16 20 32 96 127 135 147 174
1 59 60 112 139 156 170 172 191
1 102 107 138 140 145 151 191
1 22 113 117 125 142 181 188
1 12 72 145 147 148 180
2 4 7 20 36 37 43 44 47 81 82 111 114 139 142 182 194 197
2 11 18 28 51 52 54 59 84 94 99 124 129 130 172
2 23 27 44 68 102 105 114 133 134 135 161 185 187
2 34 46 51 58 102 106 110 157 181 184 186
2 4 26 34 41 96 99 104 137 151 157
2 17 44 84 112 123 152 154 158 199
2 14 32 34 81 99 137 159 169 174
2 5 13 17 36 64 81 104 122 193
2 28 29 43 110 155 171 188 196
2 26 36 51 57 74 85 125 160
2 0 28 51 76 93 146 192 199
2 17 18 27 72 119 162 196
2 0 9 98 139 163 191
2 33 59 104 153 162
3 11 21 35 49 50 57 114 128 138 148 173
3 31 43 56 82 118 133 172 176 178
3 20 68 78 90 91 95 100 121 176
3 5 60 62 67 74 80 82 161 179
3 27 65 72 76 127 152 177 199
3 8 23 73 86 109 141 151 184
3 32 60 83 142 153 176 196
3 2 68 140 144 149
3 10 52 57 114 154
4 7 48 50 54 68 85 101 121 144 150 162 183 192 195 199
4 29 35 66 70 74 90 94 110 113 156 161 173 181 182 185
4 48 63 69 71 81 101 119 150 157 165 167 176 179 192
4 15 19 21 58 64 70 78 79 84 112 119 123 163
4 56 81 93 102 115 129 139 140 165 178 194
4 14 17 94 98 119 123 178 184 186
4 15 22 51 55 68 89 145 164 168
4 2 34 50 91 119 144 145 148 157
4 33 42 48 60 61 120 150 194 197
4 1 47 61 95 102 105 121 132 190
4 3 8 23 55 99 120 146 168 190
4 13 69 94 117 131 177 183 187
4 10 14 47 50 56 58 60 73
4 42 68 75 111 120 146 165 177
4 34 66 67 95 116 144 152
4 7 52 98 139 149 176
4 17 22 92 129 142 192
5 9 16 19 28 69 70 78 104 121 124 159 171
5 2 44 66 87 110 125 153 157 163 183 191
5 5 24 48 88 93 141 145 147 159 164 195
5 62 104 111 120 122 149 185 193 194 196
5 12 22 49 74 124 149 156 163 165 193
5 2 49 64 72 81 102 158 199
5 32 42 84 109 116 119 166 172
5 40 58 66 99 154 168 173 175
5 2 50 94 115 116 181 192
5 18 31 41 47 125 145 168
5 52 72 105 106 110
6 0 16 21 58 72 73 80 83 85 131 135 137 182 187
6 2 3 20 31 56 60 103 104 110 141 147 148 156
6 37 41 74 84 87 110 127 151 155 156 165 175
6 4 18 41 53 59 98 113 153 169 174
7 15 30 61 62 65 72 74 81 89 101 103 143 171 181
7 7 27 31 34 52 68 72 90 140 165 185 193
7 6 38 54 59 95 110 148 161 165 171 184 189
7 11 66 88 120 143 146 147 153 156 187
7 2 5 21 77 86 114 135 152 168 175
7 34 54 56 64 88 100 106 140 177
7 27 35 102 106 155 175 178 179 185
7 36 96 109 140 144 159 171
7 12 67 74 119 143 194
7 19 23 30 76 188 199
8 0 12 17 18 29 53 93 122 132 159 195
8 25 36 55 59 66 70 91 111 151 166 195
8 0 20 38 97 158 170 174 178
8 11 14 44 69 108 176 193 195
8 0 26 43 85 86 96 154 193
9 16 24 33 43 51 82 91 106 118 121 133 138 140 174 177 189
9 5 31 45 52 59 106 107 123 134 142 147 158 187 198
9 8 40 43 63 73 127 130 144 156 194
9 17 26 41 44 109 124 130 156 159
9 1 16 68 105 139 149 160 186 196
9 48 103 132 145 164 172 175 183 188
9 12 38 40 44 56 62 80 82 199
9 17 26 62 120 122 146
9 19 22 24 78 196
9 13 83
10 8 28 44 51 66 70 79 81 116 118 120 129 133 166 176 182 184
10 8 20 61 69 82 101 109 126 151 176 189 198
10 32 44 57 59 75 80 85 120 129 158 192
10 9 24 28 48 72 116 135 140 151 169
10 37 57 82 109 116 117 126 149 178
10 0 6 42 66 114 120 137 161 175
10 4 27 66 86 114 126 179
10 28 81 123 153 166 176 188
10 71 73 75 94 102 135
11 13 44 56 57 72 97 113 116 128 159 170 175 177 180 188 195 198
11 27 45 52 69 76 88 116 123 136 150 172 174
11 15 30 35 37 48 59 77 91 97 114 174
11 32 42 65 130 166 168 172 173 178 182 199
11 8 13 102 137 150 155 160 164 182 193
11 17 45 87 102 106 116 170 177 178 194
11 27 31 54 58 65 76 88 89 90 155
11 35 38 42 59 60 96 140 152 154
11 19 48 61 68 73 143 157 173 177
11 18 61 85 96 119 138 165
12 18 28 31 33 37 50 55 64 68 74 111 124 126 130 137 166 172 186
12 1 2 3 10 21 25 43 78 81 88 94 112 150 170 179 196
12 23 29 45 53 69 101 105 108 110 120 126 137 159 184
12 46 50 58 80 84 109 113 123 159 163 180 190
12 12 30 46 49 64 92 95 96 125 134 187
12 4 6 59 101 116 175 183 187 190 195
12 2 26 42 71 77 84 113 144 177
12 6 36 101 104 105 112 130 152 196
12 9 34 52 91 148 156 187 199
12 90 103 127 162 181 190 197
12 32 53 78 123 143 162 193
12 6 25 42 70 77 104 154
12 3 9 10 13 38 76
13 6 8 20 34 58 84 86 94 105 145 156 170 177 186
13 4 34 68 91 107 115 118 126 148 156 163 166 197
13 0 13 18 25 26 42 81 96 157 166 168 175 178
13 9 20 26 44 57 59 116 127 145 147 164 193
13 1 11 24 56 64 87 145 155 172 187 193
13 40 49 82 89 105 109 128 158 184 191
13 13 45 48 54 72 83 112 115 147 192
13 8 17 37 53 77 121 158 165 174 181
13 1 28 39 79 102 145 163 198
13 75 91 97 117 155 186 192 197
14 2 14 21 24 47 49 61 81 97 106 129 140 183 199
14 22 36 70 96 108 133 145 153 178 192 195 199
14 7 21 22 59 60 72 88 127 133 166 173
14 5 43 44 53 67 83 111 119 167 178 183
14 66 77 80 88 94 100 115 152 162 167
14 3 16 35 41 60 92 122 131 174
14 18 37 58 95 104 109 141 183 191
14 31 38 62 69 106 107 142 172
14 35 59 74 166 183 188
15 15 20 26 27 57 75 86 103 117 123 147 179 185 187 190 193
15 0 12 14 31 41 44 45 51 57 120 137 145 150 155 184
15 21 27 54 70 79 98 103 111 121 140 156 163 182 190
15 10 27 30 45 85 89 95 106 126 127 147 148 149
15 12 13 20 22 38 47 85 98 136 157 166 171
15 4 7 11 26 31 79 90 101 112 154 157 198
15 4 6 33 46 47 91 92 132 136 146 150
15 70 71 95 103 122 131 138 139 152 184
15 6 32 36 59 66 67 93 145 146 184
15 4 57 62 122 143 157 160 180 189
15 37 38 70 71 130 134 136 146 185
15 3 65 89 96 134 165 192
15 21 55 73 113 118 159 177
15 39 90 142 150 178 183
15 58 59 75 182 199
15 109 117 182
16 23 35 54 64 68 79 86 88 98 121 124 164 177
16 14 60 73 86 88 101 110 142 148 157 160 163 170
16 51 81 85 89 94 106 132 133 134 161 163
16 3 19 28 32 84 133 134 139 166 184 186
16 0 1 52 72 79 84 107 126 177 178
16 28 61 126 141 173 183 192 193 196
16 9 17 22 60 112 121 125 163 189
16 8 10 11 13 53 137 140 196
16 19 26 60 86 105 171 197
16 14 37 61 97 127 166 179
17 29 35 37 38 39 60 64 93 100 117 121 124 140 166 172 181 183 185 192
17 7 11 17 20 24 45 47 48 50 55 74 94 109 177 185
17 13 26 44 48 63 64 80 83 85 102 119 123 158
17 3 23 30 49 52 81 99 128 129 190 198
17 37 70 92 98 101 115 117 139 157
17 7 62 76 103 113 117 132 138 169
17 55 74 80 81 94 147 166 182 195
17 59 70 74 79 89 99 138 160 188
17 47 56 64 70 75 97 133 150 188
17 21 32 63
18 10 29 36 61 67 70 72 73 75 84 91 132 150 160 193
18 15 22 24 71 79 81 82 106 143 145 162 174 175 190
18 1 3 25 47 54 58 103 119 122 137 165 167 190
18 4 16 41 69 70 113 115 134 136 163 176 194
18 4 20 49 52 55 86 97 124 127 169 175 187
18 5 10 48 58 63 87 91 103 107 165 189
18 1 54 63 80 86 114 119 126 136 149 180
18 9 11 62 84 92 110 113 121 128 144 163
18 5 82 89 94 105 123 125 142 179 185
18 63 66 77 82 142 146 160 191 193
18 11 15 39 49 80 92 118 181
18 32 39 43 91 116 130 148 162
19 10 35 37 86 99 137 138 150 151 159 160 161
19 5 30 35 41 54 61 85 100 116 136 139
19 34 39 47 51 89 107 121 133 168 187
19 22 33 36 44 53 138 151 171
19 29 74 158 162 171 195
19 22 126 135 137 155 169
20 2 12 13 17 27 45 80 89 91 98 117 118 147 157 172 173 184
20 0 9 67 85 89 91 101 110 112 141 147 148 152 184
20 4 13 74 83 127 135 146 159 165 173 174 194 195 196
20 6 34 42 61 67 88 112 117 123 139 152
20 48 51 56 68 94 138 193
20 14 26 30 39 103 170 177
20 24 31 71 119 132 143
20 77 89 105 115 189 194
20 20 51 88 111 125
20 49 174 179 195
20 36 96 124 148
21 21 25 58 70 106 114 122 127 156 172 177 182 189 198
21 17 19 20 53 79 97 121 123 129 134 148 151
21 7 9 34 35 82 100 101 129 153 169 193
21 11 36 60 63 67 72 96 117 163 176
21 12 30 31 39 97 113 139 148 164
21 17 35 54 113 125 134 155 197
21 33 60 67 145
22 11 25 26 29 65 70 78 82 96 112 145 158 199
22 17 26 82 85 89 103 112 133 140 149 166 184 198
22 7 22 26 81 97 113 124 125 147 157 173 176 196
22 1 39 96 114 116 120 125 153 158 171 180 195 196
22 6 37 38 44 73 83 115 129 144 162 167 175
22 22 33 38 78 87 103 107 116 152 173 190
22 10 13 20 38 60 74 88 103 150 154 168
22 1 11 12 57 81 112 115 123 172 194
22 65 69 78 96 101 131 171 172 176 190
22 29 56 87 127 159 171 183 197
23 20 23 36 50 58 68 83 107 114 153 160 177 192 193
23 12 14 15 68 102 104 131 132 158 163 174 182 197
23 1 62 80 103 115 118 135 137 175 177 181 184
23 10 48 80 84 85 110 156 172 190 197
23 5 86 103 106 113 159 163
23 10 63 75 106 120 195
23 37 66 124 150
24 11 40 42 53 66 109 129 135 138 143 147 167 169 173 176 180
24 5 6 8 12 35 54 56 90 105 119 125 152 180 199
24 33 38 41 55 72 82 148 153 158 168 186 188 195
24 18 33 37 49 59 60 64 79 124 151 178
24 58 67 69 78 84 114 133 151 176 182 192
24 15 51 67 98 131 140 191 197 199
24 6 10 46 47 57 73 107 191
24 55 71 107 123 185 186 191 192
24 3 48 89 182 183 185
24 15 77 88
25 1 5 15 25 65 66 68 79 106 109 121 136 146 191 194
25 12 26 50 54 59 85 107 130 142 143 146 170 182 184
25 2 10 12 72 77 82 89 101 108 110 151 190
25 38 57 67 74 98 175 191 192 193 196 197
25 0 5 7 52 53 58 88 103 168 170
25 15 25 65 80 96 127 134 140 160 169
25 23 59 60 79 97 164 170 172 195 196
25 9 49 65 98 104 121 152 158 186
25 43 113 116 122 154 160 196
25 17 42 130 138 149 190
26 17 26 27 54 84 87 101 120 128 164 182 189 193
26 48 54 64 79 82 91 107 114 164 171 178 179 199
26 51 54 58 75 83 88 91 94 96 142 152 196
26 10 25 68 78 114 127 141 145 146 156 191
26 9 62 74 77 115 121 127 161 199
26 7 39 73 83 120 142 184 186 190
26 1 27 83 100 101 114 158 193
26 11 17 30 44 132 146 165 172
26 26 38 59 66 92 98 184 199
26 14 38 118 156 194
26 6 35 84 96
27 42 43 54 59 87 94 139 140 151 156 159 163 174 197
27 2 7 10 18 41 58 77 110 120 131 151 165 174 198
27 2 30 39 48 63 79 84 103 116 160 168 171 199
27 23 27 73 89 96 110 132 138 182 185 197
27 43 67 95 109 121 142 193 199
27 6 16 53 82 98 102 153 158
27 14 21 22 25 76 127 190
28 4 27 39 42 67 81 83 85 115 116 159 170 196
28 8 53 70 99 109 120 134 144 155 162 178 195
28 21 29 38 45 46 65 66 68 179 188 196
28 19 29 34 47 59 89 94 114 169 176
28 53 58 69 97 105 134 143 146 167 191
28 9 74 78 97 127 131 137 171 182
28 39 58 89 126 135 136 164 186 198
28 8 24 74 91 121 127 129
28 19 26 72 76 78 144 145
28 10 34 86 138 156 197
29 0 1 17 25 35 48 54 59 86 91 125 134 136 151 153 166 169
29 5 17 38 39 65 83 91 103 108 109 126 127 133 135 149 198
29 37 83 94 97 136 165 183 195 198 199
29 4 40 46 58 80 101 155 169 182
29 25 39 67 86 148 164 177
29 66 84 94 107 163 197
29 60 79 110 120 150 180
30 5 24 39 70 87 90 96 113 122 168 188 191
30 10 12 46 52 53 69 71 73 74 95 101 126
30 12 16 26 33 62 81 132 147 155 171 174 191
30 0 22 72 76 81 82 84 85 93 108 109 171
30 23 47 53 112 135 143 147 167 168 184
30 44 46 59 65 103 107 118 167 174 193
30 17 43 45 60 63 89 146 150 191
30 18 35 54 69 87 106 107 155
30 26 39 65 95 118 128 131 138
30 46 50 66 82 88 106 126 180
30 59 72 94 119 149 162 177 197
30 73 93 98 118 127 136 155
30 15 50 84 163 175 177
31 29 36 51 58 70 75 81 100 129 136 145 170 184
31 17 39 42 60 70 100 108 133 147 163 167 179
31 26 47 95 96 100 118 119 146 156 173 190
31 0 41 52 131 145 151 152 172 178 190
31 1 11 14 37 118 122 150 158 160 191
31 22 91 107 111 112 118 126 172
31 2 52 77 100 155 170 179
31 49 74 99 121 125 134
32 0 39 42 80 82 84 85 97 104 117 161 167 176 177
32 1 5 17 30 48 66 137 158 168 172 178 184 188 191
32 14 19 22 24 27 35 40 42 59 157 191
32 78 114 130 139 145 167 177 186 190
32 37 59 74 75 76 101 122 127 146
32 26 47 71 86 114 131 137 176 177
32 18 71 104 134 140 153 156 173 196
32 12 27 42 49 66 110 121 146
32 4 45 94 113 117 148 164 177
32 13 31 44 73 83 178 180 188
32 13 16 21 30 127 134 151 166
32 17 51 145 168 169 171
32 2 79 88 91 187
32 47 131 141 159
32 63 157 178
33 6 10 30 34 41 61 64 82 92 97 139 168 173
33 3 13 24 60 73 112 118 122 132 167 174
33 3 21 34 52 82 90 111 114 147 158 192
33 15 48 60 75 77 91 126 152 154 186 187
33 5 16 28 62 89 114 140 187 188 189
33 0 42 45 70 84 85 104 188 191
33 3 25 39 126 141 155 160 163
33 20 76 103 104 105 119 147
33 38 145 154 157 166 182 187
33 43 47 49 137 154 178
34 23 30 33 34 56 58 62 87 96 105 107 132 158 160 175 184
34 28 57 78 103 104 105 113 128 137 142 171 173 180 185
34 1 10 83 94 129 136 151 152 167 169 189 195 199
34 3 5 26 31 71 80 87 91 105 110 176
34 7 31 34 65 81 109 147 152 184 186
34 3 56 84 115 124 129 156 167 191 193
34 10 71 79 113 127 156 163 164 166 168
34 10 49 56 97 111 113 147 153 172
34 57 98 121 123 141 144 145 177
34 40 42 76 123 129 157
34 5 40 103
35 9 16 25 37 39 69 80 112 127 144 173 177 182 199
35 0 6 24 40 47 56 70 132 174 175 187 190 195
35 5 8 35 38 54 78 101 103 115 137 154 192
35 18 53 58 77 120 159 165 172 179 181 191
35 3 19 21 24 26 52 65 70 130 142
35 5 8 12 39 59 62 117 125 129 187
35 33 45 62 88 161 189
35 9 11 56 68 86 151
35 14 82 108 109 111 129
35 93 108 120 124 162
35 10 64 110 115 172
36 3 26 53 60 72 91 109 123 130 146 167 196 197
36 16 40 41 63 66 88 106 110 148 162 165 176
36 7 13 39 52 77 128 135 162 163 199
36 21 32 54 57 97 120 126 152 156 166
36 3 21 34 43 53 59 66 80 137
36 20 21 40 51 57 107 110 171
37 4 14 20 73 87 110 114 135 143 150 179 187
37 4 62 64 84 86 89 143 144 161 187
37 40 51 73 110 157 177 178 185
38 5 28 40 46 48 53 74 91 105 109 110 134 172 186 190
38 57 80 91 92 93 110 112 117 132 146 164 183 185 196
38 12 36 40 41 49 64 82 95 141 173 174 184 187 198
38 2 31 42 68 119 126 131 176 179 183 186
38 17 29 52 83 111 143 161 182 186 193 199
38 19 44 67 96 111 120 138 141 142 187
38 14 21 66 87 116 133 135 164 171 173
38 24 54 66 80 82 96 141 148 162 173
38 30 47 52 91 111 144 170 173 195
38 8 27 33 54 63 113 157 191
38 21 26 30 32 40 171 174 181
38 4 5 96 121 194 199
38 1 24 123 197
39 14 21 39 43 64 68 71 117 134 144 154 179 190
39 8 12 14 44 48 72 94 136 148 183 199
39 5 57 64 74 82 108 134 148 152 153 164
39 23 36 101 110 141 144 152 161 172 176 198
39 22 31 49 71 73 76 120 130 135 167
39 20 30 67 97 104 138 156 157 189
39 20 53 83 109 110 121 146 162
39 3 60 89 111 125 127 143 165
39 2 35 108 136 157 161 170 173
39 3 15 16 55 81 131 155 199
39 6 85 99 124 142
40 32 35 51 52 60 74 108 116 119 123 145 147 173 188 194
40 12 22 53 64 85 106 109 112 123 148 165 181 186
40 0 14 48 54 59 73 86 145 153 154 186 198
40 15 18 19 50 64 84 121 173 187 193
40 51 67 68 71 81 125 142 155 173 186
40 53 56 62 82 104 121 127 128
40 14 25 27 59 74 99 132
40 19 24 32 120 121 125 130
41 23 28 29 46 56 75 76 89 98 126 134 162 169 172 182 197
41 6 7 16 17 28 39 70 85 87 113 115 152 171 181 189
41 5 35 64 71 90 111 136 147 148 187 191
41 11 12 22 25 44 48 54 99 171 172 180
41 2 11 26 41 71 106 122 127 149 162 173
41 26 30 31 67 98 106 130 135 151 191
41 1 10 16 25 40 94 111 125 156 182
41 17 33 95 104 123 125 149 192 198
41 3 6 12 18 43 61 80 91 92
41 4 14 16 37 53 59 76 143 166
41 12 15 54 67 143 162 165
41 20 36 40 42 82 101 173
41 7 88 97 135 163 180
41 32 40 81 122 129
42 7 10 18 21 42 45 55 72 90 92 140 147 160 189
42 3 6 38 44 78 79 103 106 117 152 155 160 164
42 43 47 59 124 133 161 167 169 174 183 194
42 15 55 68 70 99 101 107 112 171 187 189
42 6 26 39 98 107 130 173 191 193 196
42 3 6 36 75 95 102 158 164
42 1 15 96 109 131 148 155
42 21 24 37 85 99 115 191
42 38 86 120 133 149 153
43 14 42 43 49 60 119 127 142 156 157 158 180 181
43 9 21 27 38 39 45 62 107 146 159 169 172
43 1 7 26 33 52 63 106 126 136 167 195
43 15 16 17 24 46 75 79 114 120 141
43 3 38 77 88 97 114 147 153 171
43 19 72 78 113 132 148 150 155 195
43 57 58 129 153 163 165 167 176
43 11 98 104 116 123 162 169
43 16 40 45 55 126 197
44 6 23 29 40 64 69 78 90 97 98 153 157 163 185 191 197
44 12 14 32 39 48 52 54 63 73 81 97 138 163 184 185 193
44 36 39 61 70 72 86 111 120 121 125 126 150 155 158 183 188
44 28 33 40 44 52 57 59 116 163 171 172 173 181
44 6 19 39 64 69 75 76 87 124 137 161
44 16 20 31 116 126 140 146 155 169 196
44 7 40 41 73 80 85 96 101 153 199
44 20 46 100 112 139 140 161
44 62 75 91 101 103 108 145
44 9 39 72 75 99 113 121
44 75 106 128 129 168 196
44 0 71 77 97 139 156
44 3 92 94 108
45 10 23 46 53 64 74 85 92 103 111 138 149 153 159 165 196
45 15 16 18 27 36 56 60 81 85 92 123 133 144 172 181 193
45 2 7 33 41 44 45 65 123 127 128 140 152 176 184 191
45 6 43 50 61 75 81 99 116 138 144 173 174 183 195
45 15 26 41 42 44 64 76 102 131 154 158 165 174
45 24 28 37 50 55 68 87 121 131 158 159 167 173
45 13 14 24 34 42 47 80 98 106 129 137 154
45 66 76 83 99 115 116 120 131 142 168 189
45 4 5 54 65 80 91 103 123 160 199
45 26 38 43 72 109 123 139 142 171
45 30 62 146 147 148 158 177 188 190
45 45 123 127 180
45 12 78 107 149
46 21 40 67 74 80 85 111 131 136 142 161 175 176 199
46 13 19 22 25 51 61 88 113 134 140 154
46 9 37 114 151 161 164 171 177 194 196
46 4 20 32 34 59 103 128 146 169 175
46 10 22 41 106 130 136 157 172
46 38 47 64 78 140 161 162
47 24 30 31 40 42 43 45 73 108 110 112 120 128 137 138 152
47 13 17 30 31 63 80 98 99 110 112 115 138 161 186 191
47 13 35 83 110 112 115 120 143 149 166 171 193
47 1 30 47 62 75 122 146 156 165 172 173 193
47 7 20 33 44 50 104 133 142 143 166 169
47 10 18 32 61 97 109 110 145 161 184 195
47 16 40 59 64 85 103 168 172 179 189
47 10 30 50 64 69 121 147 184
47 2 34 51 53 118 121
48 35 37 90 139 142 144 148 152 154 155 159 166 167 169
48 10 18 27 32 57 79 81 106 114 118 148 181
48 2 10 59 75 89 125 127 131 140 184 188
48 16 23 46 63 69 80 111 133 162 170 187
48 4 19 53 55 69 88 144 169 171 174
48 0 10 29 46 49 105 119 134 138 162
48 5 20 38 90 128 167 168 180 191
48 12 31 36 84 87 88 118 187
48 81 93 116 141 146 149 156 197
48 7 37 43 46 57 74 118
49 3 10 15 28 31 40 45 59 72 90 92 99 107 135 150 170 194
49 1 2 27 54 59 64 96 112 132 138 175 176 180 189 192
49 1 39 48 52 63 75 79 94 102 103 105 128 151 154 188
49 0 4 9 36 70 84 87 99 100 144 151 153 159
49 15 26 61 64 85 99 103 105 118 138 149 191
49 8 11 56 68 77 93 94 97 118 138 149 170
49 39 80 101 111 125 133 137 140 148 149 187
49 23 27 47 65 84 118 163 180 198
49 25 30 43 66 91 101 131 140 161
49 64 84 100 105 153 156 161 170 196
49 29 42 69 109 111 153 177 198
49 10 33 69 110 124 129 156
49 53 104 117 133 147 188
50 23 55 62 67 75 84 85 110 133 135 150 154 177 190
50 4 5 8 13 36 38 39 55 83 91 112 163 190
50 1 3 39 52 104 107 125 130 146 154 155
50 9 32 40 44 110 150 174 181 190 196
50 21 41 60 80 85 96 105 142 184 195
50 4 26 40 64 67 73 81 144 149 189
50 21 52 55 56 95 145 149 168 181 188
50 20 41 71 89 115 132 142 161 185
50 45 47 74 89 137 146 148 160
50 109 121 132 141 150 152 161
50 42 51 89 95 128
50 46 65 90 112 186
51 18 19 27 33 73 126 157 161 164 180 189 191 194
51 9 10 14 16 73 96 101 119 134 158 168 199
51 1 4 12 18 19 34 100 126 153 157 168
51 22 26 31 54 62 63 93 121 153 171 195
51 13 33 69 90 99 150 154 178
51 59 108 162 168 187
52 4 15 19 46 66 69 73 75 90 95 114 138 162 166 198
52 0 15 38 48 75 80 83 107 154 158 184 194
52 5 7 21 43 55 92 110 136 153 184 190
52 15 28 38 44 64 108 153 184 196
52 7 16 45 65 68 94 102 106 107
52 2 30 38 67 102 109 160 182 197
52 18 27 28 41 50 54 60 199
52 50 74 90 92 159
53 6 22 38 46 51 105 122 133 158
53 10 68 119 126 130 132 134
53 14 37 41 68 77 164
54 7 29 34 70 72 81 97 105 136 148 155 157 160 162 169 184 187 189
54 0 1 9 11 27 46 74 103 137 147 165 167 172 183 185
54 1 7 12 22 23 34 79 87 93 98 104 123 124 173
54 4 5 20 68 72 91 97 108 135 136 140 141 175 196
54 3 20 38 43 62 63 73 90 97 99 102 152
54 5 14 41 58 65 72 77 94 97 111 158 174
54 28 50 62 69 71 130 148 164 179 194
54 20 24 38 51 63 116 132 134 179 194
54 21 28 41 73 83 86 88 180 183
54 16 19 36 89 101 116 122 145 155
54 58 65 72 76 143 168 173 191 193
54 48 65 78 103 120 142 180 197
54 11 24 41 49 73 105 166 192
54 49 83 85 100 110 153 187 192
54 56 73 106 109 138 146 198
54 20 78 94 132 145 153 170
54 27 46 138 146 173 190
55 21 24 51 54 65 66 72 82 110 112 116 134 139 167
55 4 67 76 88 90 91 95 112 129 171 186 193 198
55 30 33 50 69 85 116 139 157 160 180 190
55 24 51 173 180 183
56 5 21 41 45 54 65 72 75 103 111 136 139 148 174 181 183 190
56 4 10 17 22 27 32 47 56 120 123 133 157 169 177 180 184 196
56 40 70 87 98 112 115 135 140 142 145 168 178 180
56 25 50 60 64 67 74 75 103 145 182 197
56 0 36 40 45 57 92 93 103 147 150 151
56 0 30 31 34 48 64 87 129 132 153
56 25 30 48 81 133 160 163 175 178 188
56 36 40 88 90 99 112 120 138 150 162
56 59 83 96 124 131 155 180 194 199
56 2 52 84 86 100 104 127 128 131
56 37 64 101 118 140 145 170
56 88 93 107 141 166 170
56 26 29 32 87
57 23 49 71 75 78 116 130 141 151 163 189 195 199
57 31 39 40 42 44 75 76 134 139 141 145 176
57 2 5 35 56 64 78 97 115 128 144 170 176
57 4 5 13 86 92 107 122 126 127 141 145 176
57 2 14 27 36 59 63 90 129 137 178 190
57 4 29 61 92 125 131 155 158 168 186 188
57 20 26 74 79 133 139 146 150 175 178
57 34 39 50 68 81 99 119 156 186
57 118 137 150 172
57 21 101 109 137
58 1 11 13 16 20 21 30 36 40 66 70 71 76 90 93 109 115 160 185
58 8 14 46 67 69 105 116 144 161 174 175 180 193
58 35 75 96 104 114 123 141 159 172 184
58 8 40 60 62 70 87 106 127 183 194
58 37 62 64 71 86 154 161 182 190 191
58 8 10 20 26 52 77 96 102 122 135
58 13 21 35 87 92 152 173 191 193 198
58 7 19 43 49 72 106 130 136 171 181
58 38 62 89 97 109 123 133 188 197
58 42 47 54 87 133 150 165 169
58 23 24 35 38 52 64 121 124
58 3 23 58 73 130 147
59 10 19 25 44 79 86 88 101 127 146 167 175 179 197 199
59 30 40 46 96 108 113 126 132 134 136 139 155 169
59 10 40 52 55 56 92 106 124 164 173 178 183 186
59 19 32 45 59 95 108 117 120 145 159 167 180
59 11 16 27 28 49 51 80 81 82 130 133 170
59 0 3 8 35 37 54 64 84 115 138 161
59 10 14 31 53 95 99 103 120 171 179 183
59 66 72 76 89 104 108 117 118 145 174 192
59 14 25 45 51 62 72 116 125 141 167
59 17 19 65 72 91 92 169 187 198
59 23 25 41 47 50 90 160 163 166
59 5 101 103 115 126 134 160 187 198
59 36 47 71 99 103 120 183 193
59 104 127 130 139 163 189 195
59 11 20 41 80 188 193
59 8 32 37 55 197
60 5 30 37 46 60 73 77 79 110 136 139 166 167 176 195
60 27 31 38 59 65 103 124 130 140 142 160 170 176 191
60 40 48 51 64 68 79 80 112 140 141 150 157 166 195
60 3 49 54 56 61 63 67 70 99 119 183 188 199
60 0 8 13 41 42 73 120 124 131 151 164 177 187
60 30 50 54 68 88 119 125 131 144 158 185 197
60 19 29 40 55 61 87 122 134 137 149 152 169
60 14 22 66 68 69 88 130 137 162 174 192
60 1 28 77 94 144 152 154 158 185 193
61 7 9 37 56 66 76 83 95 110 118 170
61 7 37 42 58 106 119 124 128 135 159 186
61 17 25 58 68 75 87 103 114 140 159
61 4 37 78 87 98 108 124 131 152 170
61 30 47 81 85 98 110 120 177 185
61 10 36 40 49 66 90 103 157 164
61 10 17 25 27 77 120
62 21 43 51 64 67 84 97 104 105 113 175 182 185
62 17 26 30 68 80 81 111 127 149 186 193
62 40 74 80 107 122 123 148 179 182 187
62 7 27 60 61 82 144 149 163 180 184
62 20 39 40 65 70 83 93 107 168
62 4 114 121 132 146 178 188 191 198
62 7 57 94 148 174 185
63 11 25 32 41 50 65 94 111 120 125 127 177 182 188 190 194 199
63 33 41 62 72 85 95 112 114 126 137 145 158 182
63 2 4 62 73 91 104 166 167 176 182 190
63 9 11 50 52 56 71 83 112 143 166 198
63 14 15 78 111 138 159 166 187 191
63 10 50 51 68 80 122 165 169 174
63 15 37 60 93 120 148 189
63 12 29 92 106 195
63 11 69 73 125 180
64 6 9 46 50 60 72 80 100 116 122 141 180
64 1 7 14 23 56 66 98 131 186 197
64 5 16 21 22 93 102 128 140 155 168
64 36 64 96 99 121 145 172 183 191
64 53 96 98 129 144 156 165 198
64 4 7 23 51 96 125 192
64 102 107 115 128 146 174
64 19 34 119 174 192 193
64 64 121
65 11 15 23 44 45 49 67 68 75 79 149 150 165 180 186 196
65 3 22 33 40 46 85 98 110 122 125 135 136 153 168
65 11 27 37 49 50 59 104 105 116 135 170 174 176
65 0 16 20 21 23 30 34 82 90 91 161 162 198
65 1 17 20 65 97 106 123 141 176 181 188 197
65 23 58 77 107 121 129 133 143 157 177 187
65 6 33 71 88 122 130 155 163 194
65 52 64 91 149 164 171 184 187 194
65 22 41 127 148 153 167 184 190
65 30 75 145 148 170 187
65 54 59 75 122 160
66 19 50 64 65 75 77 82 86 93 126 132 164 169 199
66 17 20 54 113 132 144 157 167 178 181 189 195
66 11 28 31 48 52 57 78 87 100 119 147 173
66 3 20 21 23 33 54 67 87 125 169 187 191
66 3 21 57 72 100 121 148 170 175 176 199
66 20 24 30 37 73 118 137 164 176 185 189
66 20 43 57 84 94 97 125 145 157 162 173
66 5 27 30 45 51 55 69 102 129 179 196
66 21 30 72 76 121 134 164
66 77 85 86 124 160 161
67 0 4 19 34 52 63 99 109 111 116 134 168 186 197 199
67 14 19 21 28 41 42 62 82 119 140 154 177 183
67 17 32 36 76 82 106 114 119 123 126 174 194
67 15 43 55 69 77 94 101 118 125 160 176
67 52 85 86 90 107 127 150 153 159 187
67 14 52 88 117 124 140 153 161 178
67 27 50 77 78 115 146 150 161 185
68 22 35 57 76 77 100 128 129 167 171 182 196
68 10 28 42 68 85 115 128 133 164 175 183
68 0 17 19 24 43 120 155 172 187 192
68 10 15 19 50 61 62 66 151 172
68 51 65 77 103 116 130 137 172
68 21 49 79 97 145 148 153 182
68 0 50 56 67 103 196
69 34 47 58 59 67 74 83 97 99 102 150 171 172 187 191
69 15 21 28 30 37 38 47 65 83 84 113 125 182 190 195
69 10 12 28 32 53 121 129 140 144 151 164 174 178
69 55 61 85 87 91 99 115 123 124 129 154 163 194
69 1 11 32 56 66 71 72 93 121 129 150 155 170
69 7 55 71 98 121 131 151 176 178 181 198
69 6 53 54 55 125 144 153 155 194 196
69 4 63 72 85 96 100 119 149 151 198
69 61 71 73 98 114 123 137 180 182
69 20 36 95 98 130 141 186 189
69 14 44 58 102 139 149 172
69 15 36 50 75 135 143
69 37 40 57 92 119 168
70 1 2 18 32 50 51 56 64 109 122 138 148 171 173 179 189 191
70 14 39 63 71 78 81 113 122 171 180 191 193
70 1 8 13 47 53 72 154 158 178 188 199
70 9 49 77 117 126 132 138 143 152 161 163
70 12 22 40 41 45 75 118 124 158 168
70 0 72 75 90 136 154 160 175 187 189
70 13 50 95 98 134 148 166 171 174 199
70 35 43 59 68 84 110 134 167
70 35 49 51 73 136 150 176
70 41 90 99 102 146 192 197
70 8 35 41 117 193 198
71 42 46 48 52 57 64 68 122 135 144 147 152 156 157 167 170 175 177
71 1 10 23 25 27 31 35 38 44 81 139 156 164 172 178 183
71 12 41 42 43 56 74 90 94 117 130 136 145 158 164 195
71 4 9 13 28 50 103 126 155 159 165 189 196
71 9 20 71 77 95 143 144 155 174 180
71 7 29 31 38 105 109 121 136 172 186
71 6 24 25 30 52 127 165 182 185 195
71 2 14 44 68 82 98 124 143 172
71 9 81 108 113 122 126 159 181 191
71 70 73 97 123 134 135 141 163 168
71 25 26 62 66 72 129 149 151 186
71 29 37 58 61 92 103 115 132
71 5 36 89 121 123 140 190
72 48 77 80 92 101 118 134 138 144 149 153 162 173
72 1 8 55 62 67 81 96 101 130 147 166 194
72 0 17 34 38 48 68 70 120 151 152 159 164
72 0 8 21 38 85 92 101 110 114 115 155 170
72 23 36 39 43 82 131 133 141 165 188 194
72 19 59 69 90 92 106 136 148 159 168
72 42 73 82 93 130 153 178 195
72 8 17 32 36 40 45 78 134
72 25 81 110 127 141 179 194
73 20 23 28 31 69 92 105 117 126 145 160 186
73 21 31 59 74 89 121 132 133 141 165 187
73 7 12 23 32 37 102 103 136 159 185 192
73 7 18 21 26 32 67 69 81 135 198
73 14 20 30 45 51 86 109 178 192
73 82 121 171 176 184 191 192
73 35 58 102 130 187
74 22 25 35 38 39 57 88 91 107 113 118 148 153 156 160
74 0 2 5 24 38 59 101 124 145 147 190
74 10 26 37 40 48 49 52 81 108 186 189
74 7 15 44 81 91 103 112 141 153 185 188
74 8 25 33 56 58 60 74 77 130 167
74 42 68 83 93 97 112 113 118 144 168
74 25 46 49 67 88 90 100 111 152
74 24 34 58 69 91 164 173 174 186
74 11 31 81 102 108 115 181
74 80 93 106 124 146 160
75 7 23 64 83 108 109 151 161 163 176 193 198
75 1 6 13 27 28 32 35 51 84 139 176
75 5 9 74 83 85 89 118 147 155 193
75 19 28 38 87 116 120 138 170 174
76 14 17 20 34 35 48 64 71 79 96 105 110 121 146 168 185 189
76 8 16 17 20 24 25 38 55 61 82 88 93 122 150 188
76 0 25 45 105 109 114 123 142 144 145 183 189 196 197
76 40 42 47 60 71 73 104 131 140 169 176 186 189 195
76 55 91 104 119 120 140 147 168 172 189 193
76 17 20 40 111 112 118 120 150 159 165 199
76 11 49 61 66 71 126 163 170 192
76 4 15 20 31 140 143 156 164 177
76 39 53 84 87 96 131 152 164 188
76 66 70 74 104 114 118 147 166 185
76 88 102 117 121 133 141 163 174 184
76 18 30 32 43 108 162 164 181
76 27 57 103 137 170 171 181
76 18 19 88 134 136 188
76 52 134 149 154 177
76 53 83 86
77 22 37 58 66 67 102 104 114 121 134 136 152 156 176
77 33 40 58 75 79 86 98 132 135 157 159 168 184
77 63 73 87 91 97 120 131 137 144 160 198
77 14 16 21 24 60 77 109 110 113 154 161
77 6 42 45 52 65 66 78 106 140 179 192
77 3 23 28 31 62 66 113 166 170 182
77 2 33 34 49 62 69 95 98 181 192
77 29 34 66 83 104 121 135 177 178
77 0 81 88 112 129 154 164 166
77 0 1 5 47 129 141 181 185
77 13 19 23 29 91 111 184
77 2 32 53 54 80 156 158
77 5 26 49 69 174
77 4 78 98 146 192
78 46 63 74 87 89 92 95 99 118 141 170 172 188 193
78 5 28 35 52 55 67 81 107 117 181 189 190
78 7 44 45 52 53 72 104 155 160 166 187 190
78 18 30 31 38 49 63 177 178 180
78 56 74 77 115 125 156 159 161 196
78 83 94 115 143 145 154 176 193
78 57 70 86 87 119 123 138 193
78 32 43 77 79 103 113 142
79 0 11 27 29 46 49 60 64 65 80 131 150 154 175 179
79 16 31 48 51 62 66 94 99 103 128 148 179 190
79 3 14 19 49 57 61 86 96 110 117 142 176 182
79 4 31 51 92 99 112 127 198 199
79 16 20 58 77 138 151 181 191
79 3 62 82 83 112 125 183 198
79 59 68 70 106 113 127 180
79 40 48 89 113 119 174 183
79 8 33 49 148 185 189
80 4 20 36 39 59 63 68 71 77 111 168 180
80 19 49 76 95 127 128 143 156 167 190 197
80 0 8 32 40 81 107 109 154 164 180
80 46 60 74 118 125 144 151 156 172 199
80 33 54 85 105 124 156 166 171 172 176
80 31 39 59 68 101 106 155 163 182 183
80 27 28 41 47 64 100 109 152 160
80 9 67 121 144 152 154 157 173 179
80 14 60 83 84 103 153 191 196
80 38 75 94 134 164 171 172 183
80 0 2 8 14 121 168
81 6 27 34 36 41 43 52 60 94 95 98 134 149 164 180 188 193
81 4 14 17 25 50 51 54 68 91 93 102 104 105 142 167 196
81 15 32 52 55 59 70 75 80 84 92 97 144 161 183 195
81 11 23 53 82 87 99 100 127 144 151 154 185
81 4 14 51 60 80 144 152 166 173 187 188
81 10 21 43 50 81 113 134 140 183 192 198
81 2 4 38 55 65 89 131 162 164 173 180
81 9 27 38 47 74 83 100 140 151 154 167
81 28 31 76 86 119 150 157 164 172 177 191
81 15 57 61 67 90 163 181 185 191 198
81 3 42 88 93 111 138 159 167 197
81 0 26 46 81 86 99 148 193 197
81 17 31 71 77 102 137 149 180 188
81 35 36 47 57 85 119 145 168
81 42 70 76 127 153 184 185
81 10 29 74 76 97 192 194
82 26 35 64 68 73 74 84 88 109 118 128 133 148 176 196
82 0 26 49 59 63 78 98 124 127 129 139 151 180 192
82 8 10 23 55 61 77 120 122 147 166 181 194 198
82 42 44 62 64 78 128 153 163 169 175 186
82 25 55 63 68 103 111 123 130 169 180
82 21 41 66 127 145 149 162 163
82 24 32 44 47 73 109 122 199
82 4 62 109 125 159 174
83 11 15 24 29 47 60 72 75 115 116 142 156 163 174 180 187
83 4 7 33 37 57 66 91 95 107 132 142 151 155 168 178 180
83 25 32 44 46 52 76 102 109 151 152 159 181 191
83 9 44 86 88 95 110 123 124 142 169 194
83 42 99 103 116 143 159 162 180 184 195 198
83 1 19 42 70 83 99 114 123 136 163 189
83 6 46 49 86 93 107 111 144 186 198
83 17 41 43 51 101 107 127 157 198
83 2 18 55 62 65 115 168 182
83 9 28 53 54 90 91 103 149
83 21 32 50 57 86 130 184
83 2 24 79 114 148 198
83 70 90 172 187
84 0 6 21 28 45 78 90 102 113 123 139 141 154
84 16 32 55 73 77 82 90 118 124 133 148 175 176
84 24 45 63 76 177 192
85 14 21 51 52 91 98 100 101 112 116 124 138 153 157 158 192 194 195
85 18 31 54 102 104 113 116 149 157 167 181 186 187 194
85 4 11 21 28 38 72 79 87 88 95 103 105 173 191
85 20 32 42 62 76 77 109 129 133 138 195
85 0 4 17 22 39 41 70 122 184
85 48 88 120 143 180 181 191 193 197
85 45 95 99 119 137 149 170
86 6 19 29 51 55 64 67 74 85 107 129 135 145
86 36 37 38 53 69 87 110 126 161 170 179 185
86 5 19 45 58 62 69 94 124 141 157 171 195
86 5 8 36 51 59 64 92 121 122 149 168
86 12 16 31 45 51 88 117 156 171 174
86 7 12 35 70 88 146 147 152 169 189
86 8 32 44 72 93 95 103 129 185
86 32 42 44 69 86 93 160 180 198
86 16 45 82 87 115 132 139 144 146
86 24 38 61 89 91 112 135
86 3 88 100 148 169 182
87 10 12 21 56 85 93 99 151 154 162 182 184 192
87 22 49 66 78 91 92 128 171 186 192 198
87 6 32 69 75 91 100 110 115 177 182
87 14 17 21 39 69 113 114 128 135
87 34 45 47 66 95 131 156 188
87 54 64 77 101 111 143 153
87 9 10 24 32 144 147 150
87 51 103 135 160 170 198
87 8 64 73 81 113 114
87 7 91 153
88 57 69 87 113 117 123 133 136 157 158 184
88 24 42 94 96 143 145 148 166 168 186 189
88 10 35 55 71 99 109 134 169 175 190
88 12 27 32 47 68 81 105 109 127 184
88 8 25 102 108 136 142 169 178
88 14 84 127 146 182 193 198
88 24 112 123 136 159 162
89 1 6 7 58 75 104 108 138 142 144 145 150 177 180 181
89 42 58 69 73 84 97 120 136 162 172 184 195
89 1 7 22 30 44 52 69 81 112 117 136 138
89 17 51 55 83 96 108 129 137 145 147 193
89 36 47 63 64 86 89 99 102 112 124 129
89 14 93 111 119 124 129 195
89 39 51 83 99 114 116 145
89 8 54 64 70 88 116
90 8 42 49 69 74 76 77 82 88 98 111 158 171 185
90 1 5 11 44 64 71 118 122 147 168 178 198
90 20 32 41 47 49 62 76 77 88 91 157 160
90 4 18 39 50 80 129 143 154 165 191
90 18 37 41 84 104 124 155 168 171 192
90 5 27 54 77 125 131 173 189 199
90 9 22 33 43 108 111 113 165 174
90 0 11 15 46 50 158 163 186
90 16 58 68 72 143 184 186
90 10 56 94 96 129 174 188
91 0 19 23 51 58 69 83 90 92 93 107 130 159
91 2 31 34 40 48 91 92 114 148 161 162 184
91 27 40 43 91 104 116 119 120 126 137 189 194
91 7 13 29 63 112 126 131 156 161 163 178
91 2 5 61 65 93 101 107 160 168
91 11 34 62 66 97 114 116 163 178
91 4 39 47 95 154 178 179 192
91 2 78 113 130 131 132 138 139
91 29 69 136 140 160 182
91 2 7 38 54 172 193
92 9 36 67 87 101 102 107 112 120 146 162 164 198
92 2 5 25 34 55 61 92 98 118 126 155 169 194
92 0 27 37 49 61 73 107 131 132 154 176 193 195
92 2 28 126 152 161 164 167 180 190
92 0 10 19 29 96 110 168 172
92 9 17 27 55 108 138 177 198
92 18 29 69 74 88 153 173 176
92 67 76 109 116 132 155 184
92 22 23 60 70 73 86 96
92 21 28 37 72 105 122
93 45 47 53 58 69 73 78 101 107 118 138 185 189
93 15 22 43 83 113 124 139 145 146 155 170 190
93 20 37 67 74 89 101 121 135 150 168 193
93 31 52 75 78 84 163 167 182 188 193
93 3 13 23 29 91 121 151 174 197
93 10 20 35 77 80 111 136 173 176
93 8 25 63 92 113 114 132 133
93 12 16 31 69 76 120 196 199
93 15 25 31 51 94 142 188 190
93 36 69 101 114 116 156 165
93 60 134 135 155 168 188
94 11 22 62 67 78 94 107 133 153 157 158 160 174 175
94 14 47 71 97 104 116 140 148 154 163 167 175 190
94 15 48 50 79 82 91 97 111 120 122 160 195
94 4 6 8 10 16 32 61 79 148 168 186 192
94 21 25 27 83 125 128 133 142 150 154 157 190
94 2 3 50 64 76 119 120 124 131 138 178
94 12 21 37 51 91 95 120 147 163 177 196
94 12 105 128 133 135 150 160 180 195 197
94 2 78 84 93 111 155 174 175 185
94 8 62 69 83 92 108 156 173 175
94 2 5 21 29 59 70 86 122 148
94 74 77 78 87 108 109 117 140 169
94 5 33 50 52 92 104 117 128
94 36 45 75 108 159 168 183
94 17 25 78 83 86 167
94 31 39 99 111 150 194
95 10 32 49 62 66 103 105 114 122 132 133 140 143 162 176 190
95 47 52 53 69 104 108 110 114 117 123 124 159 188
95 3 25 42 50 67 87 89 100 147 171 180
95 4 5 17 30 49 91 102 124 192
95 9 22 82 98 110 147 167 176 179
95 4 19 92 114 133 139 170 183
95 26 27 90 99 107 116
95 17 32 101 144
96 15 18 34 35 43 63 96 110 120 134 156 195
96 14 17 21 96 99 104 124 138 140 178 182
96 70 84 111 112 129 140 145 152 166 169 172
96 3 26 65 88 122 160 162 172 181 184 194
96 5 40 42 45 75 86 100 129 161
96 3 6 52 57 87 119 177
96 18 67 90 105 109 132 192
96 5 27 78 81 195 199
96 42 50 80 97 172
97 12 39 60 80 83 92 98 101 128 129 131 140 148 187 189
97 1 27 41 69 105 120 145 148 151 152 182 185 189 196
97 7 19 34 38 44 47 58 87 108 114 115 139 189 195
97 3 9 23 43 93 109 130 133 144 150 167 179 180
97 5 13 71 83 90 106 142 149 154 172 193
97 2 61 84 128 146 147 157 162 187
97 33 54 62 98 120 137 149 150
97 23 88 99 101 107 125 139 197
97 42 63 65 75 96 125 139
97 35 56 110 173 175 193
97 88 97 122 129 132 161
97 14 21 62 108 130 199
97 0 9 71 162 178
97 4 48 84 131 140
97 62 143 147 182
98 29 37 69 77 109 116 117 138 141 156 164
98 4 5 16 55 72 80 97 140 150 151
98 37 50 82 108 127 157 174 181 193 195
98 9 16 22 28 53 54 59 81 115 162
98 13 60 71 99 107 118 157 162 191
98 1 21 43 67 93 169 181 186
98 93 119 150 161 175 182 188 195
98 12 23 40 68 74 128 168 198
98 2 5 32 68 124 174
98 7 20 48 57 69 188
98 41 132 155
99 7 16 28 55 59 107 122 155 161 176 184 191
99 27 28 40 76 124 145 151 161 164 174 183 187
99 23 30 32 47 58 134 150 159 184
99 5 60 65 78 91 144 159 197 198
99 5 51 130 138 151 163 181 196
99 59 61 69 80 118 128 161
100 12 19 28 43 63 69 72 91 95 104 142 151 162 167 183 189
100 8 10 18 26 28 43 46 54 96 125 142 148 175 180 199
100 5 11 19 20 29 39 60 101 104 126 135 148 169
100 11 30 38 52 67 100 127 159 162 168 176 178 188
100 3 10 23 30 68 69 91 95 118 121 133 139 173
100 40 44 63 84 102 106 107 118 131 172 176 198
100 26 58 84 96 109 115 121 132 156 165 186
100 19 44 90 102 111 117 131 145 148 164 187
100 16 22 60 97 109 146 149 154 170
100 2 3 8 81 89 120 124 139 184
100 23 40 62 76 158 165 186 196
100 61 68 77 83 96 136 153
100 1 34 52 58 74 171
