200 1000
1 57 77 100 102 186 187
1 46 87 120 175 190
1 47 102 161 190
1 69 87 124 155
1 67 89 156 184
1 30 110 112 173
1 27 96 140
1 102 166 197
1 55 179
2 1 119 149 175
2 30 101 136 141
2 14 27 94
2 143 192
2 64 71
2 38 162
2 82
3 1 3 4 74 104 110 191 196
3 0 6 51 56 127 131 155 187
3 11 35 45 94 145 147 183 190
3 29 39 60 158 169 194
3 8 22 51 89 186
3 6 22 113 163
3 25 137 178 189
3 48 86 140
3 122 157 165
3 40 113 172
3 156 199
3 3 50
4 7 16 34 38 50 96 109
4 16 18 44 53 71 104
4 23 43 70 74 151
4 44 56 92 117 126
4 7 77 86 124 186
4 10 29 61 173
4 106 126 139 179
4 175 188 199
4 63 180 183
4 131 144 147
4 122 147 180
4 31 99
4 21 94
4 153
5 36 38 44 83 105 109 191
5 115 117 123 160 182 188
5 56 73 81 97 148 188
5 25 72 94 96 186
5 24 27 57 116 146
5 13 46 122 160
5 72 73 105 193
5 34 39 65 130
5 109 138 140 148
5 65 137 143
5 129 153 169
5 10 54 192
5 43 110
5 98
5 170
6 43 82 88 124 128 129 152 158 196
6 1 15 48 52 101 135 173
6 61 63 71 152 179 185
6 19 22 159 174 194
6 17 63 99 108 181
6 25 58 64 68 150
6 18 80 145 197
6 15 81 144 177
6 66 67 154 191
6 31 84 142 145
7 7 22 27 104 120 141
7 10 95 105 133 142 145
7 4 37 55 82 134 146
7 39 64 156 171 190
7 61 99 143 169 179
7 20 46 69 91
7 115 192
7 29 194
8 23 49 55 86 195
8 17 75 89 90 191
8 43 80 157 187
8 31 106 154 170
8 100 165 180
8 195
9 42 65 71 115 130 150
9 61 93 147 161 172
9 55 64 66 139
9 80 113 145 178
9 31 110 180 188
9 69 113 118 173
9 107 121 139
9 34 121 178
9 69 195
10 11 18 22 65 100 147
10 44 48 91 129 168
10 25 50 174 188
10 25 84 128 199
10 54 102 140 175
10 180 189
10 48 76
10 31 54
10 92
10 46
11 27 29 34 43 114 130 142 164 179
11 35 76 93 97 105 126 136 149
11 9 10 17 44 53 67 81
11 4 19 86 90 107
11 39 45 112 130 177
11 82 101 106 162 169
11 58 146 161 180 188
11 24 31 39 40 141
11 77 82 122
11 101 148
11 38
12 7 40 79 126 175
12 0 14 44 75 103
12 113 115 132 195
12 19 71 105 119
12 92 128 142 190
12 111 120 138 182
12 36 181 194
12 44 129 185
12 97 125 169
12 196
13 67 72 82 118 145 186 187
13 16 126 129 147 157 172 175
13 4 35 64 66 193 199
13 14 134 136 141 190
13 58 63 132 142 165
13 8 63 112 165
13 12 46 96 123
13 76 116 191
13 55 121 137
13 36 176 193
13 37 98 116
13 47 147 153
13 144 145
13 110 139
14 20 41 42 76 136 156 160
14 83 90 95 144 172 192
14 34 91 100 124 164
14 138 180 191
14 14 91 196
14 166 185
14 17 98
14 43 181
15 52 63 105 114 117 121 146 150
15 15 26 31 156
15 6 42 46 179
15 36 42 52 87
15 42 106 132 183
15 63 87 93 120
15 29 91 160
15 159 199
15 56 57
16 44 80 137 149 151 172 187
16 39 95 121 126 185 197
16 11 18 22 131 132
16 38 122 161 167 175
16 20 58 65 170
16 153 182 197
16 46 137 194
16 39 78 93
16 32 107 129
16 37 187
17 4 11 12 38 66 70 83 88 167 175
17 0 40 131 139 183
17 3 51 63 134 185
17 40 44 56 58 119
17 75 98 114 127 137
17 33 67 176 180
17 133 151 152 187
17 117 158 197
17 144
18 29 38 72 77 117 132 163
18 13 77 125 165 183
18 9 43 53 64 189
18 45 88 131 192
18 57 95 111 151
18 5 50 153 181
18 5 113 135 149
18 26 52 147 149
18 89 127 168
18 127 188
18 161 186
18 13 34
19 1 27 67 188 195
19 8 49 118 134 175
19 89 96 113 167
19 7 82 87 152
19 33 145 160 178
19 94 96 176
19 167 174
19 13 136
20 24 34 137 147 158 186 190
20 61 107 149 181 196
20 131 141 157 165
20 57 110 118
20 45 119 134
20 169 191
20 54 81
20 20 119
21 33 52 87 169 193
21 31 57 86 155
21 12 97 140 187
21 4 19 64 83
21 51 79 93 105
21 142 177 192
21 5 12 97
21 11 23 113
21 112
22 28 36 56 58 123 146 177
22 5 29 77 121 130 136 196
22 23 42 61 115
22 46 73 114 158
22 18 157 178 187
22 63 192 195
22 43 87 167
22 41
22 136
23 3 18 71 106 115 132 158 195
23 49 50 65 82 92 168 196
23 2 6 30 78 122 169 177
23 40 54 112 120 133 170
23 40 80 134 143 147 183
23 6 37 66 163
23 38 110 112 188
23 57 93 95 171
23 18 65 81 128
23 21 103 183 196
23 58 84 131
23 89 117 167
23 90 180
23 37 152
23 69 93
23 52
24 5 12 20 75 83 101 171
24 17 23 63 74 77 90 93
24 29 43 79 121 161 170
24 41 61 89 150
24 1 6 22 171
24 6 60 64 184
24 79 103 152
24 34 36
24 41 103
25 59 64 95 134 167 178
25 23 57 105 114 130 135
25 7 23 34 103 111 158
25 49 71 108 134 162
25 15 61 104 183
25 140 154
25 177 197
26 40 56 66 81 110 184 193
26 26 77 78 160 177
26 28 55 63 74
26 21 47 72 106
26 1 5 35
26 71 76 166
26 18 67 85
26 64 135 186
26 141 156
26 15 173
27 15 38 82 173 188 199
27 75 84 91 137 152 182
27 45 59 126 131 141 193
27 38 52 69 85 93
27 46 148 164 179
27 45 82 145 186
27 10 134
27 99 148
27 67 124
27 54 179
27 0 102
27 48
28 20 50 65 89 124
28 2 25 27 109
28 75 85 111 151
28 11 99 147 173
28 75 97
28 50 145
29 47 134 145 171
29 25 130 142 173
29 13 48 190 196
29 129 132 147
29 50
29 101
30 2 54 70 173 174
30 7 36 48 109 157
30 47 101 115 131 168
30 59 112 147 161 182
30 25 53 142 159
30 4 34 120 175
30 9 98 125
30 12 79 154
31 43 45 53 73 148 163 189
31 50 96 98 104 156 167
31 2 8 60 124 190 198
31 129 133 157
31 152 160
32 21 56 90 94 97 177 195
32 14 15 40 55 66 135
32 19 22 58 65 76
32 23 70 95 108
32 121 155 186 189
32 71 73 97 167
32 34 182
32 24 156
32 113
33 17 28 74 88 118 133 142 157
33 15 17 42 54 73 142
33 90 91 92 107 154
33 0 6 12 35 103
33 100 131 145 156
33 45 133 153 174
33 56 57 101 157
33 54 79 82 113
33 93 94 133
33 190 191
33 183
34 3 54 98 109 156 177 184 192
34 49 58 83 99 114 162 198
34 12 60 66 123 133 156 171
34 0 30 99 167 189 199
34 14 70 96 138 154
34 28 50 103 170
34 82 123 175 183
34 76 87 125 150
34 12 92 183 196
34 83 111 137
34 42 140 197
34 39 60 76
34 11 58 59
34 80 109 152
34 55 59 141
34 57 114 132
34 98 112 167
34 32 103
34 38 86
34 116 129
35 38 121 133 170 174
35 75 162 173 180
35 15 33 143 194
35 3 5 88 99
35 106 176
35 78 91
36 7 9 52 72 95 103 136 149 166 179
36 5 19 31 59 105 121 130
36 16 50 52 76 86 137 164
36 2 29 110 127 151 171
36 8 16 33 70 126
36 11 65 103 193
36 41 61 115 184
36 9 72 134 154
36 148 149 160
36 152 162 166
36 91 150 159
36 14 35 116
36 1 24 132
36 37 73 174
36 87 184
36 72 102
37 15 31 41 49 73 114 121 192
37 55 132 133 138 158 181 194
37 37 44 49 93 101 181 189
37 48 62 107 137 158 176 195
37 4 25 34 70 95 96
37 25 80 87 94 141 176
37 65 96 99 181 188
37 69 92 145 164 184
37 7 39 155 187
37 22 67 134 169
37 49 108 119 122
37 5 33 65 167
37 19 51 68
37 30 32
37 92 99
37 18 176
37 107
38 56 59 62 77 97 116 117 145
38 36 42 61 68 85 125 128
38 35 41 146 166 168 176
38 14 25 157 165 184
38 5 31 76 127
38 0 4 45 81
38 55 79
38 17 183
38 108
39 76 104 163 168 174
39 30 45 93 167 172
39 68 80 99 179
39 183 186 189
39 19 66 146
39 79 162 186
39 7 30 42
39 19 43 52
39 17 30
39 107
40 21 77 109 127 157 195
40 53 78 130 175 178
40 9 78 148 196
40 81 90 191
40 137 175 195
40 72 165
40 61 66
41 41 51 86 88 149 179 186
41 12 69 72 89 102 121 186
41 0 78 106 117 122 194 199
41 3 12 61 77 118 157 164
41 5 57 84 141 190
41 3 46 91 132
41 7 115 195
41 53 93 157
41 0 59 87
41 54 72 116
41 5 87 187
41 73 95
41 136 199
41 81
42 15 25 69 72 83 90 124 150
42 37 74 136 154 156 170 174
42 7 27 29 72 143 181
42 1 20 123 157 181 191
42 79 144 145 161 182 195
42 33 47 53 66 96 165
42 31 86 93 107 109
42 1 40 139 156 169
42 19 71 76 90 154
42 61 62 67 134
42 64 75 79 175
42 16 64 116 150
42 94 124 143
42 6 11 102
42 60 189
42 32 88
42 53
42 0
43 2 14 19 32 36 47 48 120 140 162
43 11 19 35 43 79 102 149
43 73 85 94 106 153 180
43 15 69 83 90 173 186
43 11 45 103 104
43 65 89 165 187
43 8 55 57
43 20 33 150
43 23 147
43 99
44 1 7 18 21 89 113 118 152 163
44 49 110 127 172
44 2 24 97 101
44 3 50 91 99
44 1 19 39 153
44 22 26 116
44 50 97
45 49 80 87 92 109 135 138
45 0 63 66 67 106 139
45 74 79 96 126 148 171
45 21 40 86 134 164
45 14 104 146 168 191
45 9 67 70
45 44 72 82
45 68 71
45 115 128
45 42
46 13 21 40 53 105 144 158 170
46 22 48 52 104 124 181
46 3 33 70 96 108
46 69 72 91 99
46 86 90 112 164
46 55 70 177
46 16 110 144
46 103 108 150
46 35 92 165
46 69 109 147
46 24 56
46 45 91
46 8 154
46 62
47 69 94 108 129 157
47 19 141 179 198
47 6 31 77 115
47 47 151
48 15 52 126 129 139 174 193
48 34 74 82 96 99 167 197
48 42 45 86 89 186 195
48 12 74 118 149 174
48 137 152 163 188 199
48 10 39 89 101 194
48 37 48 179 187
48 23 33 60 89
48 35 55 123
48 9 11 17
48 37 79 164
48 39 107 121
48 0 126 168
48 40 129 180
48 142
48 164
49 157 175 180 195
49 56 60 61 73
49 31 37 87
49 39 48 57
49 33 181
49 97 151
50 59 97 124 132 153 177
50 18 38 72 81 158 178
50 74 107 138 146 195
50 8 96 149 155 186
50 11 41 142 169 188
50 109 112 116 131
50 26 86 185
50 20 33 105
50 101 114
50 30 158
50 2 171
50 92 94
51 23 26 82 113 117 133
51 86 92 132 133 180 187
51 23 55 86 89 181
51 14 17 34 137 168
51 75 84 150 169
51 62 105 125 165
51 30 36 192
51 8 40 54
51 45 72 164
51 54 126 139
51 9 51
51 26 182
51 136 139
52 20 43 68 71 72 100 137 198
52 8 15 16 25 75 98
52 21 75 95 127 164 191
52 33 142 143 148 184
52 20 34 155 165 193
52 30 72 117 119 131
52 17 20 22 122
52 56 77 154
52 50 54 163
53 6 7 10 99 172 181 182 195
53 9 80 104 107 109
53 36 44 93 175 188
53 17 42 44 49 144
53 16 43 49 54
53 14 83 142 147
53 62 78 184
53 3 126
53 61
54 16 32 45 67 86 125 134
54 20 43 63 112 161 165 199
54 63 71 87 162 190
54 89 92 118 140 149
54 44 50 73 174 182
54 29 72 77 171 179
54 77 83 105 107
54 68 96 169 183
54 60 108 109 114
54 70 76 94 161
54 54 77 149 186
54 103 129 189
54 59 166
54 6
55 29 33 82 141 153 159 175
55 25 58 64 187 195
55 11 16 116 152 153
55 16 75 114 157 189
55 11 24 34 51 132
55 14 18 21 182
55 53 137 171 186
55 135 160 191 194
55 54 97 195
55 58 156
56 10 13 17 19 81 102 115 169
56 7 40 64 118 181
56 145 164 165 174
56 29 84 115 127
56 37 79 126 167
56 74 159 173 178
56 111 141 162
56 7 68 80
56 43 59 145
56 13 154
57 28 47 93 119 149 171 194
57 60 112 116 147 155 163
57 26 59 110 163 168 195
57 6 95 104 111 120
57 94 121 162 168 197
57 32 35 161 196
57 66 130 138 144
57 66 153 172
57 30 142 150
57 0 2 186
57 154 180 184
57 57 129 192
58 8 23 40 84 129 196
58 75 82 86 87 118 134
58 31 77 82 102 188
58 122 134 144 152 157
58 23 77 107 135 172
58 29 33 39 148
58 45 72 83 162
58 98 107 189
58 105 110 197
58 39 103
58 87 161
58 86 152
59 17 51 56 69 105 193
59 4 8 89 169 175
59 14 66 67 167 198
59 13 20 35 98 167
59 70 145 149 166 170
59 140 147 196 198
59 11 40 96
59 128 148 160
59 80 130 197
59 126 128 136
59 1 59 101
59 10 177
59 118
59 184
60 14 30 59 80 94 107 143 186
60 54 92 99 122 180
60 16 94 124 197 199
60 19 28 47 107 149
60 67 130 132 180
60 10 94 108
60 50 159 163
60 23 90 183
60 53 91 182
60 1 105
60 15 53
60 55 194
60 46 192
61 25 26 46 73 84 117 126 153
61 10 48 54 55 75 128 137
61 7 13 31 45 60 149
61 7 67 163 181 197
61 36 61 94 110 181
61 4 151 161 182
61 92 148 179 199
61 27 32 91 119
61 22 174 190
61 52 76 87
61 0 45 89
61 28
62 52 74 109 139 169 172 193
62 30 58 94
62 6 77 85
62 24 33 80
62 136 167
62 19 28
62 138 164
62 127
63 21 27 30 35 42 47 102
63 31 71 99 113 119 146 194
63 35 50 62 75 137 170
63 10 55 59 78 189
63 17 81 146 167 196
63 99 103 142 151
63 12 64 121
64 12 55 67 69 82 96 106
64 4 38 66 68 75 133
64 20 57 61 81 145
64 17 19 83 91 146
64 41 44 90 136 197
64 52 70 99 157
64 3 7 86 110
64 22 56 126
64 49 196
65 9 23 150 153 178 181
65 44 92 153 178 182
65 14 17 86 164 197
65 66 76 97 138
65 98 118 143 165
65 54 198
65 77 121
66 49 54 97 98 119 178 183 186 197
66 58 78 104 124 150 161 171 180
66 23 43 65 114 117 161
66 26 126 139 150 152 182
66 19 63 85 118 128
66 1 46 156 180 198
66 51 81 110 147
66 70 172 181
66 47 103 193
66 22 116 183
66 6 93
67 37 38 49 102 105 116 128 154 159
67 40 111 121 145 152 162
67 1 12 32 92 142 163
67 34 35 110 180 181
67 16 33 68 116 170
67 1 24 59 122 161
67 10 17 36 88 141
67 52 55 76 105
67 46 78 83 132
67 98 118 171 181
67 24 56 164 181
67 17 137 141
67 32 74 127
67 34 111 112
67 50 119 192
67 99 122
67 116 118
67 38 109
68 17 19 38 45 121 192
68 5 17 49 89 169
68 90 101 123 199
68 5 92 119 187
68 7 51 166
68 167 177
69 1 12 41 55 70 99 106
69 63 85 103 190 199
69 76 114 116 180
69 45 153 166
69 70 128 191
69 91 149 193
69 41 100
69 189 196
70 20 97 151 170 187
70 18 40 154 176
70 47 92
70 120
71 2 11 38 98 134 142 146 186
71 52 94 108 135
71 49 51 106 139
71 33 67 151
71 31 115 194
71 28 81 112
71 48 114 187
71 27 45 130
71 100 112
71 131 195
71 56 160
71 32 183
71 12 20
72 38 47 51 59 77 104
72 34 70 94 141 161 169
72 11 49 58 59 129
72 44 85 109 135 181
72 61 96 123 182
72 169 183 187 194
72 59 68 103 199
72 54 65 67 166
72 111 135 139 170
72 56 138
72 109
73 24 43 73 78 146 162 163
73 42 79 107
73 5 161
74 2 46 56 77 133
74 7 71 131 189
74 3 92 108 142
74 59 66 114
74 136
75 79 94 95 106 143 183
75 19 38 45 98 129
75 2 26 36 164
75 27 52 55 73
75 77 105 123 172
75 42 123 155 158
75 1 153 193
75 68 71 199
75 58 133 177
75 34 50 167
75 11 62
75 38 99
76 8 46 165 170 171 177
76 73 115 118 123 163
76 71 87 154 161 172
76 9 103 120 178
76 5 75 136
76 80 148 191
76 26 44 198
76 7 59 111
76 65
77 26 115 117 118 138 183
77 7 72 94 126 171 199
77 10 55 85 95 131 138
77 7 9 37 156 199
77 23 49 104 146
77 64 93 99
77 39 42 98
77 42 64
77 139 164
78 96 101 109 130 166 188
78 39 51 57 103 178
78 51 96 164 193
78 88 90 93 181
78 94 108 119 152
78 23 80 161 167
78 70 134
79 2 11 175 182 194
79 47 81 172 180
79 109 127 151 190
79 13 14 51 62
79 42 58 70
79 81 86 165
79 30 44 186
79 149 154
79 6 77
80 50 74 76 113 194
80 44 52 65 133
80 6 72 150 165
80 48 140 168 182
80 4 6 73 179
80 18 53 63 183
80 7 15 194
80 11 27 119
80 70 158
81 22 26 34 38 90 163 177 185 198
81 26 153 174 198
81 111 118 144
81 89 129 180
81 164 170 177
81 18 124 150
81 13 177
81 33 55
81 23 112
81 120
82 118 152 177 196
82 61 62 119 175
82 13 25 47 108
82 14 32 146
82 65 85 100
82 131 159
82 101 162
83 20 46 72 102 187
83 18 34 59 77 154
83 18 63 68 95 128
83 21 34 70 164
83 56 116 133 184
83 11 128 169
83 33 82 155
83 92 142 143
83 82 95 152
83 29 122
83 145 186
83 93
84 26 39 53 62 67 186 188
84 13 43 50 168 196
84 53 152 154 199
84 65 69 173
84 84 96 146
85 20 29 43 51 52 76 117
85 16 34 73 106 169
85 52 75 91 123 184
85 12 41 46 77 136
85 0 1 20 162
85 87 89 95 104
85 96 99 112 117
85 9 38 64
85 123 126 159
85 41 161
85 122 151
85 46
86 9 14 54 64 70 83 90 182
86 25 78 106 131 153 164
86 14 26 59 97 138
86 0 25 139 194 197
86 7 50 59 82 143
86 19 115 116 138 189
86 53 55 170
86 96 163 189
86 29 30 57
86 22 72
87 4 39 51 125 133 134 182 191
87 16 37 63 74 98 102 112
87 7 19 69 113 155 174
87 32 49 56 77 98 144
87 6 59 104 139 144 172
87 11 14 56 58 69 87
87 68 83 87 138 157
87 10 73 143 186
87 76 95 116 146
87 9 11 92 120
87 23 115 130
87 91 107 177
87 9 109 179
87 67 143
88 70 96 137 144 146 151 178
88 9 82 106 190
88 23 44 184 194
88 97 129 169
88 6 27 151
88 20 115 146
88 93 160
88 110 177
89 8 69 84 101 123 155 192
89 17 46 56 71 167 191
89 4 17 26 80 148 149
89 22 56 82 146 174
89 36 147 169 187
89 45 107 137 159
89 23 130
89 32 152
89 99
90 32 37 68 109 116 148 183
90 12 83 131 136 199
90 8 41 83 91 119
90 89 109 117 151 182
90 43 70 140
90 23 150 179
91 31 61 138 155
91 27 31 74 151
91 61 78 150
91 84 155 165
91 74 181 190
91 30 166 175
91 16 27 28
91 51 175
91 50 98
92 6 34 53 68 72 81
92 15 79 83 112 126 191
92 5 7 135 143 146
92 78 105 106 141 185
92 74 107 153 160
92 134 135 155 185
92 5 55 121 166
92 28 85 90 195
92 50 52 168
92 77 155 197
92 59 60
92 18 174
93 3 48 84 128 141 166 181
93 34 74 91 115 123 146 187
93 63 68 90 139 157
93 2 36 65 71 161
93 78 95 122 134 143
93 117 154 168 174
93 84 114 156 162
93 66 78 82 166
93 107 116
93 14
94 22 42 106 114 131 177 179
94 36 47 102 115 168
94 11 40 118 135 139
94 104 108 116 125 198
94 46 85 106 194
94 0 56 79 185
94 18 116 179 184
94 41 55 122 168
94 12 99 192
94 8 38 125
94 38 41 131
94 115 123
94 130 157
94 17 170
94 68
95 69 91 115 146 150 198
95 42 55 67 91 135 155
95 36 65 138 146 163 196
95 1 57 82 177 184
95 35 113 151 160 163
95 4 58 111 146 154
95 1 7 16 37 61
95 12 45 147 150
95 46 87 125
95 109 161 170
95 113 179 183
96 20 28 113 119 122
96 2 92 94 175 187
96 43 67 86 131 169
96 9 54 105 112
96 34 60 79 106
96 108 155 165 172
96 112 127 187
96 13 102
96 18 59
96 46 86
96 3 54
96 39
97 27 51 63 77 86 108 174
97 52 91 106 124 127 165
97 0 18 57 107 115 191
97 15 67 69 129 156 186
97 60 82 124 141 150
97 49 84 150 157
97 123 193
98 2 11 49 53 86 123 178
98 7 28 68 79 108 147 165
98 44 47 73 126 129 140
98 26 71 125 141 199
98 78 137 138
98 140 146 155
98 68 185
99 6 25 47 59 100 109 189
99 15 21 61 67 155
99 19 167 171 176
99 56 76 188 198
99 47 54 81 141
99 3 9 117
99 181 197
99 107 179
99 28 113
99 49 186
99 12
100 4 18 58 80 93 117 122 190 196
100 53 91 121 129 141 194 195
100 32 56 70 74 85 121 197
100 9 32 49 124 139 170 196
100 7 34 102 104 113 145
100 38 101 115 164 169
100 65 71 180
100 9 67 134
