240 192
1 0 1 3 6 10
1 0 2 4 7 11
1 0 15 16 18 21
1 0 25 26 28 31
1 1 2 5 8 12
1 1 15 17 19 22
1 1 41 42 44 47
1 2 25 27 29 32
1 2 41 43 45 48
1 15 25 35 36 38
1 15 41 51 52 54
1 25 41 57 58 60
1 3 4 5 9 13
1 3 16 17 20 23
1 3 66 67 69 72
1 4 26 27 30 33
1 4 66 68 70 73
1 16 26 35 37 39
1 16 66 76 77 79
1 26 66 82 83 85
1 5 42 43 46 49
1 5 67 68 71 74
1 17 42 51 53 55
1 17 67 76 78 80
1 42 67 91 92 94
1 27 43 57 59 61
1 27 68 82 84 86
1 43 68 91 93 95
1 35 51 57 63 64
1 35 76 82 88 89
1 51 76 91 97 98
1 57 82 91 100 101
1 6 7 8 9 14
1 6 18 19 20 24
1 6 104 105 107 110
1 7 28 29 30 34
1 7 104 106 108 111
1 18 28 36 37 40
1 18 104 114 115 117
1 28 104 120 121 123
1 8 44 45 46 50
1 8 105 106 109 112
1 19 44 52 53 56
1 19 105 114 116 118
1 44 105 129 130 132
1 29 45 58 59 62
1 29 106 120 122 124
1 45 106 129 131 133
1 36 52 58 63 65
1 36 114 120 126 127
1 52 114 129 135 136
1 58 120 129 138 139
1 9 69 70 71 75
1 9 107 108 109 113
1 20 69 77 78 81
1 20 107 115 116 119
1 69 107 142 143 145
1 30 70 83 84 87
1 30 108 121 122 125
1 70 108 142 144 146
1 37 77 83 88 90
1 37 115 121 126 128
1 77 115 142 148 149
1 83 121 142 151 152
1 46 71 92 93 96
1 46 109 130 131 134
1 71 109 143 144 147
1 53 78 92 97 99
1 53 116 130 135 137
1 78 116 143 148 150
1 92 130 143 155 156
1 59 84 93 100 102
1 59 122 131 138 140
1 84 122 144 151 153
1 93 131 144 155 157
1 63 88 97 100 103
1 63 126 135 138 141
1 88 126 148 151 154
1 97 135 148 155 158
1 100 138 151 155 159
1 10 11 12 13 14
1 10 21 22 23 24
1 10 160 161 163 166
1 11 31 32 33 34
1 11 160 162 164 167
1 21 31 38 39 40
1 21 160 170 171 173
1 31 160 176 177 179
1 12 47 48 49 50
1 12 161 162 165 168
1 22 47 54 55 56
1 22 161 170 172 174
1 47 161 185 186 188
1 32 48 60 61 62
1 32 162 176 178 180
1 48 162 185 187 189
1 38 54 60 64 65
1 38 170 176 182 183
1 54 170 185 191 192
1 60 176 185 194 195
1 13 72 73 74 75
1 13 163 164 165 169
1 23 72 79 80 81
1 23 163 171 172 175
1 72 163 198 199 201
1 33 73 85 86 87
1 33 164 177 178 181
1 73 164 198 200 202
1 39 79 85 89 90
1 39 171 177 182 184
1 79 171 198 204 205
1 85 177 198 207 208
1 49 74 94 95 96
1 49 165 186 187 190
1 74 165 199 200 203
1 55 80 94 98 99
1 55 172 186 191 193
1 80 172 199 204 206
1 94 186 199 211 212
1 61 86 95 101 102
1 61 178 187 194 196
1 86 178 200 207 209
1 95 187 200 211 213
1 64 89 98 101 103
1 64 182 191 194 197
1 89 182 204 207 210
1 98 191 204 211 214
1 101 194 207 211 215
1 14 110 111 112 113
1 14 166 167 168 169
1 24 110 117 118 119
1 24 166 173 174 175
1 110 166 216 217 219
1 34 111 123 124 125
1 34 167 179 180 181
1 111 167 216 218 220
1 40 117 123 127 128
1 40 173 179 183 184
1 117 173 216 222 223
1 123 179 216 225 226
1 50 112 132 133 134
1 50 168 188 189 190
1 112 168 217 218 221
1 56 118 132 136 137
1 56 174 188 192 193
1 118 174 217 222 224
1 132 188 217 229 230
1 62 124 133 139 140
1 62 180 189 195 196
1 124 180 218 225 227
1 133 189 218 229 231
1 65 127 136 139 141
1 65 183 192 195 197
1 127 183 222 225 228
1 136 192 222 229 232
1 139 195 225 229 233
1 75 113 145 146 147
1 75 169 201 202 203
1 113 169 219 220 221
1 81 119 145 149 150
1 81 175 201 205 206
1 119 175 219 223 224
1 145 201 219 234 235
1 87 125 146 152 153
1 87 181 202 208 209
1 125 181 220 226 227
1 146 202 220 234 236
1 90 128 149 152 154
1 90 184 205 208 210
1 128 184 223 226 228
1 149 205 223 234 237
1 152 208 226 234 238
1 96 134 147 156 157
1 96 190 203 212 213
1 134 190 221 230 231
1 147 203 221 235 236
1 99 137 150 156 158
1 99 193 206 212 214
1 137 193 224 230 232
1 150 206 224 235 237
1 156 212 230 235 239
1 102 140 153 157 159
1 102 196 209 213 215
1 140 196 227 231 233
1 153 209 227 236 238
1 157 213 231 236 239
1 103 141 154 158 159
1 103 197 210 214 215
1 141 197 228 232 233
1 154 210 228 237 238
1 158 214 232 237 239
1 159 215 233 238 239
