200 1000
1 98 114 118 126 163 168 183 190
1 43 74 88 130 147 169
1 68 76 82 136
1 40 142 161
1 5 168 189
1 12 49 157
1 4 81 148
1 58 159 166
1 84 86
2 28 35 126 174 191 195
2 28 99 139 155 166
2 17 112 124 127 133
2 43 83 179 198
2 51 147 180
2 89 119
2 15 139
2 46
3 15 30 67 81 96 149 154 157
3 13 78 107 147 150 168
3 5 8 14 142 148 165
3 0 73 136 148 165
3 11 20 67 73 120
3 90 174 180 186
3 53 144 157 162
3 1 74 103 116
3 35 107 109 184
3 14 70 194 196
3 44 50 101
3 59 188
3 9 121
4 10 51 68 86 108 165 198
4 17 33 51 178 187
4 7 16 159 170
4 63 72 140 180
4 148 178 184
5 12 20 46 155 160 165
5 84 85 130 131 141 163
5 5 37 65 139 162 181
5 36 105 139 168 179
5 143 149 168 187 193
5 42 47 140
5 70 136 149
5 126 159
5 72
6 10 97 111 138 142 151 156
6 16 88 115 137 180 181 189
6 24 153 156 182 199
6 25 27 111 198 199
6 23 48 94 100
6 18 72 97 137
6 2 4 19 199
6 23 55 137
6 23 69 166
6 98 135
7 76 110 114 134 142 158 185 192
7 53 79 106 109 133 157 175
7 3 65 76 135 145 170
7 57 58 71 120 181
7 97 101 115 160 172
7 62 131 176 194
7 12 103 106 199
7 61 151 185 198
7 36 55 81 88
7 23 57 85 89
7 46 77 131 158
7 5 51 56
8 17 35 51 55 64 70 99 155 162 164 170
8 0 40 81 83 108 172 178
8 46 48 54 113 120
8 86 125 156 168
8 76 165 176 179
8 42 99 172
8 55 90 169
8 48 86 113
8 89 118
8 47 69
9 12 26 49 124 140 169 186 191
9 28 60 71 138 141 168
9 9 41 112 139 166 193
9 107 139 157 170 183
9 29 145 151 175 176
9 133 137 176 182 192
9 6 15 50 100 104
9 4 22 81 123
9 16 22 35 58
9 0 5 83 118
9 26 89 114 136
9 12 166 194
9 54 143 153
9 62 130 163
9 31 128 195
9 93 125
9 49 154
10 16 19 40 44 81 82
10 35 37 46 68 158
10 14 87 118 137
10 2 64 70 106
10 28 99 119 124
10 20 126 187
10 9 72 149
10 66 74 137
10 21 146
10 8 123
10 152
11 66 106 141 156 168 174 191 199
11 14 59 63 90 111 138 175
11 22 23 138 182 188 190
11 29 37 65 148 183
11 12 70 91 199
11 82 96 137 184
11 12 66 125 157
11 72 81 93 108
11 9 59 99 183
11 51 69 139
11 56 131
11 13 117
11 76 162
11 158 171
12 15 98 100 104 133 151 169
12 52 66 79 148 152
12 47 59 126 144 146
12 31 72 95
12 16 166 180
12 27 75
12 46 76
12 108 156
13 37 52 83 88 146
13 19 60 98 138 194
13 40 58 101 179 198
13 47 55 91 101
13 90 136 160 171
13 34 67 102 171
13 29 49 140 142
13 12 39 172 192
13 81 111 129 158
13 27 128 152
13 116 193
13 106 159
14 18 77 93 118 158
14 1 89 106 109 184
14 18 55 75 98 135
14 12 18 77 81 92
14 2 15 129
14 14 24 138
14 35 144 194
14 15 94 196
15 40 76 98 138 160 185
15 22 29 39 65 96
15 20 30 49 79 149
15 78 91 119 138 167
15 56 91 105
15 41 125
15 107 108
16 22 36 71 85 107 158 160 173 188
16 19 26 40 82 93 130 178
16 0 10 80 91 111 151
16 56 67 82 135 183 187
16 48 58 112 124 169
16 31 40 126 159
16 67 117 152
16 34 97 198
16 1 57
16 7 164
16 151 168
16 84
17 4 26 91 102 145 173 196
17 39 48 58 70 109 158
17 29 52 88 95 198
17 48 60 118 157 163
17 43 92 146 147 166
17 28 38 66 132
17 14 38 61 127
17 27 91 103 128
17 92 99 109
17 41 71 139
17 79 190
17 132 144
17 123
18 60 69 101 104 160
18 22 27 32 49 102
18 45 52 97 108
18 134 135 164 187
18 71 80 102 190
18 44 99 112
18 68 134 145
18 97 128
19 0 19 37 109 155 169
19 77 95 97 104 142
19 58 107 129 130 150
19 67 127 160 176
19 112 117 124 172
19 32 46 152
19 30 109 129
19 29 133
19 20 82
20 58 103 123 130 166 184
20 4 65 89 162 171 193
20 24 130 160 177 198
20 56 62 120 183
20 4 139 160 166
20 26 69 157 180
20 109 150 156
20 3 32 52
21 21 36 42 82 155 188 194
21 2 7 59 118 148 191
21 32 68 79 91 190
21 75 94 164 187
21 22 95 148 166
21 18 39 74 193
21 64 114 168
21 63 68 73
21 170 173
21 192 199
22 14 56 154 162 192
22 18 139 155 159 175
22 12 31 49 172
22 46 75 173 180
22 93 98 148
22 47 77 191
22 139 167 171
22 114 125 154
22 117 156
22 32 124
22 17 130
22 30 98
23 33 93 100 103 114 150 178
23 15 36 75 155 158 174
23 17 19 47 125 137 162
23 32 41 42 145 182
23 38 83 96 109 167
23 65 87 119 151 162
23 17 23 43 89
23 95 108 115 164
23 16 145
23 74 118
23 2 138
23 51 92
23 64 178
24 9 118 148 151 154 157 166 174
24 30 31 37 38 121 140 160 169
24 5 33 51 111 129 156 187
24 6 85 126 137 143 157
24 11 17 67 118 123 143
24 5 20 45 74 112 174
24 31 90 119 146 190 194
24 31 44 62 88 155
24 0 118 149 187
24 52 56 67 85
24 3 69 140
24 94 136 167
24 57 112
24 88 176
24 98 121
25 96 102 104 117 127 190
25 20 34 94 111 164
25 6 36 136 186
25 84 109 177 185
25 25 26 61 124
25 1 47 72 115
25 31 35 72
25 14 32 181
25 69 168
25 37
25 101
26 36 61 66 68 69 107 184
26 20 72 87 91 96 189
26 2 36 93 105 126 159
26 5 19 126 144 151 173
26 17 123 126 154 168
26 36 104 131 137 171
26 11 52 73 135 155
26 14 36 102 148
26 13 66 109 151
26 78 82 141 196
26 89 124 135 152
26 1 17 68
26 116 147
26 193
27 55 72 80 127 147
27 29 73 113 119
27 4 55 114 128
27 76 80 141
27 30 48 197
27 102 162 179
27 44 112 152
27 41 158
27 102 190
27 25 155
28 13 106 111 126 140 151 170 173 194
28 51 75 85 89 125 168
28 115 116 146 157 170
28 79 93 100 107 190
28 49 63 71 162
28 75 153
29 32 46 64 70 152 199
29 17 28 29 97 165 199
29 9 96 128 190 193
29 47 71 134 145
29 20 58 118 199
29 101 120 193
29 126
30 32 52 64 77 105 128 162 174
30 27 42 93 96 116 123 134
30 86 110 128 155 157 163
30 16 46 52 153 164 179
30 22 54 156 162 172
30 24 52 53 103 112
30 82 98 106 139 196
30 42 44 48 72 82
31 31 34 87 107 110 156 178 183
31 60 81 131 162 178
31 32 35 37 62 103
31 32 33 96 103 137
31 8 71 134 183
31 94 148 169 181
31 17 18 149
31 65 78 102
31 35 36
31 180
32 2 13 27 54 126 154 187 193
32 39 50 57 132 133 170 178 190
32 76 100 170 181 196
32 2 105 121 125 195
32 11 25 41 135 189
32 7 71 75 136
32 96 111 121 179
32 62 109 176 199
32 12 36 171
32 36 83 176
32 30 128 177
32 10 187
32 72 77
33 5 86 103 111 116 168 195 198 199
33 7 31 53 69 91 107 119 191
33 17 49 146 167 168 187 199
33 17 55 66 84 115 168
33 62 63 81 142 153
33 8 128 164 171 181
33 3 25 54 101
33 35 66 96 146
33 35 39 105
33 83 108 125
33 60 69 157
33 56 104
33 145 173
34 4 43 79 120 146 182 188
34 29 64 76 145 189 192
34 8 63 70 80 113 188
34 12 126 137 146 197
34 31 101 117 142 191
34 2 47 49 72
34 57 106 130
34 60 158 191
34 175 180
34 3 72
34 62
35 4 6 24 29 109 158 197
35 24 32 89 119 139 161
35 62 89 133 169 171 184
35 6 22 24 66 168
35 0 11 36 157
35 15 57 131 132
35 71 74 76 106
35 51 125 189
35 126 137 157
36 21 30 33 79 85 95
36 18 99 126 140 152
36 13 39 40 65 161
36 0 24 60 149 167
36 2 3 13 182
36 25 119 121
36 141 151 179
36 49 58 131
36 154 159 199
36 15 91 147
36 94 109 159
36 113 137
36 112 163
37 1 13 39 56 87 135 166
37 13 82 92 116 127
37 73 111 127 153
37 13 70 112 196
37 24 87 189
38 62 85 88 119 121 137 164 177 186
38 78 89 106 178 182 197
38 8 26 84 86 96 165
38 66 79 96 101 121 195
38 64 77 119 130 146 159
38 50 71 89 148 182 193
38 52 97 140 176 185
38 51 103 113 144
38 31 49 102
38 8 79 92
38 37
39 3 6 97 117 178
39 71 115 136 177
39 89 115 138 192
39 21 127 174
40 9 30 45 52 56 130 191
40 0 52 82 120 123 142
40 69 88 103 128 130
40 80 114 169
40 91 131 173
40 29 52 113
40 24 99
40 129
41 47 96 140 149 151 178
41 47 129 142 169 196
41 35 107 120 169 187
41 34 104 151 160
41 3 87 194
41 0 85
41 117
42 14 46 61 115 120 135 177
42 14 68 142 181
42 18 26 89 172
42 26 64 78 167
42 107 120 154 183
42 8 90 112 125
42 149 157 184 195
42 10 184 197
43 29 40 64 120 122 129 134 189
43 17 45 47 129 184 190
43 26 130 177 188 189
43 98 108 117 158
43 17 86 188
43 65 115 186
43 13 41 54
43 48 143 149
43 25 121
43 8 176
44 35 48 90 93 136 167
44 22 29 68 144 181
44 3 47 92 183
44 67 163 185
44 22 87 163
44 48 127
44 16 46
44 120 140
44 36
45 10 77 82 83 91 104 112 181 193 195
45 23 41 106 174
45 88 124 157 164
45 0 120 184 190
45 0 48 154 188
45 6 34 194
45 112 133 154
45 114 184
45 3 93
46 18 36 37 68 93 149 162 192
46 7 31 44 90 142 184
46 2 87 93 117 195
46 46 58 92 132 178
46 34 38 41 116 167
46 10 58 73 152
46 6 16 97 108
46 41 115 132
46 36 43 165
46 30 139 161
46 48 70 121
46 16 79 129
46 7 30 111
46 49 134
47 37 77 82 104 118 178
47 127 133 150 163 191
47 22 58 124 127
47 7 44 140 197
47 35 97 164 174
47 63 107 142 144
47 95 120 139 179
47 122 167 175 191
47 1 41 112
47 23 44 49
47 115 128 162
47 8 178 185
47 154 190
47 78
48 10 37 99 130 151 181
48 57 68 151 167 183
48 20 93 102 138 151
48 23 37 93 108 176
48 69 73 84 99 170
48 45 47 92 179
48 7 101 147 167
48 17 72 160 162
48 31 79 140 186
48 75 78 148 193
48 44 99 199
48 11 73 178
48 13 84
48 111
49 2 37 78 85 94 107
49 48 71 121 137 188
49 51 77 138 189
49 56 149 183 195
49 13 47 82
49 114 155 192
50 9 39 42 49 88 91 92
50 28 106 117 191 197
50 2 14 19 65 108
50 1 69 89 162 195
50 14 73 88 163
50 3 19 21 151
50 58 108 159
50 10 41 93
50 77 134
50 76 155
50 86
51 13 19 66 92 123 160
51 37 96 97 127 151
51 64 65 87 112
51 16 56 74 126
51 24 133 173
51 74 124
51 88 168
51 66
52 4 32 34 118 125 192 196
52 20 21 24 36 85 115 147
52 85 120 141 168 181
52 99 113 141 153 197
52 114 164 167 181
52 21 100 126 186
52 28 81 107 181
52 61 125 155
52 29 118 173
52 24 147 172
52 25 51
52 34 135
52 180
53 5 10 24 59 80 98 178
53 31 35 115 128 190
53 65 74 125 178
53 20 40 54 86
53 37 153 185
53 16 175
54 36 76 103 107 134
54 75 104 112 142 148
54 5 50 70 115
54 36 47 80
54 8 92 119
54 41 64 145
54 136 161
55 7 20 108 155 167 191
55 24 46 83 110 120 168
55 64 88 105 109 181 187
55 12 35 109 168 170
55 12 95 127 194
55 6 14 147 186
55 64 83 115 123
55 27 33 93 99
55 18 119 171
55 8 21 187
55 68 175 182
55 40 126 186
55 10 103 123
56 29 82 98 106 145 188
56 20 68 77 139 140
56 3 95 107 140 150
56 12 35 169 181
56 7 28 147 183
56 76 97 179
56 72 121
56 19 121
56 156 159
57 27 36 69 96 145 166 189
57 60 74 103 114 154 159
57 21 62 76 104
57 15 33 111 143
57 11 28 65 67
57 17 155 192 195
57 93 161 182 196
57 20 130 188 197
57 19 40 167
57 28 44 160
57 7 44 118
57 187 190
57 60
58 23 48 64 182 191
58 59 62 119 147
58 8 59 153 187
58 16 140 146 159
58 96 128 162 175
58 71 104 107
58 92 190
58 24 41
58 47 80
58 13 57
58 59
59 16 18 66 99 106 130 158
59 1 64 82
59 68 145 171
59 12 26 135
59 68 80
59 72 148
60 5 19 31 33 55 79
60 11 85 86 183 192 197
60 8 58 66 144 149 150
60 18 63 102 168 191
60 0 35 92 105 178
60 37 84 145
60 84 109 193
60 3 64 167
60 71 104 137
61 21 69 109 117 138
61 30 136 150 164
61 151 181 185 192
61 73 90 115
61 97 105 158
61 105 148
61 53 149
61 163
62 27 34 110 111 117 119 198
62 27 94 116 126
62 75 86 156
63 12 43 83 117 131 187
63 18 57 76 91 109 143
63 46 56 91 123 179
63 115 125 133 157
63 29 34 98 177
63 10 16 184
63 23 86 109
63 49 61 101
63 24 56
63 105 176
63 5 108
63 111 177
63 120
64 18 101 138 143 147 187
64 40 79 115 144 198
64 13 61 73 103 189
64 86 104 106 153 199
64 93 119 121 128 133
64 70 101 164 188
64 26 31 91
64 1 72 189
64 55 133
64 113 195
64 85 135
65 0 65 71 119 183
65 3 9 79 96 99
65 10 44 45 54
65 80 86 147
65 139 154 166
65 164 190
65 108 147
65 37 165
66 15 63 78 82 84 182 194 197
66 22 135 156 162 191
66 99 119 138 145 165
66 34 77 140 144 169
66 17 44 84 93 168
66 23 37 95 188
66 25 63 189
66 159 188
67 10 21 35 116 169 185
67 24 33 91 112 122 193
67 16 22 58 61 197
67 5 29 103 156 194
67 0 1 125 182
67 23 47 126 181
67 28 30 58 146
67 133 167 171 185
67 1 24 41
67 86 187 189
67 24 80 84
67 37 39 183
67 29 110 163
67 45 108
67 124
68 8 25 30 127 177 184
68 22 52 73 158 179 184
68 27 69 77 130 150 179
68 16 49 76 156 180 183
68 24 64 102 122 175 180
68 4 62 81 126 191 194
68 64 81 103 158 159
68 35 75 100 133
68 10 41 157 174
68 100 165 167 170
68 51 112 113
69 6 29 38 67 83 120 122 130
69 50 83 97 119 122 126
69 2 48 76 149 196
69 14 78 147 156 162
69 10 95 99 141 190
69 78 184 187 191
69 17 30 34 92
69 43 68 74 99
69 92 163
69 20 44
70 52 78 117 176
70 11 25 26 56
70 4 50 76 106
70 85 123 169 176
70 48 130 182 195
70 97 144 165
70 22 95 187
70 20 74 152
71 0 53 64 73
71 73 150 153 185
71 118 192 198
71 36 145 176
71 69 113
71 140 194
72 11 40 42 169
72 95 159 166 194
72 28 48 105
72 53 137 143
72 10 95 177
72 127 143
72 53 167
72 28 107
73 44 50 53 106 194 198
73 61 83 102 153 180
73 6 18 21 166 175
73 37 60 76 143 151
73 48 63 79 131
73 17 21 68 129
73 31 109 139 143
73 13 39 58
73 12 64 76
73 52 160
73 15 53
73 143
74 10 27 45 60 77 105 162 165 187
74 17 38 39 58 83 86 110 175
74 45 94 109 131 168 183
74 48 111 136 139 140 199
74 42 49 71 72 149
74 24 28 85 115 130
74 46 91 93 146 192
74 25 31 147 153
74 22 90 133 136
74 64 78 176 194
74 55 68 124
74 95 172
75 33 41 42 45 69 128 131 181
75 28 93 98 105 133 162
75 52 74 90 103 173
75 0 11 85 90
75 51 65 77 86
75 100 112
75 22 197
75 106 181
75 51 74
75 59
75 113
75 119
76 41 49 88 124 141 150
76 54 80 89 141 183
76 134 150 155 160
76 16 83 114 194
76 49 61 102 183
76 17 152 183 192
76 88 120 187
76 27 164 180
76 26 41 51
77 26 60 123 150 188
77 4 12 16 87 89
77 26 65 112 196
77 130 137 175 194
77 43 93 138 194
77 1 19 142 185
77 11 15 87 144
77 5 83 176
77 24 80
78 50 82 92 95 108 118 144
78 49 87 95 133 145 193
78 66 143 147 148 175
78 90 129 152 160
78 15 30 77 121
78 8 62 87 94
78 104 155 186
78 39 178 194
78 46 51
78 104 152
79 18 63 123 146 158 179
79 10 47 51 93 193
79 4 69 112 141 191
79 11 122 157
79 81 94 175
79 22 77 111
79 82 174
79 169 195
80 17 20 28 56 86 106 128 155
80 14 51 95 98 143 153 176
80 18 43 77 113 129 141 142
80 34 81 88 119 137 175
80 11 83 90 136 176
80 10 150 157 162
80 50 73 130
80 59 86 145
80 37 58 182
80 36 91 146
80 50 148
81 18 37 46 66 127 130 135
81 1 18 78 119 141 180
81 67 102 110 179 188
81 21 34 63 87 181
81 1 12 62 171 189
81 17 32 156 197
81 105 112 150
81 59 101
81 13 127
81 139 171
82 13 89 103 112 151 159
82 52 93 138 143 172 194
82 32 39 92 94 150 159
82 33 34 42 116 178
82 37 117 145 153 166
82 14 43 73 79 117
82 46 107 146 191
82 40 146 180
82 36 64 162
82 35 93 169
82 119 175 181
82 156 199
82 69 167
83 16 51 76 107 127 171 175
83 32 70 96 114 187
83 105 141 150 152
83 60 67 109 122
83 118 138 171 191
83 35 98 136
83 60 191 192
83 12 63 83
83 41 104
83 24
84 18 20 22 50 93 115 164 185
84 19 33 39 43 108 109 136
84 30 87 115 120 165 167 173
84 3 26 47 73 77 79 97
84 15 54 81 136
84 29 31 58 197
84 13 164 199
84 49 91 116
84 121 153 199
84 126
85 11 45 74 119 127 158 185 186
85 4 14 40 41 85 95 100
85 64 70 83 139 159
85 33 159 170 174
85 19 50 59
85 40 176 193
85 67 77
85 116 119
85 35 70
85 44
86 5 63 79 107 111 116
86 71 93 106 137 143 193
86 12 69 109 148 166 187
86 69 76 78 104 187
86 39 82 124 187
86 40 107 110 191
86 10 27 99 153
86 85 137 187 192
86 85 154 198
86 13 68 74
86 42 133 134
86 1 12 146
86 59 162 183
86 1 117 190
86 32 126
86 71
86 188
87 7 88 111 169 182 187
87 129 148 168 174 196
87 13 55 99 149
87 42 67 94
87 23 62 90
87 41 105
87 70 100
87 44 73
87 45 92
88 30 91 104 106 179 185
88 23 32 39 88 148 184
88 12 29 104 108 149 168
88 10 21 100 127 181
88 5 80 117 149 153
88 76 90 110 150
88 148 153 154
88 33 34 187
88 43 152
89 40 79 110 156 171 175 184
89 1 64 99 118 148
89 68 180 183 193
89 39 62 74 197
89 13 42 107
89 53 56 137
89 180 197
89 39 68
89 32 140
90 48 70 100 104 111 140 149 168
90 9 45 49 70 80 120 155
90 49 56 62 83 107
90 2 78 117 163
90 30 31 146 178
90 59 65 87 191
90 127 157 165 192
90 80 172 193
90 72 147
90 39 89
91 55 100 102 116 157 180
91 58 66 186 192 195
91 54 62 68 83 123
91 4 113 116 187
91 129 173 196
91 15 77 104
91 23 127 173
91 31 119
91 18 122
91 64 153
91 90 141
91 68
92 1 11 47 86 102 110 118 138 163 165
92 0 34 43 78 82 136 143 156 199
92 77 113 149 173 178
92 56 62 145 160 179
92 2 11 97 113
92 66 69 141 197
92 3 54 166
93 19 20 53 98 144 152
93 6 41 52 53 112
93 4 46 49 94 118
93 20 63 127 151
93 8 32 153 198
93 6 63 94 118
93 76 86 184 188
93 21 29 56
93 7 27 137
93 67 180
93 113 137
94 4 39 101 107 111 143 189
94 59 104 114 130 159 167
94 0 58 86 180 186 199
94 3 7 22 183
94 1 21 87 162
94 107 112 161
94 80 114 159
94 111
95 1 10 25 162 188 190 194
95 52 111 135 146 159 188
95 31 55 95 141 180
95 12 21 45 54 138
95 71 102 107 189
95 122 178 192 198
95 7 62 73 192
95 24 65 74 128
95 50 96 131
95 141 153 195
95 35 166
95 114 144
96 15 21 27 28 109 138 170
96 18 21 52 65 92 124
96 60 97 142 160 196
96 43 72 110 179
96 16 75 92 153
96 4 6 58 156
96 2 69 99 123
96 51 57 92 165
96 15 46 65 95
96 0 24 151
96 14 75 153
97 38 56 57 75 171 190
97 6 16 23 75 97 176
97 5 41 101 119 120
97 67 91 96 133 189
97 40 87 185 186
97 117 126 158 180
97 46 181 187 189
97 33 48 73
97 56 106 169
97 113 121 140
97 65 83 135
97 15 83
97 59
98 10 65 74 183 189
98 77 107 151 153 163
98 13 65 82 127 138
98 8 31 60 115 162
98 21 52 60 136
98 3 77 103 143
98 86 89 125
98 36 78
99 72 77 127 134 149 153
99 3 43 61 99 125
99 93 166 171 188
99 35 82 149 188
99 73 87 145
99 96 165 182
99 15 46 145
99 14 106 151
100 6 18 44 151 161 166 179
100 16 43 132 175 185
100 39 148 174 190
100 26 61 132
100 36 53 84
100 91 100
100 26 99
100 166
