200 2000
1 10 66 108 109 112 167 174 191
1 63 67 124 126 130 186 193
1 23 33 36 75 111 137 179
1 61 102 107 159 165 191
1 26 28 55 119 126 169
1 42 57 85 108 166
1 2 24 44 80 85
1 29 52 72 117 133
1 33 75 104 118
1 40 43 61 124
1 77 96 141 187
1 127 168 194
1 124 149 168
1 1 37 187
1 92 164 165
1 32 183
1 106 144
1 30
1 168
2 1 24 47 84 118 155 197
2 33 125 138 140 157 178 189
2 10 25 137 171 186
2 28 167 170 172 188
2 8 55 116 151 185
2 20 75 91 125 188
2 39 104 166 193
2 21 61 120 145
2 41 83 139 154
2 15 90 128 146
2 23 107 122 185
2 79 103 109 127
2 1 26 72 103
2 46 90 161
2 25 77 81
2 56 57 173
2 28 73 143
2 42 120
2 162 179
2 51 83
2 196
3 4 5 13 25 58 111 151 156 192 196
3 19 49 59 96 102 130 146 167
3 11 18 56 106 128 148 151
3 84 114 115 121 180 197
3 33 85 104 158 183
3 12 18 79 157 176
3 44 72 88 111
3 7 36 114 127
3 0 23 127 157
3 100 106 118 149
3 10 106 125
3 110 149 197
3 3 4 39
3 2 31 43
3 5 42 159
3 93 96
3 49 150
3 39 179
3 194
4 0 3 11 15 53 112 132
4 16 101 120 129 187
4 59 155 165 174 196
4 25 31 78 98 198
4 0 52 114 121 179
4 6 16 84 190
4 23 77 125 134
4 105 159 178
4 12 43 188
4 159 164 195
4 54 100 193
4 5 51 184
4 85 112 115
4 20 149
4 51 141
4 142 145
5 13 19 65 112 125 139 157 191
5 27 49 54 103 167 169 191
5 26 73 118 150 186 190 198
5 106 112 164 181 183 192 193
5 57 117 159 161 165 186
5 53 62 69 137 175
5 87 98 104 153 168
5 147 181
5 50 172
5 16 37
5 73
6 66 67 99 103 142 183
6 30 109 129 152 158 180
6 6 32 75 91 104 174
6 26 59 80 115 198
6 48 58 85 138 196
6 9 65 103 154
6 82 110 182 189
6 24 35 60 147
6 68 115 168 169
6 0 78 179
6 5 16 41
6 99 170
6 20 45
6 87 199
6 145 174
6 76 105
6 101 123
6 121 171
7 50 53 84 86 108 158 192
7 35 38 57 171 181 187 188
7 13 75 93 94 110
7 1 19 67 187 189
7 0 103 118 173
7 5 107 124 148
7 21 60 85 136
7 16 38 133
7 91 154 164
7 34 64 99
7 10 75 120
7 21 67 194
7 92 128 195
7 80 133 161
7 8 141
7 4 98
7 118 157
8 15 61 142 157 170 171
8 47 73 107 118 130 161
8 25 33 125 148 157
8 6 49 92 158 184
8 9 46 119 151 177
8 5 46 81 98 194
8 0 54 97 184
8 30 72 79 146
8 65 104 147 165
8 25 42 113 125
8 60 140 143 169
8 41 94 125 127
8 25 50 164 184
8 125 156 180
8 75 127 134
8 2 19 171
8 31 142
8 1 127
8 25 108
8 31 80
8 154 163
8 10
9 0 10 15 22 82 197 199
9 61 87 121 135 140 166 182
9 80 87 103 178 194 195
9 78 108 137 151 155 164
9 2 31 78 85 178 184
9 8 70 80 91 194
9 43 57 69 101 192
9 45 57 111 139 187
9 49 66 137 166 174
9 4 39 93 108 109
9 30 39 96 115 120
9 23 48 117 141
9 33 127 154 156
9 7 10 63 70
9 39 111 166
9 17 89 137
9 40 48 177
9 40 61 132
9 11 78 144
9 64 69 104
9 6 101 102
9 1 143
9 1 104
9 43 164
9 136
10 32 105 112 130 139 174 178
10 10 35 103 155 161 167 170
10 12 91 109 122 152 173
10 23 93 119 174 185
10 38 54 60 69 110
10 8 17 95 171 180
10 7 86 154 181
10 20 50 68 163
10 62 83 107 114
10 49 78 141 167
10 52 112 182
10 54 70 123
10 88 93 108
10 9 108 181
10 71 93 157
10 57 71 164
10 107 182 187
10 93 112 125
10 117 156
10 57 197
11 30 38 85 88 109 111 146
11 3 107 147 148 163 184 199
11 11 15 17 40 79 146 170
11 49 64 155 159 181 183
11 22 33 41 55 82 113
11 11 36 103 111 186
11 91 146 165 180 186
11 15 123 127 168
11 36 120 149
11 1 21 69
11 71 96 149
11 33 187 199
11 92 104 161
11 88 111
11 78 111
11 123 131
12 19 79 117 121 124 172 189 196
12 11 64 69 92 148 166 169
12 16 17 35 55 115 190
12 86 127 131 134 152 168
12 1 7 100 129 153 194
12 15 58 68 128 145 147
12 7 46 118 154 158
12 35 43 79 127 188
12 103 123 134 156 164
12 23 42 67 98 105
12 41 81 94 120 191
12 37 75 101 177
12 1 31 71 131
12 31 42 190
12 59 62 98
12 12 28 75
12 4 60 184
12 91 97 186
12 18 131 185
12 43 102
12 119 166
12 132 157
12 81
13 29 32 37 42 68 82 191
13 36 51 74 94 125 182
13 0 35 132 179 194
13 49 136 137 186
13 28 62 84 167
13 71 73 81 97
13 149 154 161 199
13 8 121 134 152
13 0 73 105 195
13 68 109 140
13 49 50 199
13 83 149
13 75 89
14 56 70 102 131 162 165 192 196
14 1 19 27 41 102 112 134
14 54 107 131 147 154 168
14 22 48 103 170 173 181
14 2 33 67 134 172
14 10 61 95 124 178
14 17 35 79 141 163
14 99 137 156 161
14 102 119 141 156
14 15 37 54 93
14 117 144 155
14 105 138 190
14 28 134 152
14 81 97 128
14 101 118
14 1 91
14 21 116
14 118 141
14 23 26
14 85
15 2 25 32 53 73 117 123 187
15 16 21 39 43 62 107 168
15 116 162 174 191
15 39 139 173 178
15 2 39 67
15 52 58 114
15 31 85 190
15 3 193
15 43 174
15 104 171
15 150
15 2
16 16 35 38 44 131 154 186
16 19 23 39 71 180 197
16 71 104 164 185 191
16 23 28 51 65 147
16 1 4 13 71 74
16 37 49 149 150 192
16 24 27 79 94 132
16 8 17 42 55 161
16 26 35 45 79
16 23 100 108
16 32 61 147
16 61 103 191
16 6 128 165
16 198
16 13
17 8 58 101 107 132 176
17 38 70 82 138 166 197
17 7 18 89 140 177
17 73 132 160 180
17 38 139 154 156
17 38 53 101 167
17 45 51 101 132
17 79 88 92 155
17 14 101 183 194
17 50 52 189
17 16 33 197
17 85 86
17 21 73
17 87 131
18 11 76 90 107 156 199
18 19 34 87 122 155
18 46 85 94 141 153
18 33 65 153 155 164
18 30 43 62 102 121
18 18 28 36 40 184
18 15 87 146 172 191
18 38 59 62 75 91
18 29 70 113 171
18 78 103 140 167
18 21 64 125 152
18 51 108 116 168
18 57 75 190
18 1 34 190
18 9 89 125
18 49 138
18 16 65
18 25 55
18 18 102
19 11 35 80 111 145 164 171
19 19 38 41 65 66 121
19 15 60 89 150 174
19 49 89 130 151 192
19 80 85 90 152 186
19 2 40 86 113 195
19 22 50 102 157
19 48 91 153 169
19 100 138 197 198
19 40 141 148 161
19 6 16 92 94
19 76 185 186
19 29 148 163
19 9 23 174
19 63 64 178
19 136 158 176
19 3 72 168
19 70 184 186
19 55 187
19 73 166
19 0 158
19 86
19 38
19 152
19 121
19 39
20 37 51 53 73 92 107 165 194
20 0 14 34 87 106 135 162
20 63 74 137 138 164 173
20 9 46 77 94 108 185
20 3 75 134 152 160
20 8 25 96 111 113
20 44 58 70 164 195
20 18 30 163 189
20 3 30 86 172
20 90 124 147 176
20 81 86 135 179
20 26 28 54 171
20 6 22 42 99
20 67 117 176
20 20 73 190
20 25 97 109
20 49 85 94
20 27 82 129
20 0 139 189
20 19 107 126
20 61 69 173
20 40 45 163
20 9
20 7
21 13 18 26 36 123 187 193
21 19 21 44 87 109 118 181
21 37 58 83 98 106 175
21 39 89 95 176 186
21 28 31 48 55 132
21 51 75 128 157 181
21 100 137 140 151
21 7 13 55 191
21 18 76 169 192
21 34 120 134 184
21 15 19 123 190
21 48 49 68 188
21 23 181 197
21 0 55 58
21 31 43 97
21 7 20 131
21 47 177
21 78 124
21 166
22 0 27 29 54 70 72 163 172 189
22 2 3 31 57 73 77 97 150 156
22 1 44 50 91 137 166 187
22 51 126 127 129 177 192
22 30 142 165 184 192
22 5 17 24 120 143
22 124 145 163 164
22 23 28 32 165
22 58 93 170
22 79 145 152
22 93 101 156
22 146 165 172
22 73 82 174
22 5 7 52
22 71 84 95
22 57 87
22 8 140
22 94
23 11 40 110 114 116 119 144 177
23 115 126 144 160 187 191 197
23 34 84 91 119 142 156 168
23 32 56 89 91 119 190
23 12 51 56 91 171
23 37 38 70 83 193
23 14 60 115 142 194
23 7 12 50 109 142
23 53 54 93 94 96
23 36 50 58 86 144
23 10 56 85 151
23 0 11 93 142
23 46 116 198
23 3 191 197
23 5 15 143
23 73 79 108
23 19 20 107
23 3 90
23 124 159
23 55 109
23 72
24 63 107 164 165 198 199
24 32 54 111 114 134 169
24 19 58 167 184 190 196
24 58 91 105 170 181
24 1 9 65 75 171
24 6 58 77 157 158
24 30 47 84 105 165
24 6 7 84 147 175
24 33 67 117 143
24 17 67 141 175
24 76 88 130 135
24 71 102 108 139
24 72 116 183 193
24 14 25 110 197
24 21 84 144
24 10 12 91
24 40 78 159
24 9 52 105
24 48 62 167
24 31 91 166
24 120 176 196
24 102 113
24 12 72
24 3 139
24 33 110
24 158
25 9 40 44 46 65 100 189
25 1 45 48 70 159 186 195
25 56 113 169 184 186 190
25 0 54 85 101 117 143
25 8 88 118 156 167
25 47 133 149 185 192
25 4 72 132 163 187
25 29 42 168 173 186
25 0 41 87 130
25 20 111 120
25 86 103 136
25 75 79 130
25 5 99 159
25 10 152
25 139 181
25 56 134
25 7 184
25 158
25 124
26 17 22 102 152 164 189
26 35 148 157 162 166 187
26 9 38 96 121 170 178
26 40 49 60 126 181
26 62 95 115 127 163
26 38 92 115 154 169
26 1 72 87 94 118
26 34 43 48 173 186
26 71 117 122 162 173
26 18 69 129 185
26 54 60 147 160
26 46 123 141 194
26 80 123 127 192
26 38 61 181 194
26 76 107 168 182
26 23 60 155 159
26 50 99 119
26 44 123
26 0 106
27 1 28 50 67 93 120 158
27 5 15 80 109 114 130 179
27 47 70 130 135 141 172
27 1 37 58 119 127 154
27 7 13 17 100 105 110
27 2 16 21 37 72 107
27 4 20 23 97 158
27 82 159 174 189 198
27 21 30 56 82 139
27 39 46 170 195
27 2 66 114 136
27 98 161 168 186
27 148 160 178 195
27 9 35 144 162
27 36 83 97 141
27 65 159 170 192
27 54 88 117 152
27 46 60 93 145
27 7 19 84 168
27 64 86 115
27 22 116 140
27 30 36 56
27 24 48 186
27 7 14 62
27 71 174
27 9 80
27 1 76
27 52 138
28 11 12 20 85 89 99 148 192
28 22 37 76 82 93 109 166 195
28 0 1 91 109 132 172 198
28 8 30 73 133 185
28 38 100 127 198
28 23 51 56 141
28 16 93 169 194
28 11 26 45 134
28 27 48 76 181
28 105 110 134 178
28 2 7 46 60
28 120 124 165
28 123 155 170
28 57 107 126
28 33 84 154
28 9 109
29 19 48 99 106 145 171
29 4 11 24 127 180 189
29 55 59 64 81 133 190
29 35 36 52 69 108 171
29 35 37 74 98 100
29 51 61 107 111 195
29 23 108 180 181
29 22 79 164 186
29 5 45 132 149
29 43 108 123 184
29 24 45 109
29 20 95 169
29 49 111 171
29 101 113
29 103 122
29 46 146
29 11 155
29 5 74
29 79 179
29 151 170
29 82 107
29 116
29 102
30 39 110 141 148 150 191
30 1 48 85 145 171 191
30 57 129 167 182
30 35 70 103 163
30 81 83 165 171
30 65 79 94 187
30 24 50 91 185
30 16 57 76 180
30 82 93 162 165
30 15 64 83 187
30 33 94 188
30 20 177 188
30 34 48 80
30 151 167 189
30 1 90 128
30 9 18 52
30 66 74 190
30 112
31 35 42 116 118 175 198
31 4 8 47 75 93
31 76 82 103 171 179
31 56 67 111 143 163
31 52 98 105 129 193
31 50 107 144 156
31 31 47 60 170
31 14 152 166 179
31 10 21 82 150
31 6 25 129 143
31 2 29 140 181
31 114 134 142 146
31 18 27 47 147
31 64 73 113
31 23 158 173
31 7 64 102
31 35 37 106
31 39 101 146
31 106 169
31 173 194
31 97 150
31 58 182
31 91 170
32 23 46 72 97 106 166
32 17 47 101 159 180 187
32 53 60 64 115 185
32 101 124 168 169 181
32 69 76 88 125 179
32 43 69 86 128 145
32 57 93 173 177 189
32 70 97 126 157
32 83 107 172 198
32 4 18 50 126
32 45 48 50 184
32 47 64 109 162
32 13 80 179
32 14 19 33
32 48 158
32 145 163
32 32 68
32 183
33 29 32 59 66 89 115 157
33 11 50 98 113 159 190
33 44 48 121 138 168 180
33 5 54 160 166 181
33 18 20 104 126 173
33 93 110 146 158 180
33 60 86 90 104 107
33 11 19 32 82 87
33 10 86 167 174
33 32 45 75 136
33 17 137 140 147
33 17 38 55
33 12 62 85
33 26 39 81
33 22 111
33 43 194
33 133 139
33 52 153
33 120 182
33 31 103
33 113 185
34 5 13 28 39 68 83 122 128 153
34 7 16 19 21 29 49 97
34 25 34 88 108 136 147 148
34 50 57 60 77 129 151
34 13 31 94 98 171 187
34 5 50 144 156 192 198
34 56 59 141 146 189
34 25 60 140 178 196
34 9 57 113 126
34 18 32 130 160
34 15 50 100 184
34 1 117 119 131
34 78 98 148 164
34 2 25 74 125
34 3 106 182
34 42 87 102
34 41 59 141
34 59 108 145
34 82 187 192
34 9 29 48
34 29 76
34 10 116
34 114 126
34 103 121
34 108
35 5 6 67 104 110 137 151 197
35 11 37 104 148 155 162 169 176
35 25 35 69 90 137 141 190
35 42 48 50 87 125 164 173
35 75 82 99 110 160 195
35 2 7 53 59 108 148
35 11 51 83 105 111
35 12 23 137 143 185
35 48 57 68 70 80
35 38 49 79 138 173
35 67 110 148 154
35 55 132 188 197
35 62 90 130
35 24 28 82
35 97 108 182
35 76 88 110
35 1 58
35 39 76
36 23 41 47 61 104 122 130 175 196
36 10 19 84 87 91 92 168 187 197
36 0 14 46 48 120 135 145 170
36 20 38 52 129 142 195
36 0 11 43 78 151 167
36 14 64 76 104 190
36 51 124 138 152 159
36 46 124 147 155 164
36 22 45 121 184
36 11 128 156 168
36 2 14 26 52
36 26 117 188
36 0 13 122
36 1 69 125
36 13 53 54
36 2 109 125
36 20 118 167
36 107 124 190
36 32 79
36 146 182
36 17 112
36 63 102
36 139
37 0 132 152 166 167
37 132 136 177 185 196
37 10 47 110 128 198
37 19 32 65 66 121
37 4 9 73 83 100
37 3 32 84 194
37 31 56 170 189
37 41 63 143 149
37 12 87 127 193
37 0 55 103
37 100 178 189
37 45 80 167
37 47 51 185
37 51 105 175
37 116 183
37 38 140
37 22 75
37 90 173
37 104 182
37 97 148
37 91
38 37 82 86 111 163 171 197 199
38 26 30 63 126 146 172 181
38 2 39 42 67 69 98 102
38 43 66 70 104 137 149
38 78 79 119 126 151
38 58 70 77 142 180
38 11 90 146 148 165
38 25 74 82 94 166
38 14 35 137 162 165
38 43 91 130 155
38 11 102 174 175
38 33 59 89 132
38 24 34 109 168
38 17 157 179 182
38 36 44 64 99
38 27 70 163
38 26 41 199
38 168 177 184
38 96 157 160
38 21 69 173
38 40 46 158
38 174 196
38 137 156
38 44 187
38 28
39 71 72 118 146 171 185 191 193
39 41 54 138 146 195 198
39 20 40 48 89 107 173
39 3 7 72 99 199
39 5 97 123 152 188
39 122 140 148 149 156
39 4 39 70 73 141
39 2 12 81 134
39 13 45 90 155
39 14 123 170 194
39 20 123 182 189
39 39 43 133 180
39 5 34 39
39 58 112 132
39 74 133 160
39 63 123 193
39 74 78
39 192
39 119
40 23 37 102 115 125 169 170
40 9 43 65 131 162 165 196
40 44 85 107 124 127 181
40 31 93 100 107 141
40 12 24 37 61 97
40 61 74 80 148 176
40 13 69 81 148 192
40 153 180 182 194
40 95 96 122 157
40 40 74 124 189
40 104 117 130 167
40 40 76 179 185
40 9 24 95 180
40 24 60 71 115
40 22 29 47 175
40 9 74 75 175
40 162 168 194
40 60 142 171
40 52 85 162
40 4 27 101
40 49 100 118
40 75 97 125
40 37 136 174
40 139 165 170
40 14 121
40 150 165
40 35 76
41 11 30 69 73 97 137 164 181
41 43 55 69 88 90 131 148
41 19 46 117 149 175 190
41 27 56 67 158 168 175
41 63 88 100 111 134 180
41 41 54 58 70 119 183
41 63 82 115 127 188
41 26 32 78 107
41 29 91 105 199
41 69 80 81 149
41 63 124 199
41 14 178 183
41 148 173 181
41 104 160 188
41 26 58 169
41 56 109 192
41 37 150 198
41 55 62 180
41 166 184
41 55 171
41 92 167
41 125 131
41 151
42 9 18 29 32 50 120 168 175 184
42 50 100 114 153 177 199
42 30 43 116 132 134 189
42 7 8 60 88 98 138
42 40 44 90 185
42 34 79 100 169
42 123 163 168 180
42 1 46 176
42 40
42 66
42 150
43 16 45 75 92 97 106 134 144 169
43 6 78 89 96 159 193
43 55 91 96 131 150
43 19 97 138 189 197
43 1 61 79 134 193
43 0 71 113 128 177
43 32 55 104 170
43 23 55 63 100
43 51 71 94 165
43 9 86 139
43 11 17 47
43 88 90 101
43 63 180
43 42 115
43 16 90
43 172
44 5 28 132 144 161 182
44 3 63 123 140 141 189
44 84 93 106 159 184 186
44 22 34 66 112 165 177
44 32 58 98 137 172 198
44 15 16 18 81 131
44 6 48 103 133 138
44 10 36 61 91 173
44 80 105 121 191 192
44 20 35 38 63 138
44 68 87 98 102 183
44 23 36 161 162
44 45 123 127 194
44 38 59 122
44 35 103 179
44 71 85 159
44 57 99
44 67 168
44 70 138
45 24 74 103 113 130 157 166 167
45 13 22 58 65 109 178
45 14 17 123 147 193
45 52 128 155 162 164
45 59 85 97 101 187
45 44 68 137 190
45 61 65 101 177
45 100 131 167 189
45 2 137 154 172
45 87 146 157 184
45 26 160 170
45 46 56 117
45 1 17 37
45 5 40 142
45 36 107 129
45 25 50
45 56 64
45 92
45 20
46 10 27 47 54 81 97 142 147 192 194
46 21 82 87 140 141 157 182
46 43 61 68 136 185 191
46 34 135 157 161 188
46 24 67 87 125
46 13 36 64 88
46 11 86 155 199
46 8 104 170 188
46 44 89 104 106
46 53 100 121 154
46 29 48 114 188
46 100 138 158
46 3 84 102
46 33 45 119
46 6 77 98
46 118 154 191
46 65 114 148
46 11 142 193
46 57 174
46 3
47 14 28 34 110 151 154 177
47 62 98 138 148 168 175 178
47 25 53 110 123 150 180
47 59 61 71 135 136 147
47 7 36 131 136 183 187
47 1 44 105 106 120 140
47 45 60 92 103 197
47 2 10 35 150 194
47 37 69 72 79 126
47 69 102 109 118 170
47 114 117 137 163
47 11 37 137 157
47 29 91 140
47 54 91 166
47 23 146 186
47 6 164 167
47 23 41 99
47 18 111 163
47 70 71 163
47 59 150
47 1 187
48 0 12 26 36 89 135 153
48 22 73 82 146 161 183
48 58 60 86 88 147 150
48 28 94 120 145 170
48 1 50 57 142 193
48 94 97 144 159 192
48 15 19 32 99 172
48 46 112 152 188
48 3 183 191 197
48 7 111 160 168
48 8 167 177 187
48 35 123 125 138
48 2 68 89 133
48 0 40 97 170
48 29 35 120 142
48 47 66 174
48 55 159 162
48 83 158 165
48 56 111
48 63 190
48 52
49 3 11 123 156 166 193
49 14 88 94 117 118 195
49 7 12 56 58 161
49 43 58 125 142 178
49 58 82 98 131 174
49 18 44 106 134 183
49 118 121 129 133 190
49 19 41 59 169
49 37 130 144 185
49 50 179 185 194
49 3 51 128 170
49 134 151 172 182
49 38 114 117 136
49 75 83 175
49 182 184 199
49 10 15 111
49 21 26 41
49 107 162
49 25 144
49 89 117
49 19
49 183
49 167
50 9 66 68 95 114 125 156 165 169 172
50 4 7 42 44 123 152 165 167
50 47 48 67 73 97 124 167
50 31 101 121 132 136 151 175
50 1 13 31 46 79 130 145
50 18 23 60 88 131 172
50 10 27 35 84 196
50 38 65 70 89 155
50 13 19 37 45 49
50 15 22 63 112 137
50 39 63 160 163 181
50 21 85 134 153 191
50 39 55 78 96 154
50 6 29 39 60 177
50 9 32 159 164 196
50 58 155 176 185
50 17 29 56 94
50 18 30 99
50 44 55 111
50 70 148 187
50 11 70 137
50 58 169
50 172 181
50 57 92
50 169 175
50 47 136
51 20 36 79 82 108 112 160 166 171 178
51 52 58 68 69 104 133 158
51 35 60 70 93 105 181 189
51 34 60 81 115 141 183
51 32 34 58 68 87 120
51 9 24 29 61 128 199
51 109 111 112 159 168 190
51 19 46 114 135 184 188
51 35 52 95 142 163
51 33 89 134 191 197
51 51 62 76 122 174
51 13 96 104 122 175
51 24 47 59 192
51 6 22 152 178
51 4 112 176 194
51 26 65 148 189
51 36 56 153 189
51 34 116 133
51 74 120 141
51 66 107 139
51 165 187
51 40 191
51 55 80
51 8 140
51 169 171
52 36 58 65 82 101 119 125
52 37 128 142 150 177 184
52 36 105 148 157 163
52 24 39 43 100 180
52 56 60 71 162 184
52 85 86 87 104 186
52 49 111 133 134 155
52 40 92 107 158
52 34 38 75 166
52 6 51 92 119
52 22 32 97 168
52 33 48 89 129
52 59 165 166 174
52 64 85 101 199
52 22 62 74 87
52 9 88 96 136
52 67 83 170
52 103 104 108
52 58 132 140
52 78 171 195
52 21 111 131
52 190 198
52 99 105
52 113 167
52 129 133
52 57 140
53 2 17 33 37 64 73 86 127
53 67 91 96 157 172 181
53 9 23 67 137 163 191
53 26 37 57 89 155
53 79 88 90 148 189
53 30 32 44 70 183
53 78 95 129 152 159
53 34 96 127 164 172
53 98 100 105 137 156
53 12 69 89 102 168
53 0 78 89 165 172
53 36 90 138 161
53 39 135 177 193
53 14 35 72 176
53 89 104 123 175
53 78 124 143 145
53 19 80 195 197
53 3 76 118 144
53 38 134 176 188
53 68 92 150 166
53 28 131 159
53 79 175 179
53 18 35 77
53 25 60 111
53 28 160
53 90 165
53 25 130
53 5 35
53 83 154
53 54
54 75 111 121 157 172 199
54 50 66 102 119 145 158
54 8 17 27 86 114 196
54 10 13 21 78 149 188
54 75 99 108 129 159 188
54 15 60 120 126 180 185
54 13 24 59 111 170
54 60 104 105 108 197
54 6 58 150 172
54 19 54 114 146
54 40 99 111 126
54 42 48 77 164
54 4 39 129
54 65 194
54 85 145
54 119 146
54 0
55 23 28 39 76 95 143 158 180
55 14 52 84 96 118 186
55 4 33 37 43 71 191
55 19 60 68 116 123 156
55 5 108 113 171 178
55 63 99 105 173 195
55 0 50 52 91 103
55 10 69 114 188 192
55 46 49 96 114
55 118 129 153 194
55 27 33 66 106
55 23 34 82 135
55 57 99 121 133
55 121 162 197
55 7 70 105
55 24 97 172
55 118 127
55 147 151
55 123 186
55 175 197
56 16 26 31 40 41 47 130 145 186 188
56 17 149 153 154 170 183 188
56 43 58 104 143 178
56 71 74 113 126
56 62 110 143 158
56 26 39 114 189
56 61 85 151 199
56 62 105 111 198
56 98 99 122 147
56 25 81 123
56 16 45 129
56 8 37 50
56 43 126 156
56 41 97 114
56 53 118 199
56 85 164 191
56 75 84
57 19 93 103 120 124 138 160 183 192
57 27 39 86 91 110 115
57 4 13 29 47 81 190
57 60 75 93 129 138
57 71 76 124 141 175
57 20 56 103 125 131
57 3 56 122 134
57 96 136 177 199
57 35 158 172 194
57 81 127 128 151
57 57 77 123
57 38
57 75
57 60
57 189
57 172
58 6 38 48 142 146 155 169 181
58 0 56 58 75 94 159 164 179
58 8 12 50 52 120 121 164 175
58 7 11 17 33 185 190
58 13 79 84 121 132 174
58 27 36 93 138 171
58 1 51 145 148 184
58 13 38 127 139
58 5 57 147 193
58 20 25 105 109
58 85 129 178 191
58 20 108 133 137
58 51 125 170
58 128 129 172
58 31 94 198
58 11
58 88
59 4 40 43 84 99 164 196
59 0 110 126 151 176 180
59 10 77 165 166 167 188
59 35 99 101 113 161 181
59 11 43 57 75 90 123
59 19 73 107 188 196
59 1 20 46 48 164
59 20 40 68 89
59 34 62 101 174
59 10 26 97 161
59 28 104 176 183
59 1 5 35 46
59 8 50 56 161
59 7 21 79 86
59 141 148 185
59 48 51 115
59 40 82 101
59 45 91 131
59 39 58 88
59 46 128 187
59 17 24
59 18 82
59 151 197
60 65 122 129 131 137 166 169 180
60 43 55 58 72 84 152 176
60 15 32 43 61 132 196
60 22 33 87 89 128 185
60 41 49 136 185 192
60 37 54 58 116 154
60 27 44 165 180 195
60 12 49 69 92 136
60 22 42 135 159 182
60 48 92 99 166 187
60 8 19 64 65 141
60 29 42 114 170
60 17 72 107 163
60 16 66 125 145
60 25 62 74 174
60 106 110 129 189
60 104 105 148 168
60 1 17 160
60 110 115 184
60 23 178 195
60 106 148 187
60 13 103
60 11 180
61 23 45 64 67 86 165
61 28 51 88 167 168 178
61 32 39 129 168 195
61 40 91 130 139 170
61 50 80 108 126 177
61 16 78 111 171 186
61 21 61 62 76 79
61 9 13 48 73 114
61 71 84 93 125 126
61 17 31 47 193
61 12 18 56 67
61 156 164 165 172
61 70 91 143 149
61 3 15 164 170
61 9 67 124 160
61 1 55 133 172
61 25 161 195
61 23 75 184
61 103 143 146
61 66 129 161
61 0 23 170
61 94 113 170
62 5 21 23 50 69 90 105 122 184
62 4 89 100 109 138 167 174 180
62 50 78 90 121 167 182 187 196
62 21 69 142 148 186
62 20 115 129 162 194
62 23 91 104 136 182
62 24 104 173 179
62 15 89 102 199
62 39 70 100 161
62 48 61 89 102
62 56 107 150 177
62 87 91 145 146
62 21 36 79 103
62 83 164 180
62 34 99 156
62 81 120
62 8 10
62 28 42
63 15 19 24 48 84 105 129
63 37 43 58 101 128 162
63 36 117 127 136 166 194
63 5 77 105 120 180 196
63 52 105 132 146 165
63 61 112 165 176 196
63 35 54 65 81 136
63 35 65 131 162
63 47 59 171 182
63 2 20 41 67
63 82 130 157 196
63 72 123 130 198
63 26 120 121 169
63 131 132 139
63 132 146 183
63 29 99 145
63 94 186
63 80 185
63 109 176
63 90 111
63 79 199
63 32
63 166
64 35 63 86 111 123 183 194
64 63 97 106 111 137 178 180
64 25 92 95 124 134 194
64 55 59 67 119 125 138
64 3 38 71 76 122 123
64 39 41 42 52 77 87
64 24 38 56 187 190
64 6 45 91 195
64 117 127 188 197
64 26 110 121 150
64 10 32 66 196
64 144 176 178
64 149 182 186
64 19 33 132
64 91 149 195
64 22 78 87
64 44 154 171
64 107 173
64 49 187
64 66 134
65 1 56 124 141 182 185
65 6 64 68 128 144 154
65 24 49 126 131 183 188
65 88 125 146 147 153
65 39 58 64 79 196
65 22 44 53 63 70
65 55 122 172 176
65 27 70 81 107
65 9 147 150 175
65 63 67 174 192
65 31 87 126
65 8 10 128
65 88 114 197
65 46 63 109
65 24 27 188
65 70 144 184
65 7 64 79
65 152 175 178
65 70 79 134
65 98 156 182
65 51 85
65 21 53
65 115
65 43
66 26 51 53 63 106 126 152 154
66 13 21 31 54 139 152 157 177
66 16 23 41 94 103 114 127
66 5 11 34 56 71 113 175
66 30 87 102 137 139 158 169
66 37 99 144 152 155 174
66 51 53 56 127 170
66 3 91 135 196 198
66 47 75 96 97 182
66 5 109 147 196
66 29 48 83 115
66 25 84 161 198
66 3 44 59
66 78 101 117
66 21 36 142
66 28 100 198
66 52 96
66 171 177
66 18 57
66 60 143
66 39 54
66 42 99
66 87 116
66 116 131
66 45
66 132
67 2 9 17 104 154 165 172 195
67 21 97 101 128 140 148 177
67 3 7 47 52 56 135 161
67 2 27 36 56 75 108
67 35 58 95 104 187 192
67 115 127 178 179 186
67 75 129 130 143 174
67 2 34 43 113 193
67 32 33 96 166
67 123 153 167 176
67 82 159 167 178
67 105 155 174 178
67 30 92 145 195
67 23 32 143 151
67 48 73 199
67 24 54 108
67 24 111 173
67 46 86 93
67 58 104 134
67 39 48 194
67 4 6 158
67 9 173
67 26 50
67 165 173
68 37 52 67 111 115 127 131 167 184
68 7 11 42 48 52 119 177 187
68 11 25 45 97 161 186 188
68 2 12 39 89 119 143
68 42 93 105 106 111
68 34 46 57 127
68 78 118 157 189
68 11 132 145 169
68 31 93 109 171
68 23 120 135 170
68 24 32 93 105
68 39 111 140 147
68 46 101 144
68 11 19 122
68 71 100 103
68 62 92 136
68 29 34 120
68 45 121 136
68 69 144
69 35 48 67 72 93 100 104 105 159 185 196
69 6 19 37 102 134 143 196
69 33 51 81 85 106 124 125
69 20 36 68 85 132 140
69 27 89 115 137 164 186
69 32 67 105 118 158
69 20 64 137 174 183
69 16 43 52 59 173
69 76 120 124 162 167
69 47 49 102 142
69 5 15 17 118
69 4 41 127 197
69 38 95 130 133
69 38 43 62 179
69 56 58 147
69 48 54 128
69 59 121 156
69 3 15
69 25 53
69 56 150
69 139
70 56 92 117 119 128 132 133 172
70 6 21 40 64 80 103 117 190
70 22 48 80 117 128 140 186
70 52 88 105 108 121 175
70 50 84 86 141 185
70 3 11 86 154 157
70 20 51 71 114 197
70 2 56 116 189
70 52 105 106 163
70 20 60 108 128
70 49 57 122 147
70 11 39 156 158
70 17 102 146 175
70 82 151 165 194
70 6 10 39 110
70 7 141 198
70 24 64 180
70 16 154 167
70 139 160
70 37 56
70 48
71 45 97 133 140 141 160 180
71 10 27 54 102 119 154
71 0 5 68 120 160 163
71 65 66 88 92 109 159
71 60 68 76 128 133 158
71 31 88 100 124 197
71 3 77 138 144 172
71 30 81 135 158 182
71 20 70 96 100
71 0 57 126 155
71 67 122 123 195
71 62 77 173
71 124 148 167
71 15 178 183
71 36 99 140
71 19 189
71 29 97
71 79 196
72 1 10 12 19 74 93 101
72 58 89 94 109 130 165
72 18 19 44 80 142 178
72 16 47 50 109 172 185
72 33 52 57 99 156
72 15 41 66 100 194
72 33 124 126 194 199
72 4 147 190 194 199
72 1 23 31 35 120
72 30 43 135 142 185
72 137 152 158 165
72 30 44 97 185
72 49 70 145 170
72 42 148 159
72 5 58 72
72 2 154 190
72 97 102 139
72 120 140
72 40 109
72 159 192
72 146 151
72 16 31
72 105 112
72 162 179
72 91 153
72 143 180
73 9 12 15 40 87 111 128 160 168 181
73 7 36 41 71 124 162 181
73 98 108 119 120 146 196
73 18 45 74 103 154 161
73 24 26 45 111 122
73 3 66 93 168 195
73 15 92 188 192
73 1 15 24 60
73 42 55 110 169
73 11 68 162 170
73 136 139 176 184
73 60 65 150 178
73 30 87 143
73 11 110 161
73 158 171 179
73 75 106 117
73 89 196
73 52 126
73 44
73 0
74 50 51 52 105 126 127 128 160
74 20 63 66 155 168
74 78 87 96 168 173
74 4 56 119 134
74 23 48 56 153
74 14 57 72 129
74 14 118 181 182
74 22 61 110 168
74 22 66 162 181
74 96 98 148 187
74 121 185 186
74 98 113 159
74 76 139 190
74 18 59 80
74 49 186
74 187
75 18 40 42 85 151 179 197
75 29 78 85 98 121 196
75 39 58 163 178 192
75 3 84 93 96 127
75 4 13 34 73 144
75 15 42 70 75 107
75 4 26 56 112 139
75 24 78 147 151 166
75 15 32 38 50
75 0 47 144 172
75 16 47 66 95
75 9 117 131 173
75 14 15 32 112
75 15 35 67 173
75 6 71 87 98
75 3 39 57
75 4 150 196
75 89 160 194
75 45 47 49
75 33 113
75 44 122
75 42 77
75 105 141
75 126 165
76 19 58 61 101 110 147 174 182
76 73 124 137 140 153 188
76 7 9 91 129 140 149
76 20 89 100 104 152
76 4 71 73 168 178
76 14 21 62 64
76 13 54 92 107
76 48 72 147 182
76 3 40 113 144
76 19 60 116 187
76 42 81 85
76 4 49 63
76 16 26 78
76 112 127 164
76 27 47 196
76 8 10
76 78 163
76 39 143
76 53 92
76 52 141
76 92 153
76 13
77 5 55 60 91 99 117 120 140 169 186
77 15 32 69 91 113 130 182
77 8 19 85 111 155 172
77 10 75 109 130 149 164
77 4 44 49 65 189 194
77 7 144 152 153 184
77 14 26 29 89 100
77 41 85 98 172
77 67 127 168 190
77 26 65 112 166
77 80 158 170 197
77 5 74 96 158
77 25 78 114
77 77 113 182
77 23 112 196
77 56 100 103
77 27 64 84
77 91 145
77 17 157
77 93 137
77 87
77 58
77 95
78 61 113 131 139 161 165 182 186 192
78 10 66 107 146 157 168
78 15 44 53 72 119 153
78 47 50 118 128 145 186
78 6 17 21 100 105 153
78 17 27 59 138 189
78 14 130 159 168 188
78 21 66 107 150 186
78 63 120 141 187
78 49 59 87 141
78 80 130 190 195
78 103 151 164 180
78 18 42 119
78 95 148 198
78 64 124 173
78 199
78 59
78 167
79 42 45 69 134 143 179 198
79 75 121 134 141 155 199
79 2 83 96 114 126 144
79 17 47 53 169 186 193
79 4 46 75 84 117
79 84 85 149 158 173
79 13 71 89 193
79 49 70 86 133
79 62 85 92 128
79 21 33 89 163
79 42 114 121 138
79 1 32 36
79 52 113 195
79 4 67 95
79 34 99 138
79 47 149
79 51 128
80 60 73 93 99 112 119 136 139 141 184
80 6 16 31 58 104 139
80 2 6 59 116 159 163
80 39 45 83 126 180
80 35 61 95 110 158
80 50 105 179 180 193
80 60 99 109 113
80 107 152 188 198
80 56 61 111 143
80 79 94 164
80 63 137 179
80 47 65 145
80 3 15 176
80 36 37 90
81 74 108 116 160 190 198
81 2 40 57 99 141
81 5 20 30 120 149
81 8 33 177 180 196
81 14 26 82 129
81 27 163 180 182
81 13 29 57 192
81 64 112 181 199
81 88 115 131
81 135 143 154
81 6 119 155
81 52 126 128
81 59 87 149
81 154 170 182
81 111 153
81 42 102
81 139
82 63 64 77 107 123 159 177
82 27 63 103 105 121 153
82 40 47 64 118 132 152
82 36 48 54 101 121
82 102 104 130 151 153
82 17 45 69 79 146
82 25 37 57 117 167
82 18 45 54 133
82 17 122 158 186
82 22 69 194
82 20 39 183
82 17 169 198
82 22 49 151
82 18 138 158
82 18 154
82 6 172
82 131
83 18 41 44 64 101 105 127 163 198
83 7 25 59 63 107 118 126 195
83 2 3 46 75 129 147 187
83 28 54 67 82 172 186
83 9 76 95 146 163
83 49 100 124 136 171
83 113 137 154 164 187
83 39 49 116 125 158
83 3 4 101 121 169
83 95 143 146 150 169
83 8 29 142 172
83 13 67 133 198
83 66 68 98 145
83 21 152 172
83 53 114 121
83 64 165
83 45 76
83 50 139
83 73 198
84 14 21 27 29 103 113 165 166 176
84 36 53 65 107 115 162 177 194
84 111 115 134 138 151 166 170
84 17 52 119 121 131 196
84 6 76 104 161 173 176
84 15 29 95 126 143 193
84 22 48 141 190 194
84 74 97 143 154 162
84 50 52 66 93 138
84 32 68 198 199
84 50 83 122 134
84 4 84 151 176
84 7 35 97 107
84 97 125 166 193
84 2 61 126 178
84 19 109 117 186
84 6 61 170
84 0 168 178
84 94 140
84 4 174
85 3 24 40 126 145 190 191
85 24 32 51 63 90 104 113
85 12 84 111 113 129 164
85 56 111 124 144 149 163
85 16 69 74 98 119 191
85 5 61 101 130 144 148
85 6 27 50 122 142
85 7 36 59 148 184
85 41 62 138 169 192
85 21 86 101 145
85 47 79 107 133
85 1 172 173 183
85 6 54 174
85 63 65 199
85 112 145
85 27 63
85 48 155
85 108
86 57 83 134 137 167 169 170
86 12 21 34 110 141 142 167
86 12 17 28 44 47 186
86 3 82 94 174 181 192
86 90 114 128 139 165
86 1 14 118 140
86 60 66 113 178
86 2 103 129
86 23 73 177
86 24 128 193
86 90 117
86 61 154
86 181
87 10 11 17 107 133 175 189
87 21 24 32 115 143 185
87 33 60 71 80 126 171
87 32 54 72 187 195
87 6 20 101 183 196
87 15 39 125 149
87 2 73 180 199
87 132 148 190
87 141 192
87 40 86
88 19 59 69 84 96 140 194
88 7 41 68 71 149 154
88 22 29 51 110 112 192
88 8 11 60 79 85 183
88 57 73 101 115 118 129
88 5 13 72 99 119 145
88 17 84 91 97 103
88 13 16 19 120 143
88 27 56 64 85 132
88 33 98 114 149 199
88 54 71 122 143 146
88 42 52 92 148
88 10 149 164 174
88 93 194 196
88 105 140 153
88 32 183 194
88 57 62
88 31 91
88 28
88 88
89 10 55 76 79 126 133 135 147 164 196
89 2 11 118 153 167
89 63 124 151 176
89 40 60 80 149
89 41 96 118 191
89 72 81 114 176
89 107 116 177
89 104 122 144
89 69 70 90
89 25 67 151
89 9 53 154
89 21 58
89 65 69
90 30 38 98 107 114 130 146 196
90 41 42 75 81 124 166 195
90 22 158 168 177 180 182
90 29 50 60 120 180 183
90 17 30 51 84 160 198
90 34 72 75 96 102 128
90 59 98 165 167 181
90 14 16 144 174
90 4 105 125 189
90 3 41 131 199
90 45 82 108 119
90 51 53 142 161
90 12 112 196
90 122 150 177
90 106 134 163
90 44 55 159
90 81 133 180
90 165 168
90 2 52
90 77 121
90 71 155
91 7 53 57 76 97 147 155 197
91 53 63 139 142 146 179
91 18 41 45 113 152
91 18 56 62 159 185
91 14 81 114 183 199
91 6 57 85 172
91 72 88 165 179
91 52 56 82
91 121 141 144
91 67 73 147
91 32 37 65
91 8 84
91 153 198
91 2 10
91 142 192
92 32 38 62 108 191 194 195
92 62 68 98 121 155 164 192
92 21 37 73 90 102 109
92 24 37 39 59 65 147
92 92 111 120 180 199
92 51 89 139 152 159
92 3 27 60 72 121
92 46 113 116 193
92 2 4 138 188
92 65 159 167
92 25 142 178
92 133 142 179
92 17 96 158
92 8 18 67
92 62 149
92 21 26
93 62 85 86 116 148 169 191
93 83 125 136 139 140 185
93 0 56 114 134 155 187
93 19 20 62 99 132
93 23 31 45 56 131
93 12 27 87 106 156
93 47 120 130 149 186
93 0 12 14 98
93 18 75 136 168
93 47 60 84 116
93 29 161 174
93 30 41 190
93 41 73 132
93 75 96 151
93 35 68 133
93 142 193
93 116 131
93 100 175
93 30 184
94 63 66 81 89 104 118 120
94 23 74 90 110 163 168
94 6 23 67 106 167 171
94 16 22 47 70 73 147
94 6 20 66 76 169 185
94 8 84 134 145 147 148
94 2 29 125 183 189
94 96 109 159 196 198
94 3 36 65 101 123
94 20 86 97 135 169
94 29 43 45 162
94 22 24 93 168
94 47 91 103 138
94 24 53 145 182
94 2 9 76 135
94 76 118 130 197
94 7 74 108 175
94 5 37 139 187
94 10 15 41 114
94 31 64 72
94 20 115 147
94 19 77 89
94 28 88 181
94 44 126 150
94 34 63 104
94 69 87 125
94 135 148 183
94 71 136
94 6
94 17
94 188
95 5 74 98 135 164 168 173 191
95 21 61 64 82 86 99 184 189
95 17 99 113 162 165 173 182
95 45 49 97 140 150 181 189
95 16 27 62 104 108 121 197
95 29 45 49 73 183
95 82 110 163 188 192
95 8 73 136 155 178
95 3 80 131 139
95 86 160 173 198
95 20 64 88 103
95 31 82 161 196
95 17 81 88 142
95 89 99 142
95 18 20 136
95 55 97 143
95 109 168 171
95 30 40 61
95 72 132
95 180 190
95 39 85
95 112 134
95 108
96 1 62 72 123 137 144 165 194
96 30 67 76 81 97 119 138 161
96 15 74 112 145 148 166 195 197
96 13 54 69 82 87 123 187
96 59 90 122 141 185 190 199
96 21 109 120 149 160 175 182
96 5 19 72 131 162 163 187
96 48 76 91 95 112 129 143
96 61 96 108 117 118 197
96 6 15 19 67 100 166
96 72 92 153 174 187
96 13 27 112 123 169
96 34 97 154 170 190
96 22 77 134 136 163
96 13 44 74 130
96 38 59 119 175
96 5 28 90 107
96 13 92 134 196
96 1 102 149 168
96 49 59 89 96
96 10 36 75 93
96 132 167 169
96 12 139 162
96 13 42 143
96 1 122
96 3 27
97 2 25 36 75 89 91 150 169
97 14 49 132 137 144 153 197
97 32 60 71 79 112 145 193
97 26 30 33 99 110 165
97 53 80 118 129 150 153
97 0 82 87 92 108
97 31 102 164 166 179
97 3 71 121 133 134
97 24 25 112 187
97 3 14 193 197
97 26 132 151 158
97 20 40 69 77
97 113 192
98 16 22 86 118 143 163 173 184
98 9 24 43 118 151 156
98 1 4 12 26 151 158
98 73 80 88 131 179
98 25 110 138 151 193
98 15 81 87 144 156
98 0 30 80 86 130
98 26 101 148 152 162
98 36 66 67 112 195
98 26 32 67 102 159
98 23 134 135 160
98 17 41 136 189
98 168 172 188
98 73 112 151
98 81 128 198
98 53 140
98 122 176
98 21
99 21 38 40 108 164 180
99 2 68 70 117 199
99 59 140 157 176 186
99 1 31 163 185 191
99 2 50 91 99 160
99 67 118 142 149 178
99 108 117 175 187 188
99 23 42 115 196
99 3 50 80 180
99 21 44 147 161
99 77 85 99 125
99 78 96 123 127
99 3 78 95 142
99 35 77 115 191
99 32 41 121
99 12 132 189
99 45 98 141
99 99 132 178
99 27 36
99 37 162
99 16 147
99 66 136
99 32 72
99 76 84
99 15 71
99 39
100 13 40 42 44 138 151 167 191
100 45 53 75 76 102 106 190
100 51 81 120 122 151 174
100 31 45 123 152 196
100 80 82 119 168 195
100 4 37 45 83
100 6 27 65 81
100 32 73 78 147
100 55 107 157 191
100 29 30 95
100 59 166 195
100 64 82 104
100 50 120 182
100 92 195
100 47 62
100 81 102
100 26
100 32
100 50
