200 2000
1 7 30 66 107 164 165
1 3 7 48 51 89 194
1 13 78 100 136 139 184
1 16 53 166 176 193
1 38 83 104 157 189
1 51 137 148 149 195
1 29 79 160 173 181
1 63 99 114 160 175
1 58 77 161 165
1 23 58 103 108
1 39 57 59 192
1 50 70 157 168
1 12 37 73 123
1 1 93 153
1 7 14 144
1 16 31 34
1 25 31
1 36 56
1 163
2 9 17 34 68 89 135 169
2 29 61 77 124 144 153 184
2 18 42 95 103 134 165
2 50 58 60 85 95 117
2 5 65 105 113 141 175
2 25 48 81 110 167 179
2 41 51 94 145 181
2 18 22 53 60 132
2 5 20 45 96 107
2 74 84 121 174
2 29 57 120 190
2 21 41 86 140
2 0 33 42 179
2 68 87 112 161
2 15 25 55 157
2 56 85 87 151
2 59 172 192
2 126 154 155
2 40 120
2 105 183
2 3 184
2 31 85
3 98 106 107 133 146 154 156 165
3 6 51 56 71 81 95 136 177
3 40 69 92 103 134 154
3 2 50 62 72 135 159
3 6 19 39 170 177 193
3 23 98 128 134 147
3 12 90 122 185 190
3 39 67 101 158
3 13 144 150 159
3 133 138 162 182
3 17 59 91 94
3 49 70 196
3 3 13 22
3 72 103 171
3 95 133 161
3 77 133 186
3 10 75 140
3 74 108
3 31 136
3 152 185
3 39 159
3 131 191
3 66
4 11 22 38 42 49 64 126 146 195
4 10 12 35 60 83 141 147
4 0 17 49 64 100 107
4 55 89 105 141 176 191
4 19 24 52 53 162
4 19 66 138 139 174
4 4 37 39 123 159
4 28 30 56 95 107
4 4 83 148 166 192
4 20 27 56 134 149
4 40 115 158 187
4 35 77 124 170
4 32 96 108 148
4 6 43 178 183
4 4 59 130 151
4 20 24 142 182
4 12 31 109
4 51 172 184
4 34 92
4 159
5 3 10 23 85 88 122 130 136 158 174
5 9 29 69 117 123 126 183 190 199
5 14 31 65 99 131 165 169 188 196
5 8 59 75 92 120 141 161 162 182
5 3 45 61 69 79 181
5 0 11 25 61 82 177
5 56 67 111 146 159
5 94 97 154 168 178
5 99 127 161 168 173
5 106 145 158 176
5 105 113 156 160
5 38 49 77 166
5 57 60 61 157
5 137 140 165
5 22 91 191
5 23 126 169
5 22 146 152
5 5 108 132
5 33 134 167
5 58 98
5 26 114
5 162
6 0 9 55 57 73 149 167 187 191
6 39 68 86 151 157 171
6 17 52 79 135 146 188
6 8 21 68 69 126 193
6 48 63 74 193
6 12 124 184 186
6 23 91 92 96
6 69 90 108
6 113 126 139
6 53 107 117
6 17 37 178
6 69 103 174
6 34 38 56
6 127 186
6 83
7 18 42 65 86 121 147 164 187
7 103 123 168 176 179 182 188
7 15 24 82 145 154
7 54 61 132 165 199
7 14 25 75 124 173
7 38 47 158 175
7 29 129 151 161
7 3 49 144 168
7 46 80 132 199
7 38 117 128 182
7 13 134 143 189
7 12 25 84 165
7 1 37 67 125
7 6 89 182
7 22 69 151
7 49 119 199
7 42 171 197
7 87 114
7 49 152
7 52 178
8 31 83 93 123 137 150 158
8 10 43 49 67 195 197
8 57 73 91 128 130 143
8 2 20 48 61 159 182
8 52 68 73 91 108
8 88 110 112 128 168
8 12 70 129 167
8 42 84 135 177
8 14 23 79 130
8 31 52 77 86
8 3 111 141 171
8 38 111 166
8 11 179 189
8 1 87 116
8 8 91 159
8 139 164 176
8 72 133 166
8 141 186
9 9 43 65 101 129 143 166
9 54 56 88 117 122 149 172
9 21 99 101 147 150 165
9 40 82 117 127 128 192
9 64 70 71 87 100 142
9 9 39 122 131 178
9 4 27 107 110 157
9 10 71 120 142 175
9 24 47 74 75 78
9 2 18 42 43 63
9 23 67 122 129
9 86 122 146 154
9 24 87 123 128
9 44 187
9 74 189
9 175 189
9 44 80
9 106
10 28 33 61 68 146 163 183 185
10 4 63 84 139 141 180 190
10 75 86 90 104 105 129
10 16 48 74 104 105 122
10 9 68 122 135 147 189
10 108 110 149 158 186
10 12 21 71 84 102
10 2 63 86 100 180
10 13 16 117 163 197
10 6 113 136 148
10 37 74 86 149
10 26 52 53 186
10 43 44 86 150
10 14 83 92 196
10 9 83 95
10 32 103 132
10 50 142 194
10 30 102 198
10 6 24
10 141 175
10 67 112
11 1 10 18 45 155 164 184
11 1 4 42 66 136 175
11 53 89 128 135 176 194
11 21 29 75 128 146 179
11 14 41 54 78 147
11 20 68 84 105 136
11 17 38 67 186 198
11 107 119
11 101 117
11 98
12 42 46 75 79 108 130 137 147 170
12 22 30 67 81 99 111 129
12 30 54 56 67 167 170 177
12 2 4 17 39 54 90
12 22 107 109 141 166 186
12 15 58 117 126 180 198
12 11 55 78 159 162 190
12 149 162 169 187 197 198
12 9 41 124 179 180 185
12 37 48 94 132 161 196
12 4 11 31 62 168
12 18 29 31 120 198
12 82 86 138 148 170
12 32 41 60 109 117
12 46 49 53 124 130
12 62 154 169 178 186
12 13 45 86 139 192
12 27 33 93 134 181
12 13 62 172 181 199
12 79 87 175 177
12 146 156 178 190
12 77 135 157
12 15 106 181
12 36 154 165
12 129 164 165
12 11 116 147
12 70 123 180
12 65 159 161
12 60 156
12 4 150
12 49 115
12 75
12 112
13 21 70 80 96 125 194
13 4 16 73 80 103 123
13 3 5 17 21 88
13 14 104 105 144 156
13 79 88 96 181 199
13 46 89 149 157 181
13 8 23 53 115
13 98 161 171 191
13 27 37 46 141
13 6 38 161 192
13 75 133 145 189
13 37 132 145 164
13 30 72 134
13 31 81 108
13 18 56 156
13 26 107 148
13 143 153 182
13 57 121 163
13 66 131
13 79
14 17 25 76 95 178 191
14 23 52 109 177 181 183
14 38 48 106 112 148 162
14 37 45 74 93 198
14 15 61 111 152
14 62 79 99 140
14 48 61 79 164
14 72 109 180 187
14 33 41 103 177
14 101 118 185
14 78 84 96
14 46 64 176
14 71 107 194
14 51 82 104
14 20 29 114
14 6 45 96
14 115 121 190
14 6 106
14 85 196
14 19
14 63
14 28
15 13 48 94 127 162 181 190
15 19 28 29 126 142 186 195
15 114 120 135 153 154 171
15 14 15 37 55 88 144
15 84 91 125 127 163 172
15 11 94 98 140 148
15 10 67 73 108 116
15 94 105 118 136 154
15 7 85 112 174 178
15 29 94 133 163 174
15 50 70 155 195
15 15 59 95 199
15 13 29 71 121
15 66 72 90 186
15 11 47 120 181
15 6 8 95 110
15 53 101 117 119
15 13 85 90 188
15 24 73 79 190
15 28 147 185 189
15 95 126 172
15 74 170 173
15 56 91 168
15 44 86 100
15 90 181
15 86 120
15 117 137
15 120
16 50 55 79 94 136 138
16 24 35 38 90 107 165
16 21 49 90 127 174 179
16 8 26 76 94 151 196
16 16 31 106 112 116 142
16 29 75 111 130 171
16 40 82 107 169 187
16 6 8 43 58 187
16 57 135 167 182 188
16 10 102 149 173
16 7 58 73 184
16 36 39 98 160
16 4 57 163 199
16 18 99 129 174
16 3 66 173 185
16 3 63 182
16 5 58 126
17 1 13 16 28 80 89 193
17 38 43 76 90 178
17 6 67 71 89 163
17 11 52 82 104
17 67 69 163 191
17 49 57 122 155
17 62 120 187
17 48 95 155
17 127 140 156
17 5 43 102
17 32 144 155
17 177 183
17 67 167
17 82 93
17 66 181
18 21 31 43 61 119 135 186 191
18 70 100 103 104 149 167 197
18 7 31 48 108 147 155
18 17 63 92 103 152
18 26 34 114 148 190
18 25 29 135 170 189
18 59 74 78 94 108
18 0 11 102 136
18 90 105 180 181
18 149 157 158 160
18 43 48 134 145
18 0 32 137 144
18 16 84 118 161
18 57 98 154 192
18 6 39 157
18 87 128 167
18 20 36 103
18 41 126 195
18 95 146
18 114 169
18 46 74
18 93 171
18 53 76
19 12 29 59 89 93 104 108 112 137
19 23 46 81 82 92 97 118 166
19 65 80 118 133 139 172
19 76 134 152 172 186 187
19 37 74 80 134 193
19 5 6 109
19 10 31 152
19 41 172 187
19 123 130 152
19 45 131 156
19 125 138
19 78 155
19 32 192
19 33 107
19 96 173
19 12
20 20 22 24 47 49 111 148 188 196
20 19 64 86 127 137 182 197
20 57 63 72 99 131 133
20 54 84 95 157 159 176
20 63 88 105 111 121 153
20 13 43 64 148 152 185
20 0 11 82 138 154
20 17 62 122 130 148
20 43 128 160 162
20 101 156 165 195
20 4 24 36 47
20 45 55 57 189
20 41 150 153 199
20 93 133 163
20 109 122 136
20 1 61 148
20 6 76 115
20 30 131 169
20 148 149 190
20 31 38 197
20 40 74 194
20 79 169 192
20 53 109
20 4 104
20 25 195
20 38 171
20 131 145
20 83 107
21 3 23 80 88 96 119 140 143 187
21 6 26 39 49 73 106 152 193
21 4 30 106 114 133 163
21 80 138 145 162 198
21 30 74 75 86 131
21 42 109 122 152 186
21 32 59 104 145 179
21 83 110 122 159
21 68 80 158 189
21 12 148 172 177
21 20 75 133
21 32 74 121
21 2 30
21 160
21 173
22 32 73 94 101 122 128 131 160 177
22 9 15 18 81 82 144 146 150
22 18 33 53 67 133 177 190
22 3 58 69 122 142 164
22 46 89 147 173 178
22 92 116 121 123 130
22 12 55 136 159
22 15 31 96 128
22 21 69 128 160
22 27 101 137 164
22 61 74 147
22 156 161
22 23 187
22 49 127
22 9 199
22 172 190
23 14 16 27 42 97 153 189
23 45 102 140 153 165 190
23 18 30 33 66 100 145
23 25 37 80 141 182
23 37 38 60 165 173
23 45 125 130 138 188
23 7 42 176 183 192
23 68 74 169 195
23 136 169 175 199
23 29 37 56 121
23 13 51 77 136
23 3 123 144 167
23 27 85 158
23 143 147 166
23 30 92 184
23 34 52 97
23 37 49 172
23 9 97 123
23 10 146
23 120 159
23 13 90
23 32 164
23 26
23 5
23 5
24 10 20 32 57 73 86 96 118 121
24 5 23 50 121 132 144 168
24 42 133 157 180 187 194
24 0 23 65 82 98 121
24 15 37 85 115 144 189
24 29 62 66 157 171
24 9 17 31 35 119
24 16 62 179 189 192
24 30 57 155 185
24 0 49 143 196
24 45 107 123 146
24 32 55 69 126
24 60 155 174 198
24 42 87 186 199
24 72 130 190
24 19 60 175
24 153 194
24 65 139
24 51
24 60
24 12
24 142
25 62 81 130 132 154 191
25 2 10 66 71 91 164
25 7 93 145 187 193
25 21 84 119 137 195
25 64 75 86 120 161
25 20 62 111 132 142
25 99 132 183 192
25 49 127 128 138
25 104 130 149 183
25 28 33 88 92
25 36 132 165 177
25 14 80 86 114
25 10 23 24 73
25 39 78 119 155
25 52 147 198
25 86 164 172
25 38 124 125
25 3 135
25 45 81
25 123 126
25 112
26 18 31 33 39 52 119 137 158 187
26 6 18 20 124 126 143 159
26 32 41 138 154 161 178
26 14 48 83 106 146
26 91 93 101 106 136
26 33 48 78 106 138
26 37 73 86 106
26 162 175 181 185
26 0 70 159 166
26 36 55 109 180
26 4 17 76 78
26 21 100 155 196
26 72 110 136 164
26 20 57 129
26 55 83 100
26 102 132 192
26 151 161
26 99 107
26 92
27 33 36 59 60 91 106 185 196
27 19 20 30 51 110 131 156 160
27 7 33 45 175 182 193
27 18 67 76 116 167 196
27 1 28 49 167 173 183
27 22 35 72 123 142
27 67 68 85 122 141
27 15 48 111 124 126
27 97 98 109 196 199
27 26 40 77 90 100
27 36 70 76 113
27 64 94 116 180
27 2 48 62 89
27 22 48 60 115
27 24 29 124 145
27 44 120 137
27 32 74 109
27 115 128 133
27 100 115 124
27 36 42 143
27 92 95 194
27 20 59 121
27 7 82 151
27 63 104 146
27 70 74 163
27 58
27 46
28 13 17 39 66 73 174 186
28 44 70 127 137 153 162
28 41 52 82 161 172 191
28 16 18 45 69 74
28 32 96 131 144 190
28 41 54 115 118 145
28 4 95 146 179
28 24 117 122 145
28 88 118 120 151
28 49 96 130
28 15 17 133
28 15 92
28 181 192
28 22 198
28 34 43
28 10 62
28 170
29 6 24 30 72 95 117 137 154
29 14 29 91 102 128 197
29 6 17 42 90 92 186
29 18 47 54 140 146
29 13 67 74 119
29 38 73 155 158
29 16 113 166 176
29 90 157 160 176
29 71 105 149 174
29 48 83 137
29 127 141 153
29 51 142 157
29 124
29 187
29 190
30 87 100 111 134 140 147 180 199
30 16 17 71 80 121 144 145 153
30 0 68 104 105 150 181 189
30 49 63 78 162 174
30 106 127 157 160 195
30 6 27 117 189 190
30 63 94 100 130 151
30 22 34 40 66
30 4 121 128 195
30 71 132 139 191
30 27 80 190 194
30 21 27 67 145
30 7 37 47 86
30 56 84 184 194
30 62 85 121
30 16 91 174
30 0 104 195
30 76 78
30 58 132
30 95
30 50
30 90
31 7 69 97 98 128 161 164 167
31 14 74 95 141 155 199
31 55 64 124 147 182 185
31 16 27 148 171 197
31 78 92 118 123 174
31 15 71 83 129 133
31 11 47 119 163
31 64 89 163 194
31 6 79 84 166
31 56 67 182 188
31 10 140 156 164
31 37 120 148
31 30 73 122
31 27 119 140
31 36 38 140
31 6 10 175
31 45 65 165
31 50 83 136
31 69 146
31 123 160
31 187
31 102
32 27 51 53 63 81 90 116 159 173 175
32 37 137 140 153 161 168 192
32 55 69 103 148 171 195
32 41 76 88 97 114 124
32 22 39 93 143 182 184
32 25 93 102 152 170 183
32 35 60 87 92 130
32 14 32 65 67 176
32 0 60 74 123 134
32 92 107 129 160
32 24 122 180 182
32 107 122 165
32 65 117 124
32 86 94 193
32 113 123
32 171 192
32 182 197
32 13 36
32 42 93
32 99 101
32 165
33 3 11 28 65 68 114 121 137 141
33 18 44 49 52 53 90 92 139
33 7 18 37 54 61 73 141
33 79 80 117 125 133 170 187
33 12 16 75 115 157 188
33 4 50 108 117 184
33 20 66 75 135 160
33 17 134 138 142 193
33 38 39 82 148 151
33 50 87 88 160 181
33 69 100 166 184
33 0 100 158 197
33 26 173 174 178
33 3 90 101
33 18 43 132
33 18 36 127
33 1 8 123
33 112 146 187
33 74 134 170
33 9 119
34 14 27 64 118 165 189
34 32 103 113 125 155 188
34 11 36 99 119 173
34 72 128 138 149 164
34 88 106 126 179 197
34 1 28 36 183 196
34 7 21 79 100 138
34 0 7 17 76
34 29 49 99 177
34 15 16 167
34 7 76 106
34 82 93 131
34 53 82 153
34 0 23 58
34 127 161
34 11 160
35 36 51 87 109 134 138 146 150 154 187
35 15 87 98 143 144 172
35 49 64 74 134 192
35 19 61 84 157
35 34 131 138 161
35 25 141 161
35 23 170 183
35 10 43 75
35 16 102 187
35 30 135 178
35 51 69 126
35 71 122
35 116 196
35 23 102
35 149
35 153
36 7 51 65 75 117 134 153
36 18 49 50 51 162 181
36 22 26 30 47 140 188
36 63 103 121 139 154
36 4 21 35 50 155
36 12 16 82 145 165
36 109 112 138 156 164
36 62 65 94 174
36 45 47 74 197
36 13 75 193 198
36 31 33 69 141
36 24 81 94 185
36 35 77 102 113
36 68 103 123
36 71 75 172
36 4 139
36 34 165
36 18 187
36 130
37 25 36 57 94 146 156 175
37 3 24 46 121 152 163
37 22 24 73 88 105 121
37 10 20 75 81 107 157
37 70 136 153 174 197
37 8 83 128 176 177
37 68 82 105 156 157
37 97 104 124
37 24 34 162
37 46 129 193
37 17 129 174
37 28 36 63
37 47 98
37 1 137
37 29
38 14 16 46 89 104 112 118 191
38 3 65 72 117 132 193 197
38 92 99 107 124 132 193 194
38 30 52 75 82 130 157 197
38 68 80 96 110 142 146 185
38 54 69 71 72 142
38 31 67 144 155 164
38 51 82 129 145 178
38 59 123 135 136 185
38 23 32 113 125 189
38 4 72 91 93 195
38 45 49 69 75 174
38 0 21 76 77 178
38 57 72 77 176
38 1 48 61 125
38 12 89 126
38 13 48 128
38 34 75 87
38 117 170 198
38 35 36 126
38 119 199
38 85 105
38 13 172
38 3 186
39 2 9 71 94 105 127 153 172 182
39 34 39 41 91 102 129 132 172
39 37 50 59 69 70 161
39 26 80 83 103 106 177
39 62 77 100 112 159 178
39 98 129 158 165 173
39 16 52 60 76 149
39 84 86 108 132
39 25 35 93 147
39 9 114 118 130
39 15 20 77
39 33 81 171
39 123 186
40 21 41 60 109 123 149 188
40 6 41 54 82 176 191
40 21 53 75 96 188
40 48 49 65 155 194
40 67 98 123 147 185
40 23 41 58 86 88
40 24 50 71 106 108
40 3 41 118 179 181
40 11 35 94 156
40 74 81 100 157
40 31 48 176 193
40 6 14 92 176
40 37 72 102
40 50 102 179
40 30 73 152
40 133 141 179
40 26 60 88
40 19 136 169
40 57 130
40 26
41 19 38 39 49 101 114 116 124
41 1 41 52 68 79 83 117
41 5 44 46 80 92 117 129
41 34 43 102 115 120 134
41 41 51 108 124 138 158
41 14 15 55 114 167
41 45 91 96 147
41 32 46 53 146
41 72 127 156 158
41 49 75 90 92
41 5 77 174 177
41 31 39 150
41 12 133 186
41 3 80 139
41 4 33 131
41 127 182
41 43 84
41 23
42 56 76 148 149 173 175
42 29 124 134 163 191 192
42 21 34 91 107 152 165
42 54 55 86 110 132 170
42 64 90 96 106 112 190
42 13 18 42 63 120
42 26 41 56 113 170
42 9 25 86 144 187
42 135 177 179 188
42 19 167 173 188
42 110 133 177 182
42 17 74 125 144
42 18 62 97 181
42 1 19 154
42 123 183 192
42 20 34 138
42 54 132 191
42 7 86 158
42 130 157
42 139 145
42 131 181
42 170
42 174
43 2 16 57 76 106 126 181
43 8 20 50 78 108 146 175
43 37 47 60 84 102 172
43 6 19 58 103 104
43 5 8 29 92 176
43 55 68 97 166 193
43 10 29 97 126
43 55 102 127 136
43 21 62 121 161
43 80 84 131 158
43 26 29 97 105
43 5 91 139 187
43 6 66 80 188
43 65 86 190
43 12 58 109
43 81 103 152
43 35 137 175
43 79 130
43 50 66
43 68 144
43 65
43 29
44 75 85 92 94 128 148 157 159
44 2 9 35 88 112 119 169
44 17 41 65 146 159 193
44 36 55 106 136 168
44 76 85 92 106 152
44 65 77 147 182 190
44 21 29 88 176
44 12 23 90 129
44 24 73 165 190
44 51 88 180 187
44 19 32 44 127
44 57 150 179 185
44 32 47 84
44 95 122 166
44 58 76
44 51 58
44 50 194
44 2 93
44 37
44 23
45 28 54 82 83 84 95 106 186
45 33 79 100 124 136 146 153
45 46 77 84 169 173 177 189
45 29 35 63 85 127 197
45 34 40 59 64 70 99
45 60 84 105 169 172 174
45 40 98 99 114 122
45 42 94 150 165 169
45 28 38 53 157 177
45 23 62 88 118 140
45 13 70 118 156
45 28 42 48 148
45 1 32 115
45 35 88 197
45 138 146
45 64 172
45 41 153
45 42 168
46 16 49 69 115 130 133 139 199
46 22 26 78 89 91 158
46 93 107 121 125 141 166
46 30 51 60 88 100 163
46 4 81 100 135 171
46 28 109 164 194
46 9 25 28 161
46 42 116 158 195
46 4 102 105
46 17 68 103
46 58 103 129
46 3 60 75
46 0 27
46 10 187
46 92 186
47 8 51 60 66 119 131 150 175 184
47 39 59 73 113 166 175 193
47 2 62 66 94 105 163
47 24 54 109 179 181 195
47 35 76 148 190 191
47 8 32 124 134 184
47 1 30 80 117 158
47 27 76 105 109 137
47 18 109 121 149
47 46 139 147 186
47 4 66 81 146
47 3 12 82 100
47 72 78 109 158
47 61 97 142
47 46 98 119
47 69 98 183
47 97 171 176
47 30 110
47 10 113
47 71 78
47 37 143
47 36
48 26 34 36 38 140 141 164 195
48 32 51 101 109 149 183 198
48 47 51 75 125 178
48 15 31 41 44 58
48 38 52 86 93 178
48 26 38 53 145
48 14 41 75 113
48 2 42 108 168
48 7 128 164 199
48 70 96 166 173
48 79 110 176 199
48 70 132 198
48 38 174 195
48 71 77
48 1
49 34 53 64 109 124 126 144 171 182
49 62 106 111 164 180 189
49 38 40 98 127 185 187
49 5 33 45 50 137
49 9 21 44 47 187
49 31 127 157 173
49 103 140 145 182
49 69 113 122 183
49 32 40 109 171
49 59 123 138 140
49 43 112 165 178
49 37 67 105 106
49 107 168 172 185
49 42 59 100 155
49 40 75 76 112
49 25 28 153
49 92 125 163
49 60 101 192
49 33 149 199
49 25 90 152
49 62 133
49 0 7
49 124 168
49 160 181
49 28 105
49 66 98
49 59 96
49 8 188
50 91 123 136 173 190 199
50 26 32 61 102 118 183
50 22 24 170 180 185
50 34 40 72 127 135
50 25 66 77 109 192
50 18 66 72 87 197
50 2 73 105 191
50 53 97 187
50 57 74 146
50 3 122 184
50 49 148 163
50 58 92 199
50 61 127 194
50 107 124 196
50 17 107 188
50 1 90
50 1 125
50 161 168
50 124 199
50 100 186
51 9 23 61 97 106 111 160 193
51 17 22 118 129 141 160 178 188
51 53 78 118 137 142 177 181
51 2 31 64 109 189
51 29 64 94 105 169
51 50 61 72 125 147
51 37 64 68 189
51 6 30 63 155
51 4 54 71 124
51 10 25 99 199
51 15 104 172 181
51 38 65 140 193
51 41 64 77
51 15 39 184
51 14 88 114
51 17 113 118
51 20 52
51 126
52 1 62 66 80 82 85 123 128 155
52 36 48 51 73 121 138 180 191
52 8 65 87 88 116 158 183 196
52 86 117 152 182 187 190 198
52 27 94 96 120 130 146
52 99 111 162 173 196
52 8 11 24 100 194
52 0 48 57 176 184
52 96 99 116 119 156
52 42 66 74 188
52 8 48 116 157
52 21 26 116 199
52 90 127 147 156
52 36 141 180
52 3 41
52 92 169
53 13 27 67 95 108 134 141 148
53 6 28 95 123 156 157 182
53 9 87 105 115 131 158 178
53 72 75 90 138 165 197
53 4 55 60 63 108 139
53 26 37 65 90 127
53 74 81 125 170
53 37 42 81 142
53 17 62 103 166
53 9 92 190 191
53 13 37 85 100
53 70 144 149 151
53 19 85 142 194
53 42 51 145 192
53 27 96 169 190
53 56 70 194
53 27 142 143
53 20 123 179
53 140 148 189
53 71 114
53 18 74
53 35 57
54 1 2 26 35 54 86 117 127 154
54 7 12 41 64 117 162 177
54 19 59 119 143 145 199
54 121 122 139 140 191
54 44 81 99 115 199
54 38 59 146 177 194
54 39 57 65 96 172
54 12 38 108 192
54 0 16 54 167
54 32 93 129 161
54 32 57 113 159
54 65 129 175
54 15 83 113
54 57 106 115
54 4 75 183
54 4 81
54 80 178
54 7 198
54 94 149
54 141 182
54 13
54 174
55 17 40 89 118 124 171 173 193
55 0 40 50 64 98 198
55 11 17 23 55 73 136
55 48 87 111 131 165 189
55 10 61 132 156 169 182
55 59 60 61 118 134
55 4 51 56 68 183
55 61 76 78 80 189
55 5 92 150 178
55 21 143 151 175
55 1 37 91 116
55 2 104 121 127
55 75 120 149 152
55 28 90 156
55 93 133 152
55 1 5 103
55 49 52 103
55 105 121 141
55 44 71 123
55 62 100 179
55 30 172 195
55 15 21 116
55 49 72 180
55 66 131 175
55 1 188
55 43 60
55 57 130
55 143 163
56 38 69 79 167 168 194 198
56 54 70 93 108 128 175
56 31 44 63 97 173 193
56 31 38 70 116 178
56 36 57 153 171 183
56 0 13 29 131 141
56 103 104 147 158 175
56 127 132 152 182
56 3 61 119
56 94 138 147
56 38 39 151
56 137 142 173
56 38 49 112
56 105 157
57 25 52 82 83 153 197
57 19 20 65 118 143
57 12 70 109 164 179
57 2 16 66 143 164
57 5 10 13 22 51
57 2 14 66 113
57 19 30 61 120
57 25 53 163 175
57 21 50 126 149
57 62 64 81
57 60 69 177
57 72 184
57 23 152
57 6 101
57 16 189
57 39 122
57 113
57 133
58 12 42 56 87 131
58 40 125 141 166 182
58 0 40 75 88 112
58 31 98 133 145 147
58 78 104 147 155
58 26 67 110 136
58 77 116 135 167
58 50 69 137 168
58 23 79 87 115
58 2 22 179
58 26 35 52
58 123 150 184
58 52 58 116
58 2 6 193
58 65 157
58 53 159
58 108 185
58 4
59 0 33 52 55 97 141 176
59 12 58 117 127 153 168 184
59 30 56 112 176 182 198
59 15 38 46 83 118 163
59 24 33 58 92 124
59 3 56 89 91 197
59 62 93 98 155
59 58 113 133 147
59 129 147 171 191
59 0 1 4 6
59 49 144 190 197
59 43 56 187
59 147 157 198
59 35 105 109
59 4 110 149
59 31 157 191
59 10 20 175
59 14 46 186
59 125 167 177
59 84 143 150
59 30 58
59 189 193
59 128 186
59 55 159
59 146 169
59 104 182
59 48 151
59 112 147
60 15 21 62 115 127 137 158 162 167
60 1 16 24 91 107 144 159
60 12 26 85 146 175 177 194
60 17 27 95 140 153 195
60 44 67 105 130 169 171
60 18 31 33 57 180
60 35 85 111 180 198
60 9 39 55 87
60 23 47 92 103
60 128 139 164 197
60 35 76 119 151
60 77 140 172
60 14 60 145
60 60 80
60 145 180
60 168
60 12
60 8
60 140
61 13 26 32 48 108 122
61 39 61 69 97 142
61 0 25 88 139 153
61 2 85 121 131 179
61 24 144 158 175 199
61 23 27 101 103 131
61 24 51 55 99 121
61 48 76 162 184 199
61 63 77 81 116
61 6 15 16 46
61 22 129 143 154
61 49 90 115 154
61 2 75 95
61 74 110 168
61 5 149 165
61 45 140
61 105 126
61 100 148
61 199
61 112
61 75
62 1 17 30 68 148 160 168
62 25 77 110 134 181 183
62 19 125 133 149 151 170
62 4 8 95 124 134 186
62 48 121 127 193
62 86 103 136 137
62 140 191 193 194
62 24 56 70 75
62 15 20 22 28
62 62 96 133
62 99 153
63 19 75 100 122 161 164 168 173
63 4 27 34 54 59 86 96
63 32 62 91 103 162 193
63 12 101 113 141 178
63 80 90 108 171 190
63 44 84 117 156 168
63 25 41 83 139 165
63 3 25 66 67 123
63 12 45 85 122 129
63 0 7 40 112
63 41 59 156 196
63 62 82 118 158
63 48 71 137 142
63 38 111 184
63 87 159 173
63 99 105 190
63 43 116 196
63 0 52
63 154 175
63 93
64 52 111 119 142 155 156
64 49 73 106 152 185
64 112 122 152 156 177
64 39 43 135 178 192
64 0 59 92 149 162
64 43 48 62 81 166
64 42 63 94 107 134
64 53 67 96 152 166
64 29 43 81 137 173
64 98 174 189 198
64 27 32 52 155
64 8 34 109
64 109 115 126
64 78 174 182
64 1 46 125
64 62 80 81
64 120 122 146
64 32 121 174
64 8 9 151
64 18 47 54
64 42 124
64 31 103
64 88 167
64 122 165
64 153
65 18 39 41 50 67 81 96 153
65 9 50 71 76 95 124 183
65 24 126 130 154 189 194
65 39 40 75 143 178 181
65 29 56 68 86 120 164
65 29 64 72 163 189
65 97 162 170 182 197
65 69 74 89 108
65 47 52 56 175
65 90 122 159 195
65 109 115 147 191
65 27 80 140 180
65 61 150 171
65 18 87 191
65 71 79 173
65 0 170 172
65 54 146 193
65 46 69 105
65 31 44 114
65 11 114 175
65 113 166
66 3 14 30 47 49 89 128 134
66 71 75 78 114 164 171 175
66 16 85 102 123 162 183 196
66 36 59 97 115 170 185 187
66 78 84 94 104 167 184
66 10 54 96 132 133 163
66 50 86 94 130 134 194
66 7 21 93 107 113 132
66 2 10 126 139 153
66 2 102 161 178 198
66 74 123 124 171 191
66 37 121 151 173
66 102 114 160 199
66 17 26 53 192
66 9 39 76 184
66 0 48 143 144
66 19 81 160
66 48 129 199
66 148 151 186
66 29 59 109
66 6 134
66 177
67 4 11 134 139 142 152
67 10 40 68 70 160 196
67 49 109 134 170 182 195
67 2 34 74 121 189
67 2 13 66 138 170
67 46 48 63 141
67 36 100 164 183
67 22 76 77 111
67 23 33 85 128
67 25 65 88
67 154 160 191
67 71 126 176
67 34 176 183
67 83 84 196
67 10 64 163
67 53 68
67 93 95
67 170 172
67 18 122
67 69
68 14 46 96 101 129 137 197
68 40 80 114 120 147 196
68 109 121 137 179 184 196
68 45 127 177 179 191
68 28 49 53 128 199
68 19 42 62 93 173
68 24 98 107 110 117
68 121 134 150 186 189
68 10 13 104 143
68 41 88 92 184
68 20 151 168
68 92 138 141
68 25 46 146
68 102 112 194
68 24 77 85
68 112 129 131
68 117 119 157
68 59 153
68 48
69 10 20 77 86 102 130 132 138
69 44 60 93 144 170
69 24 42 55 92 185
69 16 26 27 116
69 41 71 77 153
69 19 45 72
69 0 168 179
69 49 108 130
69 96 166 189
69 71 173
69 34 146
69 196
69 3
70 41 57 61 78 119 136 198
70 16 17 106 113 117 163
70 2 3 14 28 65 157
70 21 31 93 111 130 195
70 1 49 80 93 177
70 60 105 107 170
70 44 59 120 180
70 47 76 93 199
70 52 99 116 178
70 36 107 113 134
70 95 98 100
70 1 108 113
70 15 19 183
70 9 73 94
70 117 158
70 27 84
70 16 42
70 77 113
70 135 199
71 9 68 80 83 107 118 130 145 152 186
71 7 20 26 33 35 37 100 124 128
71 5 14 64 148 168 175 198 199
71 18 32 78 111 189 190 199
71 12 85 142 145 148 173
71 18 54 89 141 167 172
71 38 41 43 94 143 196
71 29 62 72 120 194
71 43 44 71 83 139
71 7 10 20 120
71 6 117 126 197
71 7 33 95 191
71 28 36 120 185
71 53 56 150
71 119 131 156
71 10 77 135
71 88 123 191
71 72 141 189
71 124 177 180
71 7 49 156
71 2 95 110
71 90 135 189
71 75 193
71 130
71 13
71 22
71 50
72 17 24 34 72 83 96 143 145 186
72 2 6 18 52 93 146 147
72 25 31 40 45 48 79 106
72 20 26 76 77 151 154
72 1 81 111 112 119 126
72 11 12 15 86 121 182
72 7 46 77 168 198
72 71 76 109 113 187
72 31 39 75 92 186
72 27 104 139 146 198
72 59 122 155 169 181
72 29 86 94 158 199
72 54 64 73 126 193
72 106 107 169 183
72 39 115 163 183
72 46 88 183 193
72 28 91 168
72 11 40 62
72 66 74 113
72 85 127 152
72 7 199
72 0 181
72 114 122
72 81 173
73 12 19 29 106 115 137 198
73 9 22 53 57 76 79 162
73 1 25 37 108 171 191
73 66 78 99 128 155 177
73 68 95 117 161 177
73 26 48 78 90 108
73 30 48 67 73 147
73 33 36 78 112 159
73 28 59 87 109 196
73 57 82 151 160
73 21 62 64 194
73 79 121 136 188
73 46 116 144 180
73 7 17 19 131
73 36 77 180 189
73 76 129 180
73 47 116 149
73 135 136 164
73 73 101 190
73 33 157 178
73 36 101 122
73 22 141
73 107 185
73 88 109
73 171
73 8
74 7 69 127 128 159 192
74 54 72 76 152 155 166
74 6 71 119 128 137 151
74 66 69 90 135 145 198
74 27 42 88 99 145 187
74 38 64 126 127
74 18 49 146 183
74 59 71 78 79
74 41 42 67 176
74 52 104 130
74 19 87 94
74 60 101 181
74 73 142 187
74 9 78 172
74 1 34
74 195
74 19
75 34 48 70 84 98 103 147 165 173
75 17 36 81 109 117
75 1 68 90 161
75 43 86 124 189
75 85 106 135 151
75 30 149 164 189
75 14 148 154
75 27 119 165
75 131 158 194
75 49 159 166
75 35 39
75 73 188
75 66 147
75 1 165
76 8 40 65 103 104 145 160
76 79 132 161 165 178 188
76 13 29 60 135 190 191
76 22 28 31 143 185
76 9 36 55 80 143
76 1 53 102 185 186
76 4 31 103 107 145
76 11 44 114 129 159
76 65 73 106 144 196
76 31 118 156 183
76 12 58 129 146
76 17 45 73 102
76 95 135 182
76 19 98 109
76 28 103 136
76 13 100 194
76 81 146 147
76 99 116
76 131 175
76 115 196
76 55 87
76 11 63
76 33
76 41
76 134
76 71
77 3 8 72 111 112 128 137
77 34 57 84 115 130 156 191
77 57 59 91 96 193 197
77 27 110 133 159 167 168
77 22 77 83 102 103 143
77 11 90 114 133 163
77 0 28 93 128 191
77 57 74 124 151
77 8 20 125 194
77 60 115 117 166
77 46 80 84 133
77 64 85 88 144
77 27 31 194
77 75 120 180
77 5 46 99
77 74 82 146
77 26 152
77 48 120
77 178
78 24 44 70 93 107 115 116 172 184
78 14 49 81 108 120 170 175
78 42 95 101 124 148 176
78 16 101 111 151 186
78 5 17 25 117 160
78 11 86 123 166
78 41 108 114 161
78 0 15 79
78 8 105 173
78 43 104 149
78 45 76 114
78 26 155 159
78 91 151 162
78 5 102
78 88 165
78 3 45
79 3 45 54 89 151 163 184 192
79 5 24 52 54 105 138 146
79 9 16 25 147 176 178 183
79 11 61 65 101 108 196
79 27 79 90 143 157 173
79 11 52 64 66 143 154
79 5 25 33 144 184
79 35 136 146 163 169
79 61 67 69 75 178
79 46 58 83 100 197
79 16 36 98 191
79 103 135 157 173
79 6 67 104 144
79 43 70 127 135
79 16 88 115
79 43 157 177
79 74 130 137
79 7 33 98
79 54 129 175
79 171 178
79 185 195
79 27 163
79 69
80 86 99 124 137 140 164 171
80 30 56 58 102 149 199
80 16 46 54 81 93
80 2 52 98 184 197
80 3 7 36 70 134
80 5 102 157 165 195
80 41 137 165 193 198
80 16 31 96 160 195
80 57 110 139 181
80 28 65 123 142
80 44 163 180 192
80 53 77 87 114
80 42 44 99 106
80 117 120 123
80 0 22 63
80 120 153 197
80 32 38 175
80 43 104 182
80 96 181
80 114 180
80 90 140
80 26 31
80 159 186
81 10 46 96 99 145 181
81 2 22 23 127 161 174
81 30 78 148 153 161
81 35 80 115 172 188
81 84 119 132 144 162
81 5 56 63 92 113
81 0 26 118 126
81 29 56 83 125
81 19 66 125 127
81 76 88 92
81 39 52 185
81 76 137 193
81 136 140
81 23 41
81 44 85
81 146 154
81 82 130
81 14
82 30 50 59 86 93 123 128 153 170
82 26 48 63 78 103 140 166 178
82 14 46 57 71 189
82 14 47 83 193 198
82 11 24 101 145 180
82 68 83 104 105
82 110 147 198
82 55 66 107
82 131 183
82 100 132
82 0
82 138
83 14 16 24 38 41 70 105
83 18 35 72 82 117 134 181
83 6 44 122 149 151 172
83 55 59 73 108 163
83 60 71 83 124 149
83 40 123 170 180 197
83 22 41 50 61 176
83 34 89 103 174
83 62 83 119 138
83 18 118 182
83 61 104 144
83 17 38 108
83 92 168
83 95 156
83 26
84 18 77 103 114 133 172 182 194
84 16 55 64 132 135 136 156 197
84 64 82 92 103 124 149 175
84 17 28 90 92 135 192 198
84 7 14 21 37 66 152 180
84 108 125 132 133 148 159 192
84 10 99 121 127 160 195
84 115 162 170 172 197
84 54 170 178 189 197
84 24 29 95 110 126
84 14 126 141 154 174
84 50 73 163 166
84 116 123 148 184
84 28 61 84 177
84 7 55 158
84 5 6 52
84 14 71 87
84 67 72 141
84 67 148
84 129 180
85 18 44 59 90 140 169 182
85 41 51 91 92 167 184
85 11 75 98 117 133
85 6 90 102 125 174
85 88 100 122 175 179
85 66 94 121 149
85 80 152 172 185
85 69 75 79 178
85 19 54 140 152
85 9 16 41
85 35 74 110
85 32 40 111
85 60 103 146
85 92 153
85 100 164
85 131
86 41 86 119 136 138 149
86 51 61 78 121 122 141
86 63 127 132 139 172
86 33 55 86 124 158
86 38 80 119 173 175
86 59 110 143 186
86 116 140 154 193
86 25 117 136 138
86 71 80 104 149
86 108 136 149 154
86 37 133 141 151
86 17 64 117
86 56 82 112
86 69 134 166
86 43 124 167
86 105 161
86 95 104
86 13 35
86 36 98
87 50 62 80 89 106 182 192
87 36 127 131 132 166 172
87 11 86 96 132 147
87 23 102 120 122 190
87 12 27 33 88 135
87 41 70 139 141
87 1 15 20 150
87 4 37 53 90
87 0 20 60
87 28 78 162
87 10 71 196
87 31 159 187
87 43 67 184
87 98 139
87 112 130
87 8 193
87 111
87 138
88 7 9 27 53 124 127 195
88 13 101 122 152 171
88 19 23 45 183 194
88 20 85 154 173 193
88 46 95 107 122 142
88 14 28 71 168 190
88 24 30 43 110
88 12 35 73 131
88 4 81 148 158
88 9 29 95 168
88 16 20 117
88 3 30 120
88 147 154 163
88 51 99 115
88 101 132
88 19 23
88 92 190
88 153 189
89 42 44 141 143 147 192
89 36 58 125 131 136 185
89 14 37 101 151 184 185
89 29 46 77 98 151 182
89 14 17 19 71 180
89 18 56 71 109 142
89 13 19 73 103 124
89 121 137 184 185 199
89 34 46 145 156 171
89 11 84 109 182
89 41 83 98 145
89 48 125 157 176
89 2 44 72 123
89 17 44 150
89 6 127 179
89 41 98 151
89 18 32 119
89 52 87 178
89 49 95 111
89 82 162
89 20 139
90 20 51 52 62 88 129 153 190
90 27 51 94 156 168 169 170 185
90 44 63 90 99 156 197
90 26 46 80 94 120 142
90 87 122 167 191 194
90 62 116 134 143 158
90 35 62 72 161 189
90 27 78 101 164 190
90 23 42 126 131
90 27 113 163 172
90 135 137 167
90 7 73 114
90 32 90 157
90 140 160 169
90 59 68 147
90 128 129 132
90 101 118
90 133 184
90 5 58
90 75 89
90 68 192
90 106
91 11 54 113 126 149 152
91 28 128 146 151 189
91 24 30 77 81 101
91 73 101 129 143 153
91 21 90 96 99
91 24 31 50 166
91 2 94 141 165
91 2 11 158 174
91 42 46 123 196
91 41 107 133 170
91 6 57 119 174
91 22 47 66 73
91 40 66 126 152
91 54 63 132 179
91 6 37 73 162
91 116 128 151
91 111 119 138
91 38 77 197
91 25 49 68
91 121 139
91 40
92 34 104 118 166 185 193
92 56 131 158 159 164
92 43 112 162 165 180
92 42 97 166 182 185
92 46 93 149 166 168
92 59 104 131 135
92 0 14 121 163
92 65 99 118 161
92 1 45 133 149
92 55 92 155
92 28 135
92 187 189
92 191
93 26 27 81 87 91 97 189 194
93 75 92 110 129 180 187 188
93 21 39 46 86 87 143
93 14 17 60 148 176 194
93 19 81 87 96 120 141
93 2 43 66 70 72
93 5 7 52 73 90
93 13 48 127 137
93 33 127 181 195
93 42 50 60 133
93 54 121 125 166
93 12 19 31 41
93 20 130 183 189
93 79 94 153
93 116 129 159
93 20 35 99
93 16 176
93 61 105
93 9 184
93 31 152
93 84
93 141
94 38 48 78 119 125 169 193
94 62 71 82 89 133 174
94 49 85 97 126 176
94 19 53 166 174 184
94 36 51 54 111 175
94 12 138 156 173
94 17 40 161 193
94 34 175 178 192
94 27 39 92 114
94 34 136 143 181
94 7 93 138
94 70 90 103
94 137 140
94 117 125
94 18 98
94 79
94 113
95 23 36 37 67 160 168
95 37 72 108 112 177
95 15 18 38 78 91
95 1 62 158 173 185
95 114 129 130 163
95 87 88 104 146
95 23 183 191 192
95 11 173 192
95 61 119 136
95 101 106 113
95 40 56
95 77 190
95 78
95 169
96 19 51 122 161 177 181 199
96 4 28 29 87 111 143 152
96 34 70 82 90 96 134
96 7 21 47 54 109 150
96 13 37 136 162 182
96 14 18 22 42 115
96 57 62 153 187 199
96 98 99 117 147 168
96 2 68 114 118 135
96 30 32 138 149
96 18 49 63 177
96 88 90 138 175
96 25 26 68 152
96 16 23 47 190
96 41 95 119
96 65 69 175
96 166 195 198
96 50 138 160
96 0 141 171
96 82 90 166
96 129 148
96 45 143
96 105
97 81 92 97 101 105 108 109
97 10 48 61 89 123 158 182
97 8 47 77 82 92 159
97 39 122 143 167 171 172
97 116 120 136 153 181 195
97 64 98 112 145 198
97 3 21 37 102 109
97 17 44 60 81 159
97 26 61 135 179
97 88 162 171 196
97 5 40 126 152
97 49 81 118 197
97 29 36 188 191
97 14 28 180 189
97 39 169 195
97 14 104 126
97 34 74 141
97 90 147 178
97 18 97 109
97 12 29 163
97 92 139
97 89 123
97 120
98 13 16 18 59 80 96 134 148 154
98 11 25 37 55 103 124 152 184
98 58 73 143 165 167 174
98 56 64 68 113 175 197
98 82 93 140 149 154 190
98 36 59 71 122 194
98 50 63 126 184 193
98 25 43 147 157 189
98 37 38 96 157 198
98 31 76 86 104
98 84 111 139 181
98 51 78 80 169
98 84 103 120 153
98 26 148 184
98 21 86 184
98 62 87 110
98 43 196
98 46 132
98 134 136
98 123 149
98 1 131
98 19 189
98 55 148
99 9 43 49 83 105 112 158 193
99 20 31 47 145 149 170 171 186
99 8 33 76 83 97 119 123
99 26 44 64 138 147 172
99 14 62 66 101 115 199
99 77 108 110 123 143
99 41 44 59 75 172
99 47 71 109 149 171
99 71 130 133 136 196
99 40 82 125 147 187
99 71 75 87 97 106
99 8 115 144 153
99 2 74 125 173
99 0 49 120 140
99 30 76 83 156
99 75 144 150 168
99 78 136 169 187
99 13 56 109
99 99 186 187
99 74 92 108
99 69 79 142
99 85 114
99 128 160
99 4 20
99 70 178
99 91
99 91
100 31 50 106 109 130 145 162
100 23 45 87 139 146 155 190
100 9 67 113 131 169 196 199
100 14 32 44 79 154 183 184
100 52 55 122 125 129 157
100 35 38 45 69 118 148
100 34 47 95 118 176
100 67 103 152 181 189
100 45 78 111 150 195
100 57 135 163 194
100 35 89 117 127
100 11 78 187 191
100 25 80 187 198
100 1 20 82 131
100 13 21 87 183
100 64 92 151 197
100 26 55 92 133
100 97 126 151
100 64 65 153
100 19 169 195
100 123 174 181
100 30 54 190
100 94 104 158
100 1 135 159
100 20 49 137
100 59 76 120
100 80 115 177
100 9 23
100 112 148
100 126 195
100 10 46
100 98 167
100 53 136
