200 2000
1 1 16 79 98 105 125 161 178 192 195
1 19 44 48 60 68 81 101 142 155
1 5 13 33 115 125
1 40 54 62 63
1 78 117 135 175
1 63 83 92 123
1 7 41 121 129
1 53 70 72 115
1 111 137 151 191
1 107 160 189
1 17 82 113
1 120 138 173
1 66 77 83
1 79 125 187
1 15 178 185
1 5 107 192
1 0 12 194
1 164 180 186
1 39 195
1 105 186
1 117 198
1 7 30
1 143 148
1 190
2 11 17 36 86 115 119 163
2 1 4 58 92 95 113 167
2 36 45 65 124 134 170 180
2 6 12 39 96 110 121
2 14 53 82 157 159 180
2 18 57 92 115 142
2 44 82 90 131 167
2 57 76 133 169
2 63 104 154 157
2 5 28 78 158
2 34 142 152 190
2 14 35 166 169
2 0 28 114 128
2 108 150 173 193
2 26 67 106 154
2 3 26 41 110
2 30 112 179
2 15 87 176
2 13 104 149
2 72 116 119
2 21 181 184
2 70 155 161
2 23 70
2 78 92
2 168 169
2 82 118
2 78 107
2 64 177
3 16 63 106 117 154 185
3 46 104 109 156 174 177
3 0 55 138 164 165
3 6 99 128 135 140
3 1 94 100 119 125
3 55 79 126 193
3 37 47 155 170
3 57 93 147 196
3 42 89 134 183
3 16 91 142 182
3 34 44 69 156
3 13 19 88 145
3 54 64 109 141
3 3 65 184
3 38 112 134
3 76 122 146
3 10 171 190
3 75 88 135
3 55 102 153
3 153 181
3 47 179
3 109
4 37 62 78 107 163 182 196
4 27 38 55 76 92 137 141
4 4 29 43 95 136 157 187
4 26 47 64 81 179 182
4 62 67 84 121 124 168
4 42 52 118 131 197
4 1 50 67 129 153
4 11 76 107 121
4 57 86 145 196
4 144 163 187 197
4 6 9 27
4 23 148 155
4 37 40 100
4 73 78 182
4 125 182
4 79
4 2
5 26 88 91 99 101 132 193
5 12 63 64 90 125 175
5 7 86 95 190 198
5 17 84 97 127 180
5 34 55 77 104 176
5 7 37 144
5 68 120 169
5 120 139 147
5 2 140 173
5 53 93 107
5 10 168
5 45 128
6 22 48 53 66 73 79 105
6 3 14 46 80 98 130
6 27 102 106 109 115 194
6 8 32 116 144 189 195
6 26 48 61 75 151
6 81 98 138 140 169
6 26 34 40 131 156
6 3 17 43 106 113
6 22 126 127 186 199
6 4 62 77 163 199
6 86 115 131 182 185
6 45 118 146 167
6 18 29 87 168
6 8 93 174 196
6 1 30 49
6 15 30 84
6 28 98 116
6 18 144 157
6 20 72 195
6 19 122 129
6 47 71 148
6 5 90 176
6 163 164 198
6 15 156
6 53
7 2 3 9 10 120 121 148 152 154 166
7 14 18 22 56 60 123 151 186
7 24 71 87 90 127 141 176
7 60 63 67 110 143 187
7 4 21 22 52 86 119
7 4 30 35 73 163
7 26 32 52 63 93
7 120 131 150 189 194
7 27 52 131 153 161
7 20 50 106 152 190
7 51 138 191 194
7 22 69 119 155
7 42 76 120 136
7 31 104 159 191
7 81 91 111 129
7 11 41 171
7 95 124 193
7 98 100 170
7 5 84
7 66 88
7 80 88
7 55 88
7 84 176
7 69
8 19 21 24 68 85 87 121 161 176 192
8 3 27 45 52 82 161 166
8 39 51 61 86 115 168
8 6 39 92 93 117 189
8 25 90 106 168 173 181
8 14 61 81 87 125
8 14 99 108 149 153
8 88 103 132 177
8 32 42 153 177
8 77 83 137 173
8 10 40 87 125
8 33 45 83 146
8 76 94 142 193
8 54 59 161
8 21 68 94
8 37 106 183
8 78 159 167
8 81 89 147
8 21 29 37
8 73 93 195
8 52 182
8 30 124
8 87 156
8 58 186
8 118 130
9 39 41 91 94 124 158 185 188
9 8 34 36 122 166 168 174
9 81 88 121 126 134 172
9 36 40 105 119 143 154
9 62 144 162 164 184
9 14 82 105 120 129
9 21 30 63 172
9 10 19 79 156
9 66 123 175 178
9 0 11 74 167
9 37 60 63 136
9 15 59 131 195
9 2 100 123 148
9 16 107 139 164
9 14 60 92 110
9 63 124 145 166
9 106 139 162 172
9 71 128 130 159
9 6 37 96
9 7 16 40
9 65 149 190
9 90 113 188
9 55 126 157
9 11 124 173
9 135 175
9 46 115
9 146 169
9 76 163
9 24 152
10 0 52 66 87 145 150 177
10 14 75 110 122 183
10 60 77 80 165
10 38 69 127 172
10 86 129 136 196
10 4 43 72 110
10 32 44 136 177
10 2 90 144
10 11 106 160
10 110 134 190
10 55 100 156
10 118 152 161
10 68 85
10 115 186
10 188
11 23 58 92 118 145 158 184 186 188
11 20 24 43 83 152 155 195
11 15 91 106 125 128 141 173
11 46 52 132 146 157 177
11 41 53 77 81 86 117
11 51 98 135 144 145 187
11 67 85 118 166 168 182
11 0 120 124 127 140 186
11 3 9 29 46 72
11 44 71 87 149 167
11 2 23 30 197
11 102 141 176 177
11 10 87 100 195
11 5 64 76 160
11 80 81 129 136
11 42 109 170 186
11 82 93 100 198
11 127 149 157 195
11 53 110 152
11 78 128 152
11 123 192 198
11 85 91 106
11 160
11 122
12 4 32 81 142 183 186 189
12 59 71 103 124 173
12 11 87 137 142 183
12 114 152 164 168 194
12 34 36 155 193
12 2 70 147 189
12 50 94 130 137
12 48 146 174 198
12 35 143 191
12 138 145 157
12 54 106 172
12 47 147 180
12 24 180 198
12 26 129 180
12 20 74 102
12 39 177
12 55 147
12 60 179
12 97 115
12 89
13 9 10 56 69 79 123 140
13 117 118 136 172 174 190
13 15 27 32 87 96 126
13 11 91 144 146 161 168
13 29 57 70 105 159 173
13 34 88 158 186 187 194
13 13 67 82 117 162
13 118 156 163 183 194
13 31 59 92 187
13 45 53 83 193
13 10 37 79 150
13 93 109 115 188
13 6 77 146 171
13 80 81 87
13 14 66 83
13 69 166 194
13 28 30 74
13 18 188
13 116 139
13 110 158
13 156 178
13 124
14 42 45 60 119 170 194
14 36 79 125 162 172 178
14 83 100 145 165
14 2 34 99 107
14 20 33 161 165
14 46 72 74 133
14 22 50 94 129
14 34 61 134 140
14 12 41 104 115
14 24 75 197
14 5 132 136
14 126 158
14 160
14 191
15 26 71 82 104 121 142 175
15 53 86 88 96 108 124
15 30 46 78 91 140 145
15 8 86 157 160 177
15 2 100 153 162 181
15 0 13 46 150 166
15 24 41 61 79 175
15 90 130 137 147
15 76 152 159 188
15 18 105 161 184
15 11 55 58 183
15 12 89 143 151
15 84 158 179
15 33 114 120
15 84 165 190
15 72 105 155
15 52 186 196
15 84 167
15 0 101
16 2 25 94 97 112 172 180
16 75 92 125 147 169 175
16 13 19 54 89 110 131
16 19 71 72 107 148
16 15 17 37 150 165
16 1 164 184 189
16 53 173 196
16 138 140 174
16 120 132 182
16 50 162
16 17 112
16 13 117
17 33 82 120 121 157 160
17 15 23 29 91 196
17 27 72 74 107 172
17 97 100 112 139
17 2 15 40
17 79 159 172
17 86 87 162
17 90 170
17 56 171
18 4 8 42 66 111 115 125 194
18 5 9 19 60 69 108 109
18 22 25 50 55 73 156 195
18 2 11 50 68 124 134 187
18 1 13 46 61 168 198
18 75 88 109 115 150 151
18 35 109 112 126 149
18 8 61 105 177 184
18 6 37 47 160
18 12 13 88
18 103 175 189
18 52 118 122
19 25 90 99 124
19 22 75 133 159
19 0 14 182 198
19 0 22 25 155
19 42 47 98 159
19 1 52 156
19 124 186 198
19 21 53
19 19 140
19 10
19 149
20 55 56 92 137 141 148 171 179
20 30 40 107 123 133 142 143
20 12 71 88 108 120 131
20 24 34 53 177 189 194
20 12 80 114 143 150 157
20 11 147 154 181 194
20 27 53 104 163 181
20 44 45 85 186 187
20 126 155 191 192 194
20 54 70 85 153
20 23 49 105 119
20 12 14 103 112
20 13 106 188 190
20 4 24 33 38
20 23 46 53 74
20 52 67 110 163
20 14 64 74
20 3 35 165
20 26 112 186
20 56 64 79
20 120 141
20 60 168
20 156 172
20 84
20 46
21 8 42 101 124 129 171 194
21 0 20 27 43 173
21 101 102 124 179 196
21 12 20 152 189
21 26 75 86 169
21 16 31 56 188
21 52 78 97
21 95 157 164
21 38 75 126
21 2 88
21 25 194
21 3 172
21 38
22 0 25 31 73 84 133 145 166
22 26 29 41 67 174 188 196
22 43 92 109 134 142 198
22 9 93 114 127 150 197
22 4 26 41 61 87 104
22 1 71 87 113 116 130
22 9 76 135 152 153 186
22 1 50 65 80 134 141
22 57 79 92 113 153
22 16 34 127 154 182
22 64 95 112 133 152
22 17 31 103 105 147
22 150 154 166 197
22 60 80 90 141
22 10 74 110 171
22 16 48 49 127
22 16 72 144 146
22 4 42 103 199
22 179 193 194
22 70 129 167
22 5 29 72
22 9 25 42
22 79 116
22 92
23 35 36 73 87 95 148 188 194 199
23 58 74 156 158 174 177 181
23 21 60 87 102 125 161
23 21 53 87 105 169
23 15 57 60 94 121
23 6 58 66 69 102
23 15 17 86 100 149
23 31 66 72 92 126
23 114 116 119 155
23 40 93 161 170
23 90 154 179
23 129 153 195
23 60 68 95
23 76 132 166
23 11 154
23 64 192
23 12 154
23 146
23 52
24 11 14 29 106 117 152
24 15 103 111 149 165
24 22 52 74 116 121
24 21 25 90 115 178
24 10 12 16 162
24 85 101 102 182
24 70 76 159 186
24 52 58 66 145
24 49 53 119 191
24 17 165 190 195
24 17 108 126
24 37 40 80
24 95 96 97
24 106 110 159
24 20 32
24 47 182
24 40
25 29 32 34 85 89 92 138 194
25 1 14 42 48 61 138 177
25 4 120 148 156 157
25 3 26 159 168 180
25 53 103 138 139 173
25 71 134 165 192
25 40 95 109 145
25 62 122 123 192
25 31 44 87
25 6 33 168
25 20 65 191
25 131 154
25 193 195
25 7 112
25 104 183
26 12 25 27 34 61 88 177 185
26 23 57 65 107 118 165 170 190
26 24 85 88 89 112 128 131
26 43 110 128 143 165 182 186
26 38 53 83 117 120 141
26 11 18 87 108 124
26 4 18 173 186
26 12 93 133 187
26 16 151 155
26 19 27 110
26 15 133 150
26 104 127 150
26 42 56
26 110 126
26 67 106
26 145
27 7 9 31 59 82 83 115 120 153
27 72 80 82 86 93 193
27 18 34 61 98 132 153
27 74 92 114 125 164 198
27 19 35 63 115 118
27 37 100 159 172 173
27 39 52 63 104 107
27 7 49 86 144 199
27 16 51 79 141
27 95 159 166 184
27 5 107 151 173
27 11 139 160 175
27 155 178 182 183
27 3 48 90 113
27 25 155 194
27 44 110 164
27 6 85 196
27 7 18 70
27 8 53 82
27 31 165
27 8 176
27 187
28 20 61 73 80 102 110 118
28 71 78 94 108 157 160
28 77 120 156 163 191
28 24 50 54 119 170
28 93 108 123 148 155
28 38 96 101 119
28 60 61 65 128
28 17 151 174 195
28 40 95 121 146
28 5 107 112 151
28 19 115 135
28 61 71 94
28 136 197 198
28 31 37 46
28 2 53 98
28 83 162
28 170
29 4 21 43 67 68 104 105 124 158
29 14 39 41 45 81 98 101
29 5 19 39 41 116 125 188
29 49 51 81 152 186 195
29 2 8 75 94 141 145
29 99 112 123 160 163
29 25 38 50 81 165
29 65 88 119 132 167
29 28 55 68 164 181
29 30 41 107 137 177
29 29 60 84 135 173
29 14 34 91 158 198
29 57 89 123 195
29 52 77 140 180
29 36 41 44 98
29 76 114 131 134
29 4 40 88 101
29 94 105 126
29 57 139 151
29 66 71 151
29 97 104 105
29 11 97
29 146
29 114
30 32 48 65 88 149 198 199
30 0 34 46 166 168 186 189
30 0 61 98 106 137 164 166
30 1 13 31 63 98 160 165
30 98 110 135 137 148 193
30 3 84 124 159 165
30 39 69 134 174
30 47 105 115 194
30 9 113 190
30 126 192 194
30 131 174 177
30 106 166 195
30 16 123
30 39 76
31 46 78 82 93 121 135 183
31 17 29 33 119 129 171 184
31 14 44 71 122 124 139 149
31 2 6 78 108 136 138
31 3 23 95 155 195
31 28 88 111 145 179
31 8 9 29 70 101
31 36 99 112 133
31 34 150 158 178
31 64 117 134 195
31 42 52 149 174
31 124 137 191
31 8 60 88
31 69 114 137
31 36 47 105
31 42 79 191
31 9 71
31 128
31 142
32 0 34 62 146 164 192 197
32 53 96 98 113 147 172
32 33 43 111 139
32 11 116 122 177
32 26 59 73 198
32 78 120 123 174
32 17 55 60 64
32 69 74 78 98
32 59 63 87 133
32 24 75 168 192
32 43 97 146
32 12 95 169
32 79 161 174
32 69 81 85
32 49 132
32 151
32 156
33 8 44 58 97 133 145 148 163 164
33 41 43 78 99 121 185
33 84 122 147 159 191
33 17 72 88 138 146
33 53 58 112 124 145
33 80 103 182 183
33 11 76 98 101
33 76 114 126 169
33 6 47 96 142
33 37 125 136
33 3 59 101
33 29 30 120
33 5 95
33 93 185
33 53 76
34 19 20 64 85 113 126 133 141
34 62 64 105 107 137 181 196
34 4 39 46 58 61 177 185
34 44 70 71 79 192
34 54 135 154 166 194
34 57 140 163 170
34 53 104 155 189
34 34 47 93 187
34 79 106 108
34 161 181 199
34 46 70 99
34 56 107
34 88 173
34 131 145
34 163 185
34 126
35 6 13 22 80 84 91 103 152
35 49 63 78 91 153 162 167 168
35 73 108 143 150 155 189
35 10 31 96 147 189
35 36 160 183
35 26 116 152
35 132 165 193
35 31 58
35 173 187
36 8 10 12 39 116 165 170 184
36 52 57 90 108 129 166 179
36 7 36 42 43 98 149
36 86 100 137 144 148 178
36 67 115 123 160 191
36 20 93 94 162 189
36 4 30 96 133
36 26 40 110 169
36 49 55 107 193
36 4 57 196
36 54 58 108
36 48 127 175
36 70 117 143
36 1 97 108
36 49 74 75
36 7 58 98
36 13 75 110
36 94 151
36 69 190
37 6 34 56 73 96 110 117 141 180
37 50 72 75 83 98 138
37 30 51 86 156 165 175
37 35 38 100 102 111 181
37 50 70 100 122 126
37 89 90 101 113 179
37 8 77 92 132 144
37 1 30 36 48 113
37 124 148 170 185
37 119 120 158 166
37 23 43 165 166
37 100 146 154 170
37 41 106 168
37 61 196 197
37 39 59 94
37 71 88 125
37 25 63
37 32 112
37 65 168
37 120 167
37 7 117
37 25
37 122
38 7 42 68 84 129 170 189
38 16 48 65 93 109 160
38 6 37 46 73 137 175
38 33 34 82 83 150 182
38 58 80 112 124 145 198
38 15 72 117 145 175
38 77 86 91 134 166
38 59 62 128 162 189
38 26 65 115 181
38 6 110 134 149
38 19 37 69 129
38 6 37 50 117
38 40 59 97 167
38 26 79 156 177
38 39 43 72 126
38 0 90 101 114
38 14 76 136 181
38 22 140 183 189
38 47 78 150 191
38 90 136 138
38 36 58 66
38 88 189 191
38 59 99 158
38 109 124 146
38 26 125
38 38
39 16 31 38 83 85 115 131 133 172 180
39 17 44 64 73 101 122 149 185
39 10 17 44 74 122 160
39 23 103 113 114 126
39 68 70 89 128 164
39 27 77 92 128
39 37 45 126 137
39 14 59 122 197
39 53 131 156 192
39 8 57 89 96
39 78 132 148
39 103 167 179
39 25 186 193
39 27 182 192
39 42 92 127
39 24 135
39 56 188
39 50
40 74 75 85 86 122 129 145 162
40 8 22 61 62 81 154 192
40 9 42 87 116 154 197
40 23 53 96 105 143 164
40 39 47 110 114 148 194
40 61 66 72 180 189 193
40 47 89 117 126 132 183
40 8 14 59 86 185 187
40 52 60 64 79
40 10 111 143 144
40 10 123 148 150
40 48 86 189
40 31 89 148
40 45 174
40 78
41 34 100 123 125 162 172 189
41 21 22 82 96 116 128
41 2 107 136 142 188
41 36 63 101 142 153
41 13 56 82 120 185
41 15 52 168 183 195
41 18 43 96 158
41 9 91 112 147
41 42 63 112 191
41 8 134 150 151
41 16 26 175 196
41 64 79 131
41 50 88 117
41 62 107 129
41 36 61 165
41 35 94 102
41 46 145 194
41 1 12 92
41 66 98 120
41 185 196
41 1 24
41 152 175
41 140
41 64
42 16 42 56 65 82 96 106 133 191
42 59 76 77 97 139 157 165 174
42 7 10 32 37 49 62 72 89
42 21 22 56 103 108 153 190
42 7 14 66 101 131 138
42 32 44 66 99 154 179
42 24 43 104 120 173 193
42 83 88 99 178 184
42 66 80 106 165 192
42 35 86 105 125 149
42 12 47 74 129
42 4 10 12 127
42 47 64 104 190
42 115 119 137
42 56 159 195
42 79 121 124
42 111 124 165
42 5 40 74
42 59 91
42 158 169
42 114 152
42 29 115
42 122 176
43 12 32 43 45 82 168 187
43 35 44 61 93 120 162
43 31 83 95 161 169 174
43 46 75 76 78 83 164
43 22 40 148 155 184
43 36 48 86 157 163
43 77 107 146 166 177
43 52 59 83 117 133
43 87 118 126 144 172
43 26 48 76 123 167
43 6 41 100 183
43 23 115 149 170
43 64 125 142 150
43 58 146 165 188
43 66 118 148 174
43 49 96 145
43 20 50 147
43 35 37 121
43 12 88 172
43 9 10 76
43 70 94
43 31
44 16 101 134 164 167 192
44 51 70 74 97 107 143
44 0 16 42 47 77 120
44 70 88 99 132 185
44 34 45 47 58 140
44 73 83 123 125 138
44 48 163 173 190
44 17 42 146 162
44 6 127 150 158
44 3 20 45 185
44 25 121 123 127
44 27 28 145 171
44 28 108 153 195
44 7 58 113
44 36 48 157
44 59 170 186
44 96 150 153
44 129 149 177
44 11 50
44 40 156
44 146 152
44 30 58
44 143
45 13 36 50 154 172 186 188 191
45 36 52 54 85 98 102 146 189
45 35 88 133 144 159 174
45 11 78 115 131 187 197
45 57 78 136 141 190
45 41 99 118 154 162
45 49 53 109 168 184
45 8 42 106 180
45 77 95 108 169
45 9 100 124 134
45 40 68 151
45 3 21 66
45 93 108 188
45 154 158 164
45 90 197
45 50 97
45 6 74
45 5 189
45 29 196
45 17 50
45 40 119
45 63 76
45 133
45 158
46 31 48 87 150 157 185 195
46 63 77 106 126 172 175
46 34 58 111 133 137 197
46 18 22 24 69 111 137
46 10 88 119 159 161
46 90 113 173 178 193
46 106 120 128 163 167
46 38 67 85 109 191
46 1 71 103 124
46 30 99 127 136
46 2 154 166 180
46 25 129 131 189
46 86 98 109 168
46 64 102 107 162
46 138 171 197
46 117 135 170
46 35 48 60
46 11 99 124
46 7 144
46 173 189
46 16 152
47 1 16 30 77 85 110 146 165
47 13 124 129 130 140 179 188
47 9 57 71 87 130 152 190
47 30 41 80 100 122 170
47 25 37 47 54 77 156
47 2 26 55 132 159 161
47 18 26 50 157 177 199
47 78 98 99 101 177
47 48 113 173 194 197
47 7 113 118 164 186
47 48 85 118 138 198
47 26 34 99 156 188
47 53 82 86 104 128
47 93 151 154 188
47 68 94 98 193
47 53 79 144 158
47 77 89 140 190
47 43 62 125 141
47 118 121 190
47 70 71 118
47 112 194
47 48 175
47 118 154
47 89
47 63
47 179
48 27 36 64 73 78 103 111 141
48 24 70 78 147 154 157 186 195
48 21 31 38 39 48 60 158
48 23 35 103 162 172 175 187
48 77 110 121 125 137 153 173
48 23 25 53 59 119 146
48 29 54 72 92 113
48 24 73 131 134
48 31 63 123 196
48 61 87 132 170
48 58 179 190
48 110 151 180
48 7 23 149
48 42 44 184
48 0 3 36
48 56 114 151
48 26 29
48 78 124
48 11 125
48 23 176
48 88 135
49 9 61 77 107 115 121 126 156
49 7 12 13 84 103 113 159 165
49 38 54 93 101 104 119 167
49 22 25 80 112 157 158
49 27 96 116 126 183 187
49 33 43 70 129 137 179
49 4 25 67 89 116 133
49 29 97 114 151 170
49 1 25 78 95 197
49 30 66 67 89 172
49 27 123 142 162
49 66 67 138 198
49 9 70 149 179
49 25 63 117 174
49 104 116 181
49 1 20 64
49 133 165 196
49 62 129
49 58 59
49 51 156
49 182 193
49 11 88
49 49
50 5 16 54 67 133 150 189 196
50 16 60 70 72 98 101 142
50 43 81 102 107 171 178
50 1 66 96 113 118 132
50 20 52 131 143 170
50 100 145 149 168 184
50 66 81 156 184 187
50 23 58 124 154 190
50 54 101 107 162 195
50 46 130 175 184
50 0 54 61
50 65 88 133
50 138 173
50 56 119
50 113 140
50 19 167
50 30
51 1 55 66 70 73 122 145 147 163
51 58 59 88 91 101 136 188 193
51 11 33 100 108 174
51 9 109 152 175
51 39 40 91 197
51 74 77 115 183
51 39 108 111 196
51 9 20 104 109
51 13 156 160 172
51 134 169 172
51 19 76 111
51 21 93 131
51 16 38 143
51 151 187
51 46 94
51 6 50
51 12 90
51 23 148
51 173
52 30 48 76 99 144 147 168 171
52 32 65 86 114 115 142 146 195
52 21 23 29 46 82 117 136
52 59 68 113 117 138 143 160
52 45 100 138 143 155 174
52 20 62 82 109 144 175
52 21 95 98 114 169
52 9 16 36 37 101
52 31 138 148 160 176
52 44 50 74 103 107
52 37 65 73 119 179
52 5 41 81 185 197
52 0 53 135 182
52 18 39 105 174
52 99 131 189 190
52 14 77 166 195
52 5 95 115 198
52 5 48 99 153
52 24 103 128
52 28 111 171
52 6 20 61
52 11 34 59
52 73 134
52 65 87
52 87 132
52 133 179
52 55 66
52 166 176
52 187
53 8 10 41 73 108 179 191
53 8 10 149 154 194 197
53 25 92 157 158 192
53 74 95 102 150 195
53 47 64 90 92 191
53 29 38 149 163
53 26 59 175 190
53 53 113 141 192
53 11 55 134 180
53 1 49 184 191
53 30 134 153 166
53 42 51 80 194
53 95 167 191
53 31 38 44
53 60 105 123
53 6 163 167
53 23 58 70
53 129 153
53 75 146
53 109 144
53 94
53 7
53 34
54 17 40 46 111 126 181
54 143 157 172 199
54 66 94 134 179
54 19 63 76 161
54 76 143 149 196
54 38 49 173 198
54 109 116 189
54 51 146 169
54 86 94 175
54 44 92 163
54 92 126
54 103 123
55 32 62 98 124 131 164 197
55 51 56 65 112 144 194
55 68 74 91 180
55 3 50 58 133
55 2 110 131 143
55 39 172 191
55 60 83 175
55 5 48 51
55 83 199
55 50 161
55 62 64
55 55
56 14 46 49 61 76 119 122
56 27 59 77 95 164 176 181
56 40 44 87 141 153 188
56 6 73 117 133 155 166
56 53 56 131 180 183 195
56 6 8 43 105 147 166
56 14 17 81 136 177
56 72 75 82 143 173
56 5 49 90 143 176
56 30 40 43 92 177
56 29 38 137 155 169
56 86 119 135 139 156
56 1 40 55 139
56 42 52 71 168
56 8 16 79 174
56 31 92 109 136
56 133 141 187
56 11 41 120
56 30 78 133
56 171 181
56 127 188
56 76 170
56 106 160
56 5 116
56 50
56 179
56 53
57 37 59 93 94 143 149 170 173 197
57 8 65 72 109 133 169 175 183
57 13 35 77 96 115 140 149
57 9 79 80 99 121 154
57 0 81 95 104 152 182
57 0 42 44 87 177 197
57 62 79 126 130 159
57 59 117 138 144
57 5 109 116 153
57 35 106 176
57 63 144 163
57 58 68 112
57 74 120 162
57 111 131 133
57 43 77 130
57 31 134 198
57 39 95 133
57 124 142
57 116 180
57 22
57 58
58 21 33 34 41 162 184 187 196
58 29 41 99 101 140 142 170
58 0 31 87 91 106 107 191
58 6 43 48 54 81 170
58 6 32 87 102 166 196
58 25 65 79 100 115 146
58 13 104 107 151 185
58 9 98 121 129 183
58 50 149 159 178 183
58 2 22 24 62 80
58 24 27 64 92 192
58 7 8 48 50 112
58 1 43 63 73 91
58 52 141 153 154
58 0 9 99 178
58 32 98 158 194
58 56 74 122
58 54 78 111
58 35 86 180
58 83 157 190
58 135 152
58 28 85
58 2 126
58 78 123
58 179
59 32 45 63 82 121 160 190
59 0 51 67 71 119 153
59 13 85 113 142 181 185
59 19 45 111 188 194
59 65 72 118 135 190
59 8 37 55 86 163
59 49 86 115 117 168
59 22 27 93 100 115
59 79 133 144 167 196
59 16 54 71 124
59 41 63 129 175
59 74 157 166 189
59 25 136 144 186
59 48 74 145
59 85 127 144
59 46 72 112
59 6 108 116
60 4 34 58 97 127 139 150 184 193
60 26 68 89 99 108 111 181 187
60 27 33 96 134 185 187
60 71 72 103 193 196
60 72 105 120 156 169
60 24 72 84 197
60 20 35 61 129
60 72 81 133 135
60 128 129 148 180
60 64 70 147 186
60 128 171 174 183
60 54 148 186
60 34 46 163
60 14 61 130
60 80 167 191
60 53 146 198
60 100 164
60 77 195
60 59 188
60 23 77
60 80
60 157
60 169
60 167
61 6 10 45 56 95 142 191
61 9 109 112 153 162 189
61 71 80 111 138 162
61 12 20 31 162 168
61 29 74 75 128 196
61 3 47 53 187
61 41 127 139 176
61 20 102 131 198
61 51 93 102 178
61 23 46 77 163
61 6 10 136
61 60 124 163
61 2 153 195
61 33 131 194
61 19 101 157
61 20 122 185
61 46 197
61 45 54
61 60 65
61 33 190
62 32 48 75 82 93 100 147 172
62 19 38 94 103 128 133 142 143
62 0 7 46 54 102 142 180
62 26 80 120 121 131 170 198
62 1 3 16 28 63 178
62 30 43 120 124 137 166
62 14 70 86 119 146 158
62 12 107 149 171 189 197
62 32 92 161 196 199
62 52 74 123 132 163
62 25 119 135 165 191
62 13 29 83 177
62 4 55 140 142
62 70 85 87 153
62 153 156 165
62 48 122 176
62 27 48 165
62 27 91 107
62 60 72 172
62 24 95 114
62 6 152 180
62 154 186 196
62 43 137 167
62 8 181
62 32 75
63 1 37 79 84 89 91 155 170 177
63 22 60 102 112 117 163
63 63 79 97 110 180 187
63 46 54 112 128 149 164
63 44 90 91 160 177
63 15 33 48 59 126
63 73 111 149 162 190
63 12 54 78 183
63 77 127 161 169
63 28 46 91 174
63 63 75 123 184
63 69 95 195 198
63 0 102 125 136
63 83 111 161
63 69 105 153
63 35 80 132
63 64 71 172
63 20 180
63 56 136
63 26 137
64 1 21 39 68 84 101 125 128
64 21 23 87 105 139 159 197
64 65 72 115 194 197
64 59 98 123 171 193
64 11 51 78 147
64 38 47 76 177
64 12 21 29 120
64 44 72 98 198
64 10 69 141 198
64 7 73 77
64 56 149 167
64 53 116 187
64 12 83 136
64 47 78
64 13 196
64 105
65 7 34 96 98 135 152
65 59 97 115 155 191 193
65 16 37 39 87 166 178
65 45 60 71 78 113
65 18 63 91 104 139
65 78 113 179 182 187
65 16 91 97 157 177
65 78 94 103 108
65 82 94 134 156
65 9 142 155 192
65 12 39 65 153
65 12 21 48 86
65 53 101 173 191
65 19 20 28
65 43 66 74
65 14 105 192
65 34 140 188
65 59 118 179
65 25 55 184
65 90 177 189
65 31 147
65 10 56
65 51 81
65 0
66 1 13 24 26 89 128 144
66 37 44 48 58 62 151 179
66 108 155 161 167 170 174
66 59 101 116 184 188
66 21 33 51 71 195
66 51 74 160 171 182
66 4 6 142 195
66 15 42 137 174
66 73 157 167 196
66 29 107 144 148
66 42 45 50
66 17 91 191
66 72 101 142
66 91 111
66 22
66 19
67 12 27 37 46 56 86 89
67 1 95 128 142 149 150
67 1 16 70 132 139 152
67 13 15 82 143 158
67 5 37 45 171 173
67 74 107 123 186
67 41 127 153 159
67 11 18 118 182
67 73 103 139 184
67 52 90 145 194
67 58 93 167 194
67 6 39 188
67 25 38 78
67 69 127
67 6 113
67 48 151
68 5 6 11 27 105 185
68 6 33 75 106 133 135
68 94 144 151 163 173 196
68 46 89 154 166 168
68 19 28 45 77 102
68 29 90 102 112 197
68 10 13 16 187
68 51 126 155 190
68 15 50 74 138
68 8 146 149 154
68 1 73 92 178
68 1 134 170
68 48 116 181
68 69 152 165
68 112 143 146
68 105 132 187
68 120 126 173
68 105 149
68 32 191
69 23 48 52 97 140 173
69 16 121 142 168 186
69 24 90 107 197
69 6 76 84 199
69 41 55 60 191
69 119 129 164 166
69 32 50 92 142
69 5 56 138 157
69 1 130 152
69 69 72 108
69 99 101 134
69 3 4 25
69 21 24 60
69 14 143 180
69 12 97 132
69 36 142 176
69 120 183
69 155
69 1
70 0 12 55 74 92 101 116 122 194
70 27 90 140 144 147 155
70 6 23 34 55 101 172
70 44 104 122 165 181 197
70 20 21 37 78 121 199
70 13 24 107 169 184 190
70 39 47 48 130 193
70 74 127 153 154 171
70 37 39 85 94 162
70 28 81 102 190
70 14 30 79 198
70 79 103 155
70 123 125 197
70 51 54 128
70 8 57 123
70 79 128
70 150 159
70 92 140
71 36 123 126 131 173 188
71 34 42 58 76 152 164
71 1 56 68 108 110 194
71 33 90 94 100 127
71 3 50 66 151 172
71 3 99 150 156
71 41 65 121 191
71 59 72 90 185
71 13 41 42 107
71 5 110 185 195
71 37 96 181
71 85 104 163
71 70 82 181
71 54 133 156
71 18 91 198
71 3 145 184
71 1 24 177
71 24 140
71 10 11
71 21 80
71 181
71 159
71 77
72 15 22 29 82 107 117 143 161 195
72 13 16 23 93 100 101 129
72 16 67 79 175 187 189 194
72 28 59 61 123 126 176 177
72 13 97 98 133 143 157
72 11 16 136 164 172
72 2 22 38 102 190
72 31 82 131 132 170
72 20 25 63 105 177
72 40 107 122 131 152
72 21 121 135 177
72 23 116 145 163
72 43 48 101 153
72 11 158 166 180
72 23 44 74
72 7 24 39
72 1 83
72 45 137
72 93
73 38 40 71 74 97 196
73 11 49 62 180 196
73 44 124 143 179 190
73 53 77 119 134 187
73 17 37 81 165
73 10 51 103 107
73 7 53 112 166
73 3 107 149 152
73 96 98 110 181
73 86 137 168
73 26 94 191
73 5 122 128
73 43 138 166
73 40 82 182
73 0 134 139
73 0 22 194
73 54 126 185
73 22 109
73 127 168
73 12 49
73 68
74 97 118 120 133 138 175 198
74 0 2 43 66 126 131
74 42 63 66 83 136 183
74 7 16 101 112 139 162
74 19 27 50 113 188
74 37 90 130 133 177
74 51 81 92 138
74 79 146 173 175
74 8 19 91 144
74 49 94 128 175
74 50 93 130
74 109 153
74 33
74 155
75 5 10 18 23 81 92 128 147
75 22 55 70 73 78 93 183
75 20 33 91 124 181 191
75 26 31 48 51 140 154
75 6 67 71 81 126
75 24 56 111 153
75 22 116 144 188
75 6 26 33 114
75 89 128 155 186
75 16 24 107 113
75 46 83 110
75 22 51 169
75 25 105 129
75 96 97 99
75 40 133
76 57 62 69 100 122 134 170
76 33 35 94 107 153 198
76 54 64 110 123 159 187
76 11 41 77 81 117 188
76 8 87 124 140 198
76 41 67 74 130 195
76 10 20 100 129 176
76 134 136 148 178
76 29 37 76 146
76 34 50 153 164
76 35 41 189 199
76 5 16 84 141
76 63 97 193
76 42 69 196
76 67 83 114
76 24 27 96
76 54 110 134
76 60 82
76 107 176
76 70
77 55 94 100 129 140 195
77 56 66 84 93 161 175
77 10 14 54 150 178 194
77 16 24 68 106 130
77 75 156 157 173 174
77 53 78 87 98 182
77 131 162 169 187
77 60 99 170 188
77 5 26 142 153
77 18 54 79 154
77 98 139 179 186
77 53 92 175
77 3 136 172
77 42 125 191
77 53 56 115
77 3 5 183
77 82 107 138
77 21 24 157
77 77 163 184
77 25 176 186
77 11 54
77 72 86
77 54 198
77 50 142
77 54
77 141
77 62
78 22 35 58 61 95 147 157
78 43 58 67 98 135 151 189
78 68 72 93 125 129 173 180
78 33 40 96 102 115 132 143
78 34 81 130 132 164 182
78 42 86 157 177 184 196
78 36 97 100 149 158 194
78 1 51 68 94 159 196
78 33 159 162 164 186
78 13 18 71 158 196
78 81 93 142 151 165
78 22 30 60 116 129
78 6 36 51 116 167
78 44 80 95 134 192
78 52 59 78 80 85
78 29 108 162 172 187
78 39 87 97 109 135
78 5 36 40 80 194
78 15 69 77 93
78 106 136 144
78 82 159 166
78 43 50 170
78 55 80 116
78 110 144
78 97 144
78 23 44
78 26 53
78 155
79 54 111 120 132 186 196
79 31 81 86 115 194
79 14 81 161 174
79 41 100 131 165
79 3 51 175 193
79 121 151 189
79 110 111 119
79 186
80 19 77 107 120 138 186 192
80 54 69 89 104 121 122
80 32 148 166 172 194
80 34 99 109 136 154
80 47 75 112 121 148
80 18 63 134 171 180
80 9 17 18 50
80 29 78 152 154
80 24 37 41 144
80 30 32 97 164
80 29 102 104
80 2 81 120
80 27 44 87
80 26 108
80 173
80 143
81 4 38 61 104 147 191 197 198
81 3 12 44 49 60 98 99
81 68 134 140 170 183
81 17 37 112 149 151
81 17 42 77 136 145
81 33 43 125 145 167
81 50 101 135 162 167
81 20 71 84 187
81 84 91 145 147
81 15 30 83 147
81 56 118 181
81 16 45 51
81 3 163 196
81 29 148 190
81 1 9 119
81 63 108
81 53 171
81 76 78
81 77 196
81 73 104
81 63 192
81 95
81 186
82 84 101 118 152 161 170 181
82 15 36 55 79 83 118 167
82 12 65 81 82 85 116 141
82 9 87 146 162 163
82 2 46 132 148 150
82 56 98 120 171 187
82 43 56 147 150 164
82 14 63 82 142 170
82 75 78 125 191
82 8 34 55
82 134 136 167
82 3 52 177
82 28 49
82 51 170
82 64
83 3 84 96 101 182 191
83 9 28 62 155 159 175
83 44 45 86 118 128 130
83 1 8 21 87 132
83 20 40 56 103 170
83 8 28 152 178
83 62 106 108 184
83 37 38 131 165
83 3 63 109 152
83 30 44 102 153
83 92 99 111
83 96 118 178
83 36 78
83 2 133
83 15 46
83 74 187
83 28 156
83 2 23
83 4 11
84 1 11 14 27 28 78 88 117 129
84 5 93 133 144 155 163 174 194
84 0 40 101 108 127 173 196
84 1 10 16 40 103 132
84 32 37 89 128 166 167
84 35 52 63 69 81 113
84 0 26 41 98 127 149
84 35 39 70 166 174
84 98 123 131 144
84 4 20 60 136
84 35 39 100
84 124 143 155
84 86 176 197
84 92 132 172
84 60 151 178
84 6 98 186
84 68 192 199
84 51 121
84 115 197
85 11 63 129 135 156 194
85 57 71 119 182 192 193
85 3 139 152 177 186 196
85 2 29 96 101 116 155
85 69 141 144 152 181
85 77 131 142 153 165
85 51 85 87 108 170
85 19 37 111 174 189
85 0 96 119 134
85 38 68 143 180
85 11 126 127 188
85 49 161 171
85 51 58 182
85 59 77 172
85 50 142 143
85 75 102 187
85 56 121 181
85 43 53
85 0 175
85 152
85 22
86 14 23 72 88 99 105 148 164
86 17 34 80 115 168 173
86 17 24 30 91 102 125
86 23 33 49 134 148 170
86 44 108 145 157 162
86 10 54 69 77 189
86 41 44 72 121 138
86 52 54 85 91 161
86 2 27 74 102 159
86 67 101 127 194
86 9 72 85 88
86 18 56 70 146
86 0 94 135 153
86 85 94 101 168
86 13 21 117
86 36 90 176
86 28 62 85
86 46 95 199
86 15 109 146
86 47 58 193
86 97 124 184
86 97 167
86 33 180
86 101 131
87 2 13 17 42 61 124 156 190
87 21 47 52 60 81 95 115 122
87 18 32 71 130 153 173 196
87 1 6 132 150 172 195
87 27 51 62 99 138 181
87 5 71 91 178 196
87 12 36 157 173 189
87 3 129 136 161 170
87 58 64 100 149 162
87 32 79 84 181 199
87 0 1 69 125 195
87 7 11 108 119 199
87 9 10 13 150
87 49 113 124 190
87 16 50 80 171
87 49 155 180
87 148 149 194
87 64 154 160
87 23 58 182
87 25 32 160
87 11 54 93
88 35 46 108 130 154 160 162 179 187
88 24 42 70 86 107 121 161
88 85 97 102 122 141 148
88 16 51 156 166 171 179
88 58 60 107 167 179
88 36 48 74 174 197
88 31 34 47 124 164
88 60 94 105 114 190
88 13 18 115 127 188
88 65 107 112 119 150
88 21 35 36 132 190
88 4 39 80 145
88 27 66 121 184
88 27 30 36 123
88 16 40 113 160
88 54 77 154 170
88 41 50 56 153
88 40 67 163
88 17 140 196
88 96 130 137
88 44 48 131
88 38 92 109
88 36 41 118
88 111 121
88 166 186
88 107
89 37 61 80 88 94 133 135 149 167 177 197
89 11 21 35 71 78 82
89 62 81 103 134 151 186
89 17 18 31 98 187
89 54 57 161 162 176
89 64 158 159 160
89 52 80 136 146
89 68 88 173 184
89 102 105 110 192
89 26 128 173 183
89 11 13 22 89
89 5 22 42 79
89 30 54 83 102
89 11 97 139
89 61 80 137
89 36 119 187
89 28 42 96
90 5 27 32 50 71 88 102 132 155 166
90 4 9 50 56 67 128 131 145
90 46 64 74 121 130 153 198
90 23 24 79 94 152 184
90 15 25 54 118 149 171
90 122 138 181 194 199
90 26 69 74 83
90 38 43 127 159
90 149 163 193
90 95 139 181
90 51 127 184
90 47 67 125
90 123 160 191
90 18 102 157
90 50 198
90 24 109
90 108 184
90 57 117
91 19 21 53 56 102 155 166 167
91 70 92 124 152 154 156 179
91 13 30 128 130 162 170
91 58 83 107 125 181 193
91 40 47 63 132 152 182
91 35 40 83 136 174 179
91 14 46 63 160 162
91 25 35 94 124 179
91 80 98 143 166 190
91 4 140 149 162 196
91 28 48 117 121 131
91 22 102 131 150
91 27 33 76 102
91 0 25 121 129
91 12 38 130
91 42 161 198
91 52 92 119
91 22 44 150
91 106 147
91 7 167
91 33 89
91 195
91 191
91 148
92 9 12 53 61 74 119 132 153
92 46 139 152 156 163 179
92 98 137 139 141 149 164
92 18 25 86 87 92
92 12 79 85 123 124
92 11 51 94 105 196
92 32 48 94 153 177
92 8 33 72 74 124
92 122 139 156 186
92 13 101 132 145
92 35 56 76 198
92 67 81 135 148
92 59 96 131 169
92 26 90 146 173
92 48 52 86 98
92 57 99 128
92 35 88 182
92 24 64 162
92 52 108 197
92 73 162 194
92 19 22 175
92 43 46 83
92 141 145 190
92 111 138 143
92 113 144
92 179
92 17
93 47 83 85 91 121 177 198
93 9 39 50 142 154 165
93 60 76 79 158 182 184
93 3 36 62 65 97 185
93 26 55 146 179 183
93 88 103 112 127
93 37 105 133 177
93 6 136 155 196
93 11 78 122 130
93 11 12 184
93 39 44 58
93 3 27 68
93 54 61
93 2 95
93 109 195
93 160 192
93 36 180
93 169
94 15 69 84 98 162 165 182 191
94 19 63 72 75 87 141 171
94 13 44 51 100 127 176
94 16 41 82 88 109 195
94 76 84 116 128 134 196
94 5 20 72 94 95 147
94 56 90 108 114 157
94 119 142 147 169 195
94 2 83 123 198
94 10 42 68 88
94 92 116 135 196
94 6 31 84 126
94 60 78 130 167
94 6 55 56 117
94 10 21 102 175
94 12 48 116 173
94 6 80 92 99
94 20 35 134 193
94 4 168 194
94 42 86 168
94 3 67 122
94 101 189
94 24 81
94 72 199
94 40
95 17 79 92 103 138 178 182
95 4 24 84 120 144 148
95 39 53 103 146 179
95 23 24 96 103 111
95 22 85 141 154 188
95 6 29 43 103 157
95 32 76 133 153
95 15 78 90 97
95 22 122 123 169
95 5 22 77 194
95 91 95 96 180
95 140 158 173
95 85 134 171
95 36 53 94
95 45 100 165
95 60 151 178
95 9 78 152
95 130 177
95 89 175
95 105 120
95 69 89
95 41 54
95 123 185
95 176
96 28 50 70 121 136 139 166
96 38 48 110 114 129 139 198
96 39 62 92 113 135 174
96 17 86 131 140 167
96 67 71 74 139 167
96 42 143 173 176 182
96 13 19 68 105 176
96 0 75 143 149 167
96 47 80 151 166
96 12 83 106 180
96 40 43 105 122
96 55 58 122 163
96 0 47 108 182
96 81 95 153
96 45 121 128
96 64 98 169
96 36 101 171
96 19 52 90
96 111 146 169
96 94 121 146
96 10 21 39
96 6 152
96 22 37
96 96 121
96 106 184
96 70 121
96 65
96 154
97 8 18 45 80 95 148 170 188
97 2 5 16 42 157 166 198
97 32 73 101 138 151
97 123 130 166 182 195
97 20 26 48 138 142
97 29 98 105 125 159
97 14 49 90 129 187
97 42 123 187 189
97 67 72 125 190
97 3 22 84 112
97 10 20 21 193
97 17 31 172 197
97 13 74 99
97 7 26 84
97 10 64 81
97 0 154 165
97 16 118
97 48
98 3 29 73 112 113 129 197
98 18 46 81 84 103 141
98 2 50 72 152 156 178
98 10 17 64 67 89 136
98 115 121 128 140 151 159
98 18 42 68 129 158 165
98 25 31 44 60 119
98 47 57 73 169 189
98 36 50 85 153 161
98 10 58 95 98 128
98 6 11 125 168
98 32 52 60 76
98 26 86 88
98 89 133 190
98 16 40 53
98 17 143 186
98 55 57 164
98 18 105 177
98 56 132 179
98 41 168
98 53 106
98 54
99 11 16 40 45 74 84 133 153 186
99 34 51 94 112 122 137 194 196
99 0 39 73 77 120 169 196
99 22 72 97 104 111 147 167
99 15 43 55 58 64 166 191
99 44 55 68 79 101 105
99 13 32 56 190 193
99 12 17 94 123 195
99 19 84 87 96 193
99 104 138 183 190
99 42 105 128 194
99 113 114 129 193
99 41 61 137 138
99 23 77 157 191
99 65 96 185
99 17 126 139
99 42 75 152
99 105 139
99 164 195
100 21 59 76 82 99 105 151 174 179
100 33 67 115 142 148 151
100 4 83 128 157 195
100 33 71 156 163 192
100 103 126 130 174 180
100 37 41 83 117 137
100 41 142 159 192
100 96 149 150 173
100 8 17 88 190
100 97 108 117 118
100 148 162 181 192
100 3 59 81 184
100 121 189 198
100 54 130 153
100 1 14 33
100 86 103 122
100 72 143 198
100 24 27 103
100 1 62 167
100 54 101 184
100 57 75 105
100 109 137 164
100 9 94 112
100 85 198
100 81 192
100 125 139
100 40 55
100 24 199
