200 2000
1 30 49 70 86 131 138 167 176
1 48 49 96 101 107 163
1 22 33 37 98 162 185
1 20 23 124 156 192
1 14 47 57 67 71
1 35 90 104 146 159
1 103 125 179 180
1 82 96 109 183
1 79 89 115 120
1 18 88 127 183
1 8 31 44 85
1 2 62 135 184
1 29 133 144
1 63 143 199
1 76 92
2 2 22 46 84 99 140 166 188
2 2 49 62 68 105 109 123 198
2 1 92 99 124 127 136 148
2 18 21 27 42 76 102
2 46 70 98 121 126 169
2 30 54 91 106 161 175
2 102 147 165 174 189 193
2 54 96 131 135 148
2 14 30 59 111 193
2 23 57 73 109 193
2 10 78 107 143 164
2 6 85 90 114 180
2 28 39 75 103 197
2 2 7 11 87
2 17 47 65 73
2 55 80 136 155
2 23 63 173
2 53 110 178
2 18 41 42
2 88 99 154
2 52 105 115
2 67 158
2 170 194
2 63 103
2 38
2 92
3 34 38 52 57 152 172
3 8 15 25 127 189
3 39 60 61 112 145
3 24 33 74 91
3 12 53 103 173
3 4 48 142 175
3 70 72 88 187
3 22 68 98 139
3 44 46 58 85
3 55 73 110 135
3 6 12 26 130
3 116 134 190
3 67 143 190
3 62 101 164
3 125 194
3 99 158
3 101 124
3 162 163
3 8 150
3 116 152
3 71 160
3 114
3 155
4 39 86 133 142 176 180
4 6 86 139 158 196 197
4 6 9 14 99 182
4 24 47 126 139 140
4 37 85 121 142 167
4 37 41 89 96
4 31 47 78 147
4 43 115 143 184
4 57 115 145 193
4 94 103 171 174
4 28 82 150 189
4 38 84 133 145
4 9 46 78 139
4 35 98 183 197
4 19 24 106
4 58 102 131
4 6 147 182
4 142 154 155
4 26 37 68
4 2 9 168
4 129 152
4 8
5 5 13 53 72 132 139 171 185 199
5 87 110 127 132 152 189
5 16 35 46 79 88 189
5 61 75 160 180 190 198
5 0 149 171 180
5 12 91 111 136
5 42 87 105 139
5 4 58 190 195
5 52 74 145
5 4 104 159
5 12 82 127
5 80 94 190
5 136 156
5 65 73
5 63 151
5 44 157
6 32 58 67 86 89 126 130 146
6 18 42 71 86 118 161 165
6 8 57 102 132 155
6 76 116 127 147 152
6 45 80 92 124 149
6 77 78 93 100
6 43 150 171 198
6 8 69 77 185
6 90 109 138 198
6 1 40 64 104
6 67 128 152 169
6 10 71 158
6 34 106 161
6 78 79
6 25 47
6 49
6 100
7 4 16 56 80 91 124 174 193
7 29 51 103 109 175 192 197
7 10 80 87 167 179
7 2 62 109 126
7 2 47 67 170
7 9 12 74 163
7 7 61 132 189
7 26 123 134 146
7 42 44 125 179
7 20 46 102 168
7 2 88 110
7 98 168 187
7 91 139 170
7 151 161 182
7 29 83 184
7 8 158
7 45 158
8 1 31 63 68 91 131 146
8 33 135 150 162 168 173
8 38 51 58 108 129
8 109 113 125 148 159
8 59 98 114 125 140
8 83 97 131 181 182
8 73 119 131 134 156
8 8 17 73 103 132
8 4 81 113 125
8 24 72 164 170
8 26 156 173 196
8 4 33 77 100
8 14 37 124 184
8 31 103 119 153
8 33 57 167
8 80 115 153
8 51 117 144
8 98 148 167
8 30 96 155
8 16 151 182
8 5 50 80
8 1 58 101
8 121 123 126
8 2 67 79
8 6 30 154
8 78
9 22 23 65 107 113 135
9 40 66 92 120 192 198
9 34 65 86 104 163 184
9 71 91 124 151 193
9 16 98 134 177
9 11 23 33 57
9 39 68 121 179
9 32 57 170 181
9 20 124 157
9 10 178 194
9 9 133 138
9 73 81 125
9 9 47
9 100 174
9 12 115
9 77
10 59 62 71 137 138 156 160 171
10 17 44 96 98 113 158 192
10 1 36 38 136 190 199
10 38 113 121 131 136 141
10 15 28 31 124 148 185
10 19 77 103 146 190
10 5 69 123 135 172
10 12 54 146 181 192
10 28 83 154 198
10 4 111 171
10 10 71 124
10 7 118 193
10 58 118 192
10 15 101 103
10 7 134
10 67 73
10 62 132
10 80 141
10 30 63
10 87
10 139
10 96
10 167
10 157
11 44 55 84 147 154 157 158 177
11 11 16 58 64 81 128 139
11 1 11 14 22 121 149 182
11 36 43 65 167 181 182
11 18 69 117 156 164
11 34 83 94 108 198
11 7 42 122 130 173
11 24 53 68 135 180
11 80 83 121 192
11 8 168 175 192
11 41 74 114 122
11 36 52 60
11 81 176 197
11 67 106 187
11 35 57 94
11 2 77 184
11 4 87 96
11 69 89
11 15 40
11 152
12 33 37 63 86 89 99 106
12 37 60 123 133 143 167
12 7 11 67 110 121 184
12 36 54 107 120 143 168
12 78 116 143 147 197
12 17 32 126 130 148
12 11 19 118 132 161
12 40 73 180 189
12 19 30 65 112
12 34 95 139 146
12 25 36 68 79
12 60 71 75 128
12 12 50 70
12 2 104 127
12 93 128
12 118
12 67
13 15 17 31 70 103 148 156 177
13 77 86 102 105 142 165 185 193
13 24 142 163 166 172 198
13 25 74 94 168 169
13 26 102 110 146 168
13 25 28 118 152 191
13 33 37 130 162 190
13 116 120 154 169 172
13 5 61 118 179
13 7 136 145 161
13 42 68 97 101
13 18 42 70
13 32 78 99
13 54 62
13 101 134
13 42 99
14 12 118 132 148 162 167 171
14 3 4 16 41 91 148 167
14 46 61 65 90 149 178
14 7 121 130 149 152 195
14 36 118 154 173 180 191
14 47 67 131 169 173
14 8 13 27 140 158
14 16 36 77 115
14 31 34 92 186
14 98 133 137 159
14 82 90 153 195
14 68 138 139 151
14 10 128 134 166
14 7 20 167 192
14 63 64 155
14 10 115 186
14 38 82 83
14 57 65
14 133 154
14 35 82
15 7 55 79 92 105 147
15 10 89 145 157 194
15 18 35 137 175 191
15 3 63 82 112 170
15 41 96 108 117 189
15 100 147 161 180
15 39 90 99 133
15 49 54 108 192
15 21 37 138
15 97 123 172
15 95 102 171
15 66 153 180
15 127 153
15 29 30
15 24 87
16 5 6 14 93 110 123 174
16 34 96 112 118 149 157
16 1 14 44 52 93 101
16 21 27 110 127 134 193
16 24 41 55 127 195 199
16 5 113 140 170 175 185
16 4 13 110 126 151 176
16 40 56 110 155 194
16 26 32 67 82 83
16 45 93 141 155 186
16 41 88 101 153 175
16 109 113 146 161
16 108 178 180 185
16 91 136 180 182
16 117 122 134
16 81 83 127
16 102 109 156
16 19 165 185
16 80 82 136
16 28 173
16 112 142
16 8 20
16 0 175
16 135 139
16 65 130
17 45 64 78 90 116 125 156 170 193 199
17 4 11 75 107 119 166
17 49 56 83 138 145 148
17 6 28 35 69 156 163
17 16 63 126 131 158
17 35 54 118 156 197
17 23 52 66 151 180
17 15 21 65 169
17 76 170 189 192
17 5 57 72 90
17 11 60 88 196
17 36 46 107 128
17 102 119 162 187
17 61 87 107
17 0 3 68
17 5 66 149
17 47 119 129
17 166 172
17 48 102
17 149
18 9 11 24 84 86 160 164 186
18 16 38 58 109 168 180 198
18 90 169 180 181 188 191
18 0 1 73 101 118 192
18 46 84 143 146 194
18 58 62 112 175 196
18 97 128 173 190 198
18 55 60 76 152
18 23 38 124 130
18 50 110 124 126
18 49 132 138 199
18 121 135 149 157
18 95 109 160 162
18 38 104 146 192
18 44 71 130
18 41 82 143
18 16 154 186
18 19 66 85
18 35 99
18 94 147
18 30 194
18 99 172
18 76
19 51 59 107 130 165 177 178
19 40 49 59 95 122 178 182
19 6 26 34 95 96 104 177
19 6 8 60 114 127 185
19 10 59 71 165 175
19 51 102 147 161 172
19 6 12 184 193
19 8 28 64 107
19 164 179 184 197
19 22 37 49 162
19 52 75 103 165
19 23 90 196
19 45 55 127
19 39 92 138
19 20 76 184
19 63 134
19 43 197
19 80
19 95
20 4 62 100 116 170 186 198
20 12 17 21 51 121 179 197
20 8 36 87 117 141 173
20 58 78 139 144 153 174
20 93 116 135 139 150 162
20 52 56 78 86 96 151
20 12 57 60 161 172
20 49 126 129 145 169
20 8 15 27 70 95
20 46 91 139 151 198
20 36 103 126 148
20 70 73 78 119
20 22 75 126 181
20 28 50 73
20 112 136 176
20 26 42 100
20 16 146 175
20 13 92 192
20 36 80
21 2 39 53 60 62 114 118 167 170 175
21 0 43 44 146 177 189 195
21 4 29 53 57 80 120 130
21 26 49 53 76 109 170
21 35 52 90 93 170
21 46 51 55 59 69
21 31 113 123 142
21 16 63 74 198
21 140 152 181 198
21 69 159 164 186
21 72 105 147
21 90 104 180
21 52 115 187
21 33 125
21 53 54
21 120 134
21 117
22 36 58 66 77 110 137 153
22 3 55 67 75 77 124 171
22 1 17 44 102 123 126 180
22 34 39 111 120 142 182
22 1 19 28 51 54 102
22 0 86 169 181 184
22 13 43 152 167 181
22 68 114 154 178
22 34 51 107 135
22 32 51 125 194
22 5 6 21
22 4 31 148
22 51 179
22 18
23 10 33 97 98 129 137 189
23 31 42 68 154 181
23 4 42 105 178 188
23 40 65 75 126 147
23 35 64 65 103 151
23 21 49 107 140 175
23 29 88 150 185 188
23 26 119 132 179 193
23 0 80 143 153
23 52 70 130 174
23 29 70 103 192
23 43 44 54 130
23 16 42 137 139
23 37 57 65 83
23 10 103 120 193
23 6 121 149
23 43 54 85
23 7 22 166
23 19 31 161
23 139 148 160
23 55 79 124
23 11 47 159
23 56 83 152
23 78 111 127
23 95 143 170
23 87 129 147
23 52 59 185
23 20 84 143
23 79 169 177
23 57 159
23 3 38
23 6 184
23 112 175
23 94
23 162
24 1 3 20 40 76 131 183
24 5 20 109 113 140 167 168
24 0 6 15 34 89 123
24 25 42 131 132 155 192
24 26 89 138 161 177
24 74 153 156 178 193
24 51 95 122 126 150
24 32 96 156 169 189
24 18 96 159 179
24 77 104 123 133
24 69 74 77 143
24 78 93 103 178
24 12 174 188
24 23 58 187
24 47 131 178
24 68 78 175
24 12 28 185
24 17 95 142
24 103 191
24 33 56
24 42 80
25 21 56 61 77 104 120 125
25 5 9 54 87 191 194
25 40 49 54 142 151 187
25 11 41 143 188 198
25 15 43 51 109 124
25 24 100 113 121 156
25 13 51 109 150 175
25 49 58 79 189 196
25 80 116 151 165 180
25 24 162 177 181
25 5 22 71 164
25 85 119 149 192
25 39 75 91
25 65 92 192
25 52 53 91
25 63 179 182
25 161 199
25 8 183
25 126 140
25 51 61
25 7 192
25 145 198
25 17 187
26 31 36 61 82 102 104 129 173 175 197
26 13 55 122 138 141 176 186 191
26 2 81 92 144 150 187
26 63 95 149 168 182
26 80 94 128 156 194
26 40 160 193 198
26 76 123 141 196
26 37 41 104 194
26 61 65 82 187
26 11 92 151 180
26 15 43 165 176
26 109 157 167
26 83 104 197
26 113 141 154
26 56 91 163
26 11 88 89
26 5 40 184
26 118 123
26 3 95
26 97 102
26 33 123
26 37 118
26 55 157
27 22 25 66 141 158 160 167 169
27 44 84 99 113 144 166 177
27 80 83 117 131 147 180 195
27 54 59 109 113 169 196
27 17 38 72 107 136
27 2 28 55 78 179
27 42 77 122 182 189
27 89 99 151 176 192
27 16 74 94 101
27 15 38 137 182
27 5 17 30 104
27 71 122 132 133
27 10 31 162 187
27 39 61 91 168
27 41 66 80 160
27 114 177 192
27 70 115 174
27 76 173 198
27 3 20 139
27 87 170
27 49 59
27 16
28 35 43 80 97 111 139 148 159
28 50 54 86 88 139 143 153
28 34 52 67 106 156 173 174
28 21 117 144 178 192 193
28 6 16 18 36 129
28 43 73 77 160 168
28 72 135 171 176
28 3 131 135 154
28 28 43 115 180
28 3 18 75 99
28 57 153 162 189
28 94 103 104 149
28 17 48 127 171
28 16 76 120 196
28 6 12 192
28 114 172 198
28 69 75 199
28 8 141
28 46 100
28 32 110
28 125 150
28 104
29 30 65 103 117 133 140 144 146
29 3 53 68 98 117 133 159 181
29 57 112 137 147 150 178 195
29 123 125 133 146 166 186
29 20 49 144 170 172 173
29 24 25 31 103 148
29 81 100 149 158
29 39 107 133 150
29 53 66 118 128
29 79 136 157 168
29 0 26 84 97
29 10 90 137
29 24 104 154
29 19 43 72
29 8 21 69
29 42 114 180
29 19 29 129
29 39 131
29 99 132
30 1 26 30 80 117 176 180
30 21 44 101 135 137 162
30 14 26 31 47 61 150
30 0 13 27 38 166
30 52 66 75 98 171
30 92 123 132 165 168
30 50 157 177 195
30 40 101 104 191
30 44 80 151 179
30 73 78 137 172
30 35 101 119 124
30 112 135 162
30 24 189
30 83 165
30 23 32
31 76 84 93 153 181 183 190
31 7 33 38 113 118 186 195
31 68 90 105 136 162 170
31 9 88 126 137 149
31 35 41 47 112 163
31 32 135 139 140 168
31 42 79 107 134
31 18 25 104
31 35 114 130
31 24 55
31 95 154
31 105
31 25
32 23 26 31 73 92 129 163 169
32 41 86 113 133 138 158 167
32 68 73 108 125 127 158 198
32 20 68 131 140 152 166
32 60 93 142 156
32 17 79 123 157
32 64 110 113 164
32 70 116 176 198
32 12 40 45 153
32 35 112 157 184
32 5 102 104
32 45 138
32 165
32 50
32 197
33 49 61 76 126 127 169
33 34 61 141 166 167 169
33 69 84 94 119 128 168
33 83 91 127 164 185
33 45 82 97 103 138
33 18 24 61 87 155
33 47 83 173 176
33 33 138 151 176
33 40 58 131 143
33 55 104 173 189
33 35 108 175 182
33 37 44 63 111
33 30 141 147 148
33 15 32 149
33 19 114 156
33 67 122 178
33 125 198
33 4
33 182
34 18 29 44 53 66 83 110 175
34 38 40 49 79 119 132 182 192
34 52 58 85 163 168 171 185
34 32 119 128 149 160
34 51 65 68 90 191
34 52 82 100 172
34 127 150 182 186
34 39 72 116 185
34 175 183 188 193
34 12 52 170 192
34 36 110 128 133
34 124 144 198
34 125 139 167
34 64 85 174
34 7 12 78
34 101 194
34 163
35 1 13 48 76 87 90 178 193
35 9 29 36 61 99
35 1 55 101 137
35 2 49 58 122
35 1 11 156 159
35 31 49 69 105
35 78 168 187 191
35 95 128 158 169
35 94 119 173 198
35 6 89 153
35 12 26 174
35 47 104 116
35 4 53 71
35 40 74
36 3 38 70 97 101 168 169 183
36 42 70 81 109 150 153
36 34 49 166 175 187 190
36 21 29 78 89 93 127
36 61 71 106 113 157
36 61 107 114 190
36 65 116 154 179
36 52 58 73 151
36 37 63 165 191
36 59 71 132 170
36 37 169 181
36 1 154 165
36 73 143 197
36 47 77 169
36 1 137 196
36 57 93 132
36 145 172 186
36 12 102
36 82 166
36 32 129
36 29
37 1 40 43 55 88 103 143 154
37 5 13 32 70 91 103 153
37 63 91 141 142 165
37 57 86 139 143 157
37 14 27 42 78 186
37 31 136 161 199
37 102 125 154 163
37 30 151 158
37 6 62 99
37 20 44 48
37 26 105 111
37 33 62 150
37 4 61
37 74 159
37 19 40
38 3 23 53 103 131 152 161 167
38 20 30 103 126 154 169 171
38 3 7 45 89 121 197
38 57 81 96 151 166
38 114 145 150 153 174
38 67 89 106 182 190
38 16 49 191 197
38 28 30 70 78
38 28 62 143 154
38 65 149 185 190
38 26 52 56 153
38 28 140 161 173
38 38 119 190
38 58 128
38 16 71
38 171
38 58
38 60
39 9 36 50 63 115 120 151 189
39 58 97 145 153 154 173
39 20 29 155 158 164 190
39 8 66 128 154 176
39 110 115 145 152 161
39 9 58 59 131 170
39 22 32 56 68 71
39 47 71 82 123
39 82 88 99 198
39 67 84 162
39 41 44 124
39 12 99 193
39 1 123 167
39 10 126 158
39 86 167
39 71 125
39 186
40 0 29 36 90 174 185
40 4 84 111 117 136 179
40 0 19 28 84 128 137
40 41 59 61 77 128
40 43 49 124 195
40 65 120 136 181
40 8 31 43 72
40 16 109 144 185
40 7 41 97 192
40 1 29 114 138
40 26 117 137 196
40 16 66 112 165
40 13 15 123 163
40 138 146 162
40 105 108 186
40 26 90 109
40 39 114 176
40 18 192 196
40 34 77 101
40 77 147 164
40 93 99 116
40 93 197
40 133 166
40 45 64
40 148
41 19 32 33 61 62 100 171 185 194
41 37 87 96 144 152
41 38 59 112 184
41 115 130 135 168
41 71 141 143 188
41 7 40 107 182
41 15 37 56 59
41 32 48 118 126
41 10 108 128
41 44 166 174
41 59 139 199
41 68 78 140
41 113 131 156
41 76 178 186
41 44 110 112
41 36 50 120
41 0 17 144
41 82 157 163
41 85 153
41 26 119
41 30 149
41 168 174
41 18 106
41 46 166
41 88 188
41 78
42 13 41 57 108 126 143 146 155
42 17 54 59 86 159 166 180
42 5 14 43 101 102 191
42 29 42 44 58 84 186
42 38 74 90 119 137
42 12 85 131 156 168
42 57 131 164 179 185
42 22 32 63 97 184
42 72 99 139 168 185
42 80 118 138 195
42 16 23 72 87
42 7 21 72 89
42 13 22 52 98
42 16 22 28
42 5 42 89
42 101 161 184
42 18 46 85
42 150 154 161
42 27 169 198
42 22 30 75
42 0
42 112
43 5 56 74 81 100 118 152 161
43 7 10 15 66 99 124 197
43 0 39 56 57 108 131
43 33 72 133 147 179
43 5 45 58 97
43 57 101 158 173
43 12 21 34 185
43 4 13 152 186
43 63 85 108 192
43 26 105 195
43 46 114 124
43 1 89 121
43 62 142 180
43 70 88 145
43 75 148 189
43 0 153
43 89 100
43 151 152
43 110 151
43 46
44 60 105 120 157 179 186 196
44 28 70 74 125 184 189
44 2 54 102 136 170 199
44 123 132 151 165 192
44 9 80 112 169 184
44 93 120 132 160 195
44 128 146 169 173
44 38 46 55 121
44 16 94 128 189
44 5 162 169 172
44 27 56 106 146
44 50 55 145 162
44 41 51 96
44 40 88 145
44 76 116 141
44 119 124 175
44 20 71 125
44 99 164 193
44 12 84 174
44 2 95 139
44 35 128
44 124 150
44 110
45 15 24 77 102 140 163 198
45 47 62 111 114 143 145
45 26 29 94 95 103 148
45 47 179 180 181 193 199
45 24 35 55 143 161 191
45 60 63 83 157 161
45 30 63 135 152 166
45 1 51 68 84 88
45 72 98 101 135 160
45 4 97 102 103 134
45 18 41 43 150 173
45 19 60 82 103 122
45 1 55 73 154
45 12 87 102 114
45 141 145 148 172
45 5 44 110 184
45 84 167 169 179
45 90 129 148
45 65 83 111
45 16 73 128
46 55 73 78 81 109 114
46 7 8 24 30 59 95
46 49 61 68 83 99 178
46 13 50 51 78 129 177
46 27 28 80 162 170
46 4 92 133 167 184
46 123 141 169 185 196
46 48 79 100 140 174
46 61 65 136 185 197
46 5 114 159 192
46 116 117 149 175
46 65 93 98 198
46 4 19 53 195
46 23 54 66 186
46 38 74 114
46 22 89 116
46 4 68 178
46 86 175 196
46 94 122
46 24 109
47 45 51 81 84 119 137 160 189
47 59 82 98 142 180 189
47 76 94 120 147 163
47 18 129 175 188 194
47 22 50 64 153
47 50 120 158 193
47 49 136 153 186
47 0 43 83 89
47 62 74 85 169
47 81 87 146 179
47 93 113
47 78
48 40 106 118 162 165 184
48 94 104 120 146 169 172
48 18 30 51 86 119 139
48 17 54 75 81 127 156
48 78 90 102 176 194
48 13 86 104 146 170
48 37 64 80 112 127
48 46 66 134 157 184
48 32 77 107 150
48 8 9 30 96
48 36 73 121 144
48 23 79 168 193
48 19 117 157 191
48 105 125 165 180
48 54 111 136
48 36 66 94
48 68 151 188
48 15 70 175
48 95 180
48 30 158
48 95
49 4 11 62 124 133 155
49 34 112 186 192 196
49 31 57 92 118 126
49 12 26 40 46 81
49 18 133 137 198
49 6 60 137 177
49 26 51 83 90
49 46 67 154 155
49 82 125 137 181
49 47 55 67 177
49 72 108 140 179
49 23 117 121 132
49 40 89 157
49 93 164 183
49 35 77 125
49 178 187 191
49 95 153 189
49 81 130 175
49 72 120 137
49 78 100 166
49 27 42
49 39 80
49 157 161
49 18 198
49 139 196
49 63 71
49 67
50 54 66 76 80 94 125 152 157
50 40 78 96 99 102 146 187
50 23 30 64 81 124 165
50 135 138 159 180 186
50 77 106 166 172
50 9 16 68 87
50 56 108 165 175
50 94 147 190
50 36 73 133
50 54 68 86
50 68 120 189
50 94 141 151
50 180
51 61 78 93 123 130 163 174 197
51 7 17 52 93 147 166 178 197
51 15 47 60 64 85 167 178
51 27 56 78 106 137 170
51 37 84 108 112 126 132
51 6 108 110 197
51 25 39 116 165
51 16 25 59 172
51 59 175 184 190
51 6 117 141 165
51 71 138 171 199
51 17 74 192
51 58 86 119
51 68 69 154
51 26 60 173
51 10 25
51 42 116
51 19 156
51 65
52 6 73 78 95 149 155 172 183
52 5 25 58 72 78 113 173 177
52 21 33 57 140 176 193 198
52 18 45 72 92 125 126
52 54 73 99 102 126 167
52 12 71 72 116 118 127
52 5 109 126 152 166
52 16 46 81 147 185
52 61 144 150 185 192
52 52 123 145 147 165
52 31 50 136 138 144
52 46 74 98 127 161
52 49 67 72 80 179
52 53 92 128 142
52 27 47 59 185
52 8 87 88 98
52 40 129 130 149
52 57 73 121 160
52 80 89 126 147
52 24 42 124 176
52 14 127 176
52 0 11 186
52 125 150 191
52 54 107 124
52 0 60 123
52 35 56 120
52 28 132
52 9 172
52 6 11
53 0 17 114 115 124 132
53 35 58 102 160 163 173
53 31 62 101 124 150 188
53 7 26 28 71 175
53 4 65 102 104 165
53 71 83 119 166 177
53 4 34 40 57 98
53 10 94 143 180
53 11 48 92 119
53 42 97 121 174
53 69 122 173 175
53 35 99 109 185
53 21 50 129 135
53 79 116 147
53 4 65 186
53 48 49 78
53 106 125
53 68 155
53 55 109
54 47 54 70 82 173 182
54 54 115 132 150 186
54 26 62 68 144 165
54 65 106 111 114 159
54 48 120 140 199
54 17 34 52 137
54 6 41 81 124
54 17 106 107 163
54 134 153 190
54 41 169 186
54 32 90 169
54 68 112
54 39 93
54 102 161
54 107 169
54 116
55 39 63 101 109 115 132 157 161
55 11 79 127 129 155 168 180 191
55 21 38 63 99 104 125 140 178
55 0 8 14 46 53 138 190
55 85 101 118 144 158 161
55 33 84 102 157 164
55 36 78 105 150 189
55 38 91 139 154 197
55 12 95 123 125 139
55 1 44 45 90 168
55 49 65 88 132
55 51 76 106 144
55 12 34 98 176
55 122 144 160 190
55 49 128 186 198
55 3 40 90 121
55 18 76 151 185
55 25 52 140
55 24 59 111
55 44 168 187
55 39 50 110
55 22 60 122
55 103 150
55 96 167
55 67 91
55 72 105
55 31 96
55 29
56 45 46 66 80 98 105 136 181
56 34 62 75 96 103 104 175
56 35 41 119 151 193 194
56 21 24 126 184 186
56 50 55 81 138 196
56 1 74 116 168 170
56 40 80 142 164
56 64 65 86 193
56 17 31 166 175
56 7 106 133 196
56 43 61 175
56 6 75 147
56 45 72
56 38 95
56 36 97
57 11 95 96 139 152 164 192
57 8 86 114 119 141
57 51 70 104 125 157
57 5 67 73 88 162
57 19 31 102 122 149
57 31 45 74 191
57 64 119 129 152
57 51 117 120 125
57 4 65 179 191
57 35 163 175 193
57 63 94 123 147
57 65 150 191
57 6 41 75
57 75 165 197
57 100 103 198
57 131 191
57 78 113
57 196
57 49
58 18 75 137 144 147 175 189
58 25 42 53 88 97 99 169
58 6 66 99 140 188
58 34 90 95 155 194
58 64 93 118 192 194
58 101 138 176 193
58 14 37 79 109
58 1 67 188
58 14 73 125
58 22 151 165
58 2 68 150
58 46 139 190
58 53 170
58 13 166
58 132
58 55
59 25 28 96 106 109 181
59 83 130 153 181 195
59 79 129 151 160 170
59 36 116 134 167 195
59 11 25 35 69 138
59 66 93 104 111 112
59 8 36 48 107 142
59 63 99 163 170 171
59 37 39 166 198
59 52 89 158
59 10 28 51
59 111 122 194
59 3 123 194
59 19 118 144
59 152 158 175
59 133 192 193
59 4 74
59 106 199
59 8 141
59 1 191
59 68 71
59 163 179
59 130
59 123
60 26 33 47 54 131 145 150 154
60 2 26 36 114 133 157
60 2 53 85 117 123 199
60 12 24 38 131 191
60 54 93 127 139 174
60 101 108 128 158 177
60 61 121 129 142 160
60 36 88 128 194 196
60 46 73 78 118 127
60 11 46 53 79 83
60 0 72 149 171
60 19 63 90 185
60 18 62 97 160
60 0 32 101 118
60 8 12 34 81
60 145 159 172
60 85 140
60 42
61 13 50 71 119 162 180 187
61 17 40 52 56 68 106 138
61 13 34 38 46 60 139 145
61 5 34 52 128 174 187 199
61 13 18 37 39 96 102 131
61 59 95 110 111 137 168
61 13 35 96 131 169 174
61 7 48 83 87 174 183
61 5 57 59 102 140 149
61 62 106 156 171 177 199
61 56 92 100 123 141 157
61 7 27 48 117 149
61 51 61 106 130 177
61 9 31 113 142 163
61 3 4 100 196
61 63 112 182 187
61 35 61 94 141
61 21 94 110 140
61 112 160 196
61 13 100 104
61 33 43 114
61 140 151 189
61 47 154 177
61 18 94 155
61 29 74
61 155 189
61 38 63
61 26 100
61 12 174
61 152 179
62 0 49 64 113 120 161 189
62 13 39 43 80 85 95 157
62 13 20 47 133 184 192
62 8 121 126 163 168 193
62 125 126 131 152 178
62 19 36 106 146
62 20 78 139 155
62 102 109 124 148
62 31 32 63 174
62 13 104 122 125
62 69 71 165 172
62 25 71 96 181
62 28 43 127 139
62 65 96 149
62 11 110 131
62 65 86 148
62 55 154 165
62 123 148 156
62 0 104 132
62 7 147
62 109
62 135
63 30 57 59 85 100 176 180
63 58 62 121 139 165 190
63 40 50 58 79 99 184
63 13 29 36 64 85
63 84 88 122 161
63 66 105 120 192
63 26 69 115
63 7 28 130
63 48 52 66
63 24 92 123
63 80 166 186
63 57 164 187
63 9 32 168
63 50 125
63 131 162
63 120 171
63 34 68
64 0 1 10 69 156 192
64 72 118 132 142 172 197
64 28 85 133 134 148
64 12 54 58 176 183
64 63 90 110 113 180
64 57 99 133 159 182
64 1 13 52 76 129
64 28 68 105 187
64 8 11 31 56
64 13 123 191 198
64 111 119 135 163
64 41 155 162 182
64 9 102 142 153
64 8 56 125
64 32 109 164
64 19 167 178
64 37 50 65
64 23 50 123
64 58 138 162
64 135 142
64 42 171
64 30 126
64 35
64 111
65 50 52 60 89 96 103 106 134 168
65 1 58 68 138 149 150 182
65 28 59 73 92 112 172
65 10 29 54 85 159
65 4 24 157 179 193
65 67 91 120 121 147
65 53 57 68 73 121
65 13 43 76 147
65 8 9 42
65 2 64 175
65 78 181 196
65 83 109 144
65 54 90 155
65 6 46 49
65 78 156
65 57 75
65 111 147
66 49 78 144 149 174 176
66 29 64 88 154 194 196
66 63 67 140 153 167 178
66 29 40 150 166 178
66 20 23 64 90 116
66 4 36 68 123 128
66 36 55 90 192
66 93 155 196 199
66 6 85 128 138
66 20 85 102 104
66 67 104 127
66 90 157 165
66 39 56 78
66 49 81 95
66 8 103 192
66 18 142 179
66 109 156 194
66 45 63
67 11 37 54 90 98 170 192
67 5 55 82 166 172 180
67 47 59 77 85 124 189
67 56 66 102 156 164 194
67 51 57 146 151 194 197
67 40 69 103 108
67 77 128 174 183
67 74 116 125 190
67 1 69 96 198
67 107 115 130 193
67 119 154 172
67 46 87 148
67 80 137 141
67 30 48 118
67 42 113 150
67 170 187 194
67 2 71
67 0 85
67 47 57
67 39 158
67 96
68 0 87 94 136 165 182
68 33 39 53 136 140 172
68 50 85 98 128 195
68 53 59 80 127 139
68 21 70 78 109 183
68 31 54 101 121 169
68 76 120 121 124 168
68 10 67 98 175
68 36 138 192
68 6 52 123
68 52 135
68 34
69 7 10 19 42 98 108 145 191
69 31 37 96 156 165 175
69 40 84 118 151 197 199
69 82 92 150 183 189
69 49 50 120 155 164
69 68 95 119 140 155
69 17 60 107 139 146
69 82 100 109 156 189
69 38 72 83 109 118
69 9 29 46 128 149
69 37 91 105 165 183
69 53 85 89 152
69 57 82 113 126
69 29 127 170
69 155 161 164
69 6 72 90
69 97 105
69 70 168
69 67
70 6 18 28 39 61 107 128
70 47 57 90 92 114 146 166
70 92 116 135 139 161 191
70 23 104 154 165 190
70 2 24 72 91 161
70 74 75 114 145
70 8 31 114 132
70 7 54 107 176
70 25 89 148
70 7 21 26
70 16 112 197
70 46 131 159
70 43 123 173
70 102 181
70 53 119
70 83 195
71 52 78 123 171 187
71 62 157 177 191
71 8 18 53 189
71 7 16 63 164
71 37 142 169 174
71 5 52 121 174
71 53 67 68 157
71 14 109 173
71 132 142 149
71 6 108 166
71 139 178
71 78 125
71 22 51
71 25 33
71 16
72 3 11 41 74 139 154 158
72 39 42 75 124 173 178 189
72 45 84 93 122 196
72 17 107 136 140 151
72 40 71 77 89 139
72 21 38 101 104 157
72 3 17 84 106 190
72 68 120 149 186
72 29 60 76 126
72 63 64 117 143
72 59 104 126 192
72 64 87 177 186
72 18 28 59 105
72 86 87 138 191
72 58 90 154 158
72 41 102 124 188
72 43 181 193
72 81 164 180
72 34 50 94
72 52 114 193
72 81 144 146
72 2 64 181
72 20 129
72 80 147
72 5 41
72 182
72 68
73 20 28 42 57 101 104 118 137 141
73 10 15 35 75 109 122 154 185
73 12 60 63 80 142 178 186
73 57 114 149 152 187 189
73 14 35 49 98 138 183
73 80 88 93 113 193
73 28 76 118 127
73 102 104 156 160
73 51 83 142 192
73 23 88 112 155
73 23 29 69
73 14 140 158
73 47 57 196
73 138 140 153
73 84 94 184
73 73 87
73 75 169
73 32 152
74 13 35 72 82 112 140 198
74 24 30 42 55 93 120 141
74 5 124 153 162 164 174 199
74 6 31 38 105 152
74 6 11 15 32 68
74 46 47 72 96 133
74 8 49 53 65 172
74 45 80 83 157 163
74 42 112 113 158
74 2 133 170 185
74 116 122 182 184
74 16 17 99 179
74 62 69 97
74 55 141 176
74 53 65 88
74 161 162 194
74 60 66 130
74 92 98 163
74 102 126 144
74 0 145
74 74 111
74 136 195
74 120 147
74 50 187
74 3
75 7 52 64 91 96 116 149 157
75 9 18 95 116 141 158
75 23 75 83 85 127 147
75 30 94 131 135 136 188
75 29 98 117 123 195
75 36 48 181 189 197
75 4 94 135 165 193
75 8 39 156 161 176
75 36 50 56 103 129
75 47 132 155 180 192
75 21 56 68 153 198
75 32 135 179 188
75 57 63 160 194
75 49 60 64 66
75 20 71 130
75 185 193
75 84 113
75 130 198
75 52 95
75 94 105
75 33 160
75 66 123
75 113
75 81
76 47 68 69 120 121 122 123 159
76 64 78 135 145 150 173 188
76 42 54 87 102 162 180
76 3 45 61 93 115 183
76 73 76 125 157 171 199
76 31 55 102 114 148
76 67 98 151 157 173
76 18 131 143 159 195
76 90 97 127 128 186
76 16 34 161 176 194
76 45 80 114 152
76 16 40 50 176
76 43 91 130 153
76 48 107 133 151
76 32 47 186
76 41 82 163
76 20 40 73
76 61 96 144
76 29 158
76 73 194
76 77 143
76 27 101
76 161 163
76 13 124
76 114
77 10 14 65 72 131 146 159 176
77 3 32 46 68 116 118 172
77 4 85 183 187 193 194
77 22 49 110 114 158 160
77 43 83 131 139 175
77 87 101 112 132
77 7 61 175 177
77 34 84 108 179
77 9 89 171 189
77 17 97 118 125
77 28 124 144 173
77 20 77 130 162
77 110 134 141 179
77 58 63 114 145
77 9 93 172 190
77 4 103 141
77 59 102 127
77 77 86 108
77 3 27 126
77 34 35 101
77 125 132 157
77 11 70 183
77 92
78 56 116 119 144 160
78 105 133 148 176 183
78 43 80 139 166 194
78 1 52 79 87 138
78 24 126 139 159
78 10 35 68 150
78 91 93 190 192
78 9 54 163 166
78 12 18 58
78 46 71 155
78 11 27 180
78 0 88 129
78 24 127 168
78 44 75 97
78 56 104
78 143 153
78 123 191
78 152 175
78 6 125
78 100
78 135
78 150
79 36 47 91 142 146
79 18 27 59 76 97
79 16 31 95 141 146
79 84 127 128 153
79 57 61 109 164
79 58 63 131 184
79 28 112 142 171
79 3 4 54 88
79 74 114 131 164
79 33 37 61 186
79 36 108 169
79 77 126 141
79 49 127 177
79 17 99
79 113 176
79 128 140
79 104 133
79 105
80 34 66 121 122 141 155 173 177
80 8 64 123 142 156 164
80 59 61 135 190 191
80 59 62 117 180
80 72 99 142 186
80 31 126 127 146
80 41 93 109 189
80 60 147 159 166
80 10 37 40 192
80 60 129 158
80 61 125 166
80 81 104 151
80 7 52 145
80 122 128 171
80 46 58 101
80 55 60 199
80 18 51 112
80 61 103
80 12 149
80 7 124
80 80 100
80 133 186
80 33 111
80 34 65
80 65 166
81 7 10 40 50 102 192
81 0 12 88 123 131 156
81 32 72 108 119 144 198
81 101 102 122 130 159 194
81 40 88 105 129 133 190
81 44 46 70 75 152
81 3 46 124 178 189
81 14 53 155 166 172
81 49 89 124 129 135
81 27 43 109 134 173
81 1 64 100 170 177
81 86 89 121 150 170
81 136 145 149 153
81 27 97 150 176
81 19 35 57 107
81 21 65 71 110
81 31 61 64 72
81 45 53 133 176
81 16 132 144
81 26 54 168
81 107 157 181
81 68 180 198
81 10 120 177
81 10 184
81 7 187
81 47 171
82 26 30 40 44 49 66 177 181
82 14 76 116 136 150 180
82 11 69 152 160 190 197
82 2 86 91 184
82 30 87 114 158
82 100 134 149 189
82 5 26 151 196
82 64 102 124 130
82 9 36 66 115
82 89 130 165 173
82 47 99 120
82 74 103 131
82 101 122
82 160 168
82 3 170
82 17
83 16 19 72 111 124 152 184 189
83 29 72 117 150 155 187 193
83 38 46 55 56 179 196
83 13 19 90 135 171 174
83 9 52 61 63 71 179
83 37 53 64 95 133 197
83 52 59 75 101 150 157
83 23 31 103 156 181 195
83 9 27 74 77 122 153
83 8 70 98 123 134 147
83 35 46 76 152 196
83 59 101 114 122 184
83 55 102 120 127
83 81 105 147 168
83 4 61 156 163
83 98 116 124 135
83 41 160 182 185
83 51 166 170
83 7 87 185
83 75 146 182
83 92 109 180
83 27 126 167
83 32 80
83 91 183
83 57 197
83 60 161
83 55
84 23 29 52 101 113 125 143 179
84 6 21 41 43 64 107 178
84 6 24 32 49 89 192
84 19 58 93 102 138 180
84 8 60 73 114 140 191
84 51 124 125 140 167 168
84 35 79 83 106 192
84 82 98 159 173 184
84 20 97 133 140 177
84 30 58 90 160 162
84 72 80 114 172 189
84 3 48 74 123
84 50 52 87 136
84 24 32 82 197
84 39 116 151 153
84 67 144 179
84 41 165 177
84 58 102 192
85 23 43 66 165 175 188 190
85 46 57 137 143 151 170
85 14 59 62 106 161 171
85 17 62 83 161 174 184
85 10 50 114 138 178
85 20 24 103 114
85 109 171 178 184
85 2 40 116 131
85 14 54 84 164
85 66 128 130 147
85 26 56 143
85 27 117 196
85 77 169 198
85 2 66 174
85 5 130 198
85 130 181
85 160
85 73
86 11 17 21 31 77 93 94 179
86 29 119 135 147 156 189
86 32 58 82 135 163
86 64 73 154 176 181
86 38 64 121 159 171
86 15 32 40 120 183
86 53 95 98 109
86 57 65 68 110
86 53 110 141 171
86 150 152 162 164
86 78 85 117 142
86 65 85 110 164
86 20 38 94 111
86 29 50 139
86 25 92 117
86 11 145 157
86 32 47 185
86 47 76
86 189 196
86 117 151
87 54 95 147 159 161 168 169 179 189
87 2 36 63 68 89 105 115
87 49 66 110 113 138 142
87 30 32 60 116 152 163
87 59 105 122 143 183 198
87 22 102 135 139 165 184
87 11 28 62 68 99 184
87 12 122 135 138 191
87 62 124 126 191 193
87 73 97 130 141
87 0 85 153 192
87 95 104 149 158
87 64 87 161 194
87 14 47 162 194
87 30 80 98
87 23 117 165
87 83 108 135
87 4 164 165
87 16 36 177
87 13 162
87 65 153
87 18 102
87 54 152
87 146 179
87 50 196
87 77
88 35 49 81 91 149 157 158
88 0 13 42 57 147 181
88 10 16 22 72 199
88 20 29 33 114 154
88 64 133 145 149 185
88 42 44 90 95 110
88 6 146 178 187
88 45 148 161 199
88 121 122 125 160
88 16 74 152 168
88 69 118 153
88 12 166
88 78
89 12 29 64 111 132 135 154 174
89 77 101 115 132 148 162 185
89 109 144 157 163 174 183
89 3 28 29 32 59 191
89 64 108 128 139 162 180
89 25 33 96 185 191
89 136 173 179 181 192
89 24 47 73 93 103
89 11 82 104 116 157
89 2 78 142 144 189
89 41 62 85 111 131
89 112 142 168 187
89 2 14 117 172
89 66 85 93 175
89 28 73 179
89 33 188 197
89 90 131 153
89 19 76 144
89 15 41
89 64 136
89 169
90 36 44 56 67 135 146 161
90 37 63 92 103 143 149 153
90 33 49 54 57 129 154
90 0 96 108 147 158 189
90 22 40 49 81 136 147
90 102 110 120 143 148
90 17 60 66 86 155
90 1 57 72 110
90 79 100 117 159
90 4 24 89 91
90 16 66 93 96
90 52 141 171 197
90 113 167 188
90 3 46 50
90 7 164 196
90 33 84 160
90 46 109
90 186 193
90 86 189
90 84 162
90 18 91
91 5 33 41 64 108 120 130 181 192
91 0 91 102 166 177 178
91 1 5 110 128 137
91 87 102 122 139 165
91 72 123 152 155
91 25 44 78 98
91 35 85 120
91 29 139 198
91 1 102 173
91 46
92 55 92 99 115 174 182
92 38 50 60 92 170 190
92 38 42 44 92 94 156
92 4 57 78 195 198
92 9 62 127 157 172
92 21 31 122 162 199
92 48 55 109 140
92 74 149 154 190
92 78 116 130 142
92 76 78 112 164
92 55 71 140 163
92 4 46 163
92 0 16 154
92 66 71 121
92 14 147 198
92 39 57 164
92 72 75 109
92 35 195
92 81 90
92 172
92 4
92 187
92 34
93 24 36 41 79 92 152
93 22 36 38 103 108 143
93 9 53 117 183 197
93 5 71 91 121 131
93 52 91 135 154 197
93 3 18 89 91 153
93 106 114 128 151
93 31 36 40 53
93 48 87 107 137
93 58 66 139 169
93 43 89 194
93 17 74 163
93 154 174 187
93 107 163 168
93 20 43 102
93 52 57 70
93 24 80 108
93 43 176
93 29
93 109
94 1 14 28 34 114 197
94 12 114 153 157 158 197
94 33 80 81 97 147
94 39 69 84 136 181
94 41 81 133 149 191
94 35 113 145 153
94 58 82 143 153
94 96 137 147 178
94 17 25 172
94 56 67 136
94 30 145 163
94 21 171
94 86 190
94 11 41
94 8 47
94 27 93
94 59 134
94 17 177
94 147
95 16 43 75 86 158 162 175
95 3 26 63 97 98 113 134
95 46 79 109 111 113 120 158
95 18 57 85 120 124 142
95 4 34 117 143 150
95 1 33 111 142 160
95 27 74 162 174 189
95 24 36 78 98 184
95 80 122 124 183
95 34 56 66 182
95 23 90 163
95 177 178
95 36 191
95 115 160
95 148
95 78
96 24 43 97 108 114 147
96 10 51 89 122 169 194
96 13 17 24 49 98 123
96 47 62 123 183 189
96 37 47 87 114 125
96 20 99 159 176
96 28 31 42 55
96 100 181 194 195
96 0 38 81 183
96 29 87 168 178
96 1 133 134 183
96 24 96 165
96 25 102 139
96 63 64 175
96 44 140 177
96 75 195
96 136 163
97 19 29 74 110 115 138 151 159
97 4 50 61 64 91 95 122
97 2 84 108 123 124 156
97 11 18 88 116 119 150
97 7 35 39 67 70 114
97 25 32 48 101 136 195
97 9 12 80 148 167 198
97 1 103 147 151 188
97 5 19 42 90 97
97 46 100 160 173 186
97 48 111 131 161 178
97 4 34 60 124 161
97 10 31 42 72 166
97 70 125 127 181
97 42 43 150 182
97 50 53 58 197
97 50 125 177 193
97 38 120 187
97 48 126 171
97 24 39 153
97 40 199
97 52 54
97 155
98 12 25 38 41 92 108 123 157 158
98 37 80 134 185 190 194 196
98 64 88 111 114 118 142
98 33 50 51 93 106 115
98 15 136 158 171 187
98 33 69 115 158 161
98 4 36 61 165
98 45 98 132 173
98 6 35 60 168
98 56 71 87 111
98 22 82 168 171
98 50 56 91
98 22 107 153
98 18 67 106
98 24 63 139
98 8 68
98 7
99 11 54 77 79 88 98 190
99 36 57 76 122 130 134
99 32 36 50 58 123
99 1 58 68 185 186
99 20 124 134 155 164
99 6 21 55 63 137
99 41 46 54 86
99 38 120 135 169
99 0 7 12 107
99 55 69 86 187
99 9 86 102
99 1 146 173
99 36 67 181
99 63 117 173
99 91 113
99 23 66
99 160 176
99 76
100 72 109 124 137 192 193
100 20 140 148 151 153 194
100 11 119 121 141 142
100 50 96 114 149
100 23 144 160 187
100 28 55 87 130
100 16 21 121 130
100 15 81 107 108
100 97 135 150 174
100 19 29 118 124
100 68 181 197
100 8 96 101
100 109 166 184
100 14 64 122
100 15 61
100 100 152
100 68 165
100 97 155
100 54 91
100 50 104
100 42 172
100 42 119
100 44
100 34
100 109
