200 2000
1 20 66 85 92 98 121 146
1 35 117 137 147 176 184
1 36 58 69 143 155 179
1 7 40 156 165
1 12 38 178 194
1 52 132 133 185
1 0 21 37 196
1 47 126 151 169
1 39 121 182
1 16 17 146
1 7 135 157
1 12 49 122
1 38 104
1 70 197
1 73 176
1 54 116
2 23 27 141 149 168 170 191
2 48 131 143 147 168 181
2 63 82 141 176 185
2 16 29 103 130 189
2 12 88 187 199
2 13 107 123 135
2 15 106 144 199
2 6 42 74 171
2 70 95 96
2 14 92 154
2 96 123 155
2 32 61 146
2 4 185
2 78 161
2 34 173
2 104
2 4
3 36 69 92 125 148 155 159 189
3 36 48 52 63 65 95 197
3 35 50 59 102 106 108
3 38 53 96 161 171
3 1 22 97 129 198
3 14 28 83 109 156
3 9 104 137 194
3 77 137 153 171
3 16 108 123 183
3 58 125 131 149
3 1 20 68 132
3 7 64 101 193
3 41 58 161 172
3 13 75 112 118
3 22 59 67 155
3 71 77 93
3 11 27 183
3 1 57 157
3 45 97 152
3 41 105
3 37 147
4 30 72 99 102 108 119 122
4 33 44 69 75 140 147 184
4 10 28 64 162 168
4 6 13 85 93
4 62 100 109 192
4 33 65 131
4 29 161 198
4 41 84 98
4 85 102 162
4 8 195
4 37 81
4 35 193
4 47
5 21 29 44 133 146 148 163
5 26 76 92 101 131 135 157
5 58 88 114 129 168 174
5 47 53 80 93 118 143
5 57 92 104 121 132 168
5 12 45 67 86 138
5 5 72 168 174 189
5 4 82 107 112 191
5 11 73 105 143
5 63 116 196
5 80 130 164
5 47 103 140
5 35 45 110
5 59 72 100
5 24 49 104
5 14 50 178
5 130 170
5 26 162
5 126 130
5 33 104
5 123 186
5 176
5 31
6 9 59 85 119 163 167 169 195 198
6 19 45 46 68 71 108 183
6 10 65 69 109 111 177 189
6 0 4 74 176 178 199
6 15 19 37 130 137
6 1 7 115 188 197
6 44 67 132 196
6 21 37 53 134
6 12 137 142 167
6 42 88 146 193
6 9 28 124 169
6 3 24 114
6 5 64 69
6 89 144 160
6 4 63 169
6 10 126 194
6 11 60 153
6 8 35 188
6 93 139 142
6 109 176
6 106 162
6 76 189
7 36 52 92 136 173 176 195 198
7 49 54 63 88 118 126 177
7 13 61 74 102 163 179 198
7 70 76 90 134 148 162
7 79 104 134 148 176 185
7 14 61 102 110 111 188
7 0 45 51 156 161
7 47 124 155 188 191
7 77 82 117 127
7 41 81 98 197
7 74 76 139 148
7 44 113 125 179
7 90 146 172 183
7 33 72 124 196
7 44 92 146 155
7 4 36 84
7 63 84 141
7 9 138 175
7 3 14 99
7 58 105 160
7 62 91 135
7 13 71
7 7 121
7 148 158
8 30 133 143 151 159 163 178 181
8 22 40 95 122 148 186 188
8 0 53 145 152 188 198
8 44 118 120 125 155 177
8 19 26 114 182 183
8 18 111 112 144 153
8 2 14 53 57 74
8 18 91 103 130 161
8 66 93 105 122
8 56 83 141 187
8 40 88 109 154
8 22 81 86 150
8 42 83 142
8 8 94 101
8 30 184
8 142 150
8 103 176
8 21
8 98
9 15 26 33 54 89 178 188
9 7 8 46 94 128 146 164
9 8 24 29 68 69 136 178
9 25 57 91 95 107 155
9 90 99 128 138 149 183
9 97 132 167 175 182
9 98 103 129 133 145
9 4 31 52 86 113
9 10 17 139 146
9 11 54 56 134
9 2 22 101 134
9 44 120 129 194
9 31 109 147 165
9 34 168 181 192
9 52 157 171
9 78 123 193
9 35 98 135
9 46 94 122
9 54 75 158
9 161 164
9 64 80
9 56 109
10 30 37 42 55 75 138 152 162 187
10 21 52 105 115 181 194
10 10 33 58 77 111
10 9 55 61 87 100
10 3 67 118 122 181
10 34 79 102 178
10 108 126 171 194
10 70 82 110 165
10 56 58 101 118
10 29 156 182 184
10 58 88 105 125
10 36 132 146 159
11 20 45 66 135 142 182
11 31 61 112 128 133 143
11 19 35 69 115 137 196
11 16 24 46 90 125 140
11 9 11 63 121 171 196
11 4 88 101 158 190
11 24 33 70 108 182
11 62 73 77 90
11 33 45 81 156
11 66 107 159 176
11 35 106 140 189
11 8 130 155
11 21 62 199
11 8 136 153
11 19 107 145
11 18 26 189
11 9 168 192
11 15 117
11 36 54
11 28 30
11 59 100
11 36 97
11 56 71
11 22 31
11 99 154
11 50 85
12 24 59 69 132 154 165 166 179
12 38 57 93 110 157 198
12 18 24 38 87 152 190
12 81 89 125 162 175
12 40 110 152 154 163
12 38 69 154 172
12 14 18 131 171
12 18 40 50 151
12 26 104 112 176
12 49 137 176
12 69 87 113
12 31 76 169
12 88 136 160
12 90 179
13 16 31 43 74 91 128 130 151 187
13 21 55 65 106 162 167 176
13 93 96 113 168 172 176
13 9 14 109 161 172 198
13 3 50 76 86 155
13 37 48 154 156 199
13 45 100 129 171 178
13 16 38 77 117 160
13 23 92 117 119 170
13 135 156 164
13 14 56 125
13 44 53 62
13 4 98 151
13 50 83 123
13 18 100 131
13 93 94
13 42 183
13 161 198
13 43 138
13 6 185
13 168
13 108
14 1 31 76 77 79 158 169 171 186 191
14 5 9 21 23 108 109 194
14 53 63 88 100 165 170 182
14 74 81 87 151 177
14 47 84 144 190 192
14 79 98 156 173 180
14 22 92 93 113 168
14 24 76 126 145 186
14 17 31 42 62 108
14 41 145 152 183
14 33 182 197
14 32 43 141
14 29 66 104
14 68 162
15 7 17 41 54 99 110 154 166
15 28 60 62 80 112 124
15 11 12 78 81 126 140
15 56 115 124 187 188
15 17 62 104 161
15 36 44 157 173
15 41 72 79 127
15 64 109 120 140
15 25 134 181
15 23 43 179
15 33 175 183
15 77 161
15 36 73
16 33 42 45 50 60 80 95 145
16 25 29 33 69 76 120 140 162
16 5 31 61 70 132 143 159 190
16 5 125 130 149 176 194
16 4 9 35 47 58 120
16 12 117 170 180 192
16 6 30 42 133
16 17 108 167 189
16 50 111 192 199
16 104 169 173 192
16 132 140 160
16 35 96 150
16 86 107 194
16 179
16 5
17 5 46 74 83 109 114 126 191
17 13 14 76 109 126 130 152
17 5 33 50 69 91 99
17 16 51 62 106 146 198
17 0 45 113 177 186 187
17 30 109 134 170
17 16 29 125 191
17 23 32 64 117
17 5 161 171 192
17 62 97 178
17 84 109 163
17 6 85 91
17 9 97 134
17 77 142 175
17 73 119
17 69 177
17 87 167
17 13 169
17 62 171
17 135 143
17 126
18 7 9 37 43 92 141 149 192
18 33 76 96 126 152 166 188
18 51 94 114 119 126 144
18 16 122 128 165 175 189
18 40 68 100 168 181
18 19 85 111 171 194
18 67 117 136 159 180
18 46 102 166 172 188
18 1 33 131 136
18 4 85 108 191
18 15 94 180 182
18 4 77 103
18 70 156 188
18 39 75 93
18 78 124
18 32 72
18 41 68
18 135 151
18 40 162
18 83 169
19 0 51 52 109 133 175 176 196
19 11 40 52 94 121 174
19 63 78 88 102 156 198
19 52 88 111 114 142 147
19 0 16 57 161 165
19 8 73 111 132 182
19 12 45 84 88 195
19 15 22 46 187 193
19 2 51 62 71 76
19 32 46 52 92 154
19 5 10 35 114
19 19 78 138 176
19 11 32 82 150
19 53 84 93 110
19 83 97 105 193
19 9 100 145 160
19 3 22 90
19 123 154 198
19 93 105 159
19 3 95 125
19 24 41 60
19 35 40 155
19 28 43 53
19 27 125 138
19 96 116 192
19 75 119
19 164
20 4 36 37 49 70 107 133 148 162
20 31 93 141 172 192 193 199
20 43 46 50 57 64 145
20 15 46 47 139 148 189
20 13 41 100 147 151
20 36 48 57 63 107
20 43 45 131 151
20 51 145 170 198
20 8 10 88
20 38 46 172
20 165 193
20 12
20 19
21 10 22 53 85 100 128 193
21 6 35 90 115 130 146
21 27 34 94 127 134 155
21 41 110 126 139 161 193
21 49 118 139 147 160 166
21 38 81 123 130 188
21 30 72 103 104 182
21 18 54 88 93 136
21 115 126 164 171 191
21 0 67 70 78 111
21 19 146 150 160 172
21 26 153 168 199
21 11 25 62 82
21 6 13 41 65
21 8 73 107 174
21 13 141 145 196
21 87 113 162 169
21 13 75 131 185
21 5 142 161 198
21 102 140 184
21 46 85 165
21 18 101 104
21 36 109 150
21 10 176
21 109 160
22 10 23 34 76 150 161 173
22 3 10 33 81 140 167
22 12 34 42 55 77 90
22 10 62 82 117 159
22 0 110 154 167 198
22 14 109 121 145 187
22 38 80 83 165
22 36 95 135 185
22 82 96 127
22 30 171 189
22 42 82 180
22 1 34 154
22 28 45 177
22 68 143 160
22 99 107
22 116
23 7 82 120 127 146 152
23 50 65 91 120 171 175
23 66 68 81 109 124 126
23 65 83 139 147 188
23 43 86 94 100 111
23 50 56 62 97
23 25 56 134 171
23 68 133 167 190
23 21 70 99 129
23 61 63 77 193
23 34 90 93 168
23 79 91 144 170
23 34 57 83
23 8 171 181
23 41 80 149
23 31 158
23 27 151
24 23 40 115 148 157 163
24 83 98 100 149 153 171
24 2 34 67 105 145 193
24 12 47 52 97 132 167
24 27 35 89 109 178
24 12 18 22 40 54
24 100 131 145 151
24 14 37 95 122
24 96 111 123 174
24 23 73 84 198
24 59 67 114 129
24 1 81 82 171
24 47 145 179
24 4 135 174
24 29 42 93
24 106 112 118
24 28 160 167
24 115 127 184
24 9 93
24 35 56
24 41 180
24 45 48
24 172
24 183
24 87
24 17
25 6 43 66 75 97 169 180 187
25 2 4 52 54 57 145 156
25 3 13 74 88 99 192
25 11 48 71 113 160 175
25 54 57 80 115 172 194
25 7 12 21 82 89 150
25 35 94 101 140 172 198
25 31 66 117 142 168 181
25 36 58 106 157 180
25 12 42 119 182 196
25 41 87 138 167 192
25 37 81 83 91 121
25 31 41 98 120 188
25 32 131 140 158
25 92 99 129 145
25 88 95 137 141
25 110 140 195 199
25 31 112 178 192
25 127 161 173
25 48 173 194
25 13 38 169
25 23 60 193
25 65 132 192
25 81 135
25 63 75
25 7 111
25 62 75
25 95 97
25 62 71
25 30 42
26 37 57 72 84 124 150 154 169
26 15 72 101 105 137 138 158
26 29 66 114 123 139 193
26 18 53 110 111 195
26 25 54 129 141 183
26 21 23 130 156 162
26 24 45 76 109 139
26 25 39 60 126 192
26 82 110 166 189
26 97 104 173 191
26 162 183 194 199
26 29 54 68 186
26 40 56 82 185
26 16 47 104 121
26 94 129 170
26 78 125 130
26 36 77 101
26 12 45 48
26 82 88 117
26 83 148
26 21 82
26 27 179
26 99
26 94
27 5 11 20 48 61 94 103 145 156 173 195
27 8 41 68 71 83 155 162 163
27 8 84 101 125 138 157 197
27 26 58 67 115 130 158 160
27 44 77 82 108 113 139
27 54 98 112 181 194
27 29 49 53 131
27 7 9 129 149
27 1 28 192
27 54 87 186
27 80 88 94
27 20 80 169
27 43 51 162
27 57 148 157
27 47 145
27 126 157
27 63 144
27 6 168
28 19 52 112 155 167 176
28 85 122 138 139 190 196
28 32 43 99 139 185 196
28 35 94 118 182 187
28 64 91 123 148 192
28 8 21 108 180 199
28 9 34 36 82 174
28 24 26 41 173 196
28 62 107 117 185
28 11 58 150
28 29 32 50
28 43 80 130
28 99 110 137
28 32 152 191
29 9 23 24 38 54 88 97 136
29 71 99 134 151 167 184
29 11 24 89 120 141 165
29 16 56 59 78 137
29 53 160 161 179 189
29 64 164 183 189
29 70 95 100 111
29 3 38 187 189
29 28 33 172
29 22 137 145
29 122 137 170
29 11 53 182
29 83 121 195
29 72 128 130
29 125 130 158
29 37 142
29 45 126
30 17 52 95 113 115 127 138 146 174 194 196
30 31 94 130 138 172 183 184
30 23 43 59 65 129 143
30 6 49 54 124 147
30 6 68 101 178 188
30 5 117 150 173 198
30 53 87 101 128
30 119 149 165 190
30 71 79 91 114
30 37 100 118 148
30 72 86 126 138
30 0 37 140 179
30 64 80 95 177
30 31 154 163
30 86 91 172
30 34 63 86
30 57 149 151
30 47 83
30 53 194
31 3 14 49 90 91 127 172
31 31 113 121 124 173 176
31 13 34 113 121 175
31 73 114 135 190 196
31 37 44 69 113 143
31 7 12 81 101 137
31 44 115 182 187
31 47 51 78 140
31 9 61 68 142
31 47 75 91 114
31 68 111 168
31 36 77 124
31 77 152 159
31 40 48 52
31 8 151
31 3 107
31 53 157
31 94
32 9 32 58 91 144 153 155 170
32 35 45 74 79 122 124 166
32 43 46 71 122 166 179 185
32 22 72 99 161 165 173 183
32 6 39 108 133 139 150
32 24 43 54 101 182 196
32 50 64 72 165 188
32 3 4 100 138 187
32 57 77 118 127 152
32 8 19 43 152
32 76 139 187 197
32 10 20 94 119
32 1 30 40 41
32 2 56 153 188
32 99 159 181
32 42 51 95
32 4 131 176
32 5 41 67
32 13 82 168
32 174 193
32 80 101
33 6 31 78 79 134 155 174 193
33 76 83 109 135 136 150 175
33 23 28 81 93 157 171
33 74 80 100 114 123
33 90 121 129 131 159
33 15 28 41 64 103
33 51 120 126 135 174
33 0 10 66 168
33 39 52 179 186
33 33 160 178 195
33 30 87 125
33 17 91 157
33 6 180
33 47 141
33 127
34 3 4 16 26 33 63 95 105 188
34 10 50 53 130 159 190
34 0 21 90 108 120 198
34 45 102 131 155 194
34 27 80 113 132 162
34 22 37 46 179 189
34 36 41 67 178 184
34 5 95 96 125 195
34 115 153 154 156
34 62 108 151 175
34 3 57 67 120
34 28 99 163
34 90 103 146
34 26 191
34 28 89
34 133
34 85
35 1 57 102 105 116 117 124 175
35 0 38 67 103 158 172 190 192
35 16 82 110 157 163 197
35 27 62 64 77 90 135
35 2 55 57 77 122
35 12 59 119 162 184
35 69 77 143 150 177
35 9 58 125 162
35 123 143 145 155
35 15 65 138 146
35 6 31 47 119
35 7 62 89 135
35 43 49 52 189
35 60 121 133 192
35 54 101 133 153
35 40 48 119 170
35 11 72 144
35 7 145 198
35 22 55 75
35 35 71 102
35 69 92 172
35 91 184
35 52 171
36 72 80 91 99 103 112 119 150
36 26 32 39 105 110 145 163
36 37 52 62 72 90 177
36 35 108 112 113 134 193
36 24 59 87 125 172 179
36 67 82 109 132 151 169
36 2 88 90 93 105 131
36 32 80 134 166 194
36 89 107 131 138 156
36 11 60 133 181 186
36 62 90 147 177 191
36 31 40 93 139
36 17 65 85 157
36 123 141 170
36 22 52 59
36 9 14 137
36 24 76 88
36 7 35
36 43 136
36 100 134
36 99 164
36 138
36 141
37 6 23 33 89 164 184 187
37 43 110 133 142 144
37 25 45 69 147 151
37 114 118 122 152 160
37 58 62 64 78 188
37 21 40 183 195
37 58 136 147 161
37 6 40 49 54
37 94 121 122
37 89 90 126
37 30 98 197
37 56 74 178
37 17 92
37 113 161
37 84 146
37 152 154
37 194
38 22 53 86 89 90 144 156 198
38 27 73 90 111 143 145 160
38 48 95 110 115 151 194
38 2 44 114 144 147 177
38 2 27 29 51 73 196
38 28 38 39 98 114 177
38 5 8 10 60 120 170
38 0 21 91 156 173
38 36 118 122 143 178
38 86 93 114 137 162
38 0 13 161 163 177
38 23 105 121 135 139
38 25 72 127 143
38 48 79 111 164
38 2 22 130 137
38 34 84 116 195
38 44 92 100
38 1 154 166
38 18 102 178
38 12 24 142
38 173 183
39 4 29 93 108 116 131 154
39 7 23 35 89 166 175 187
39 11 26 38 43 108 122
39 40 44 46 67 123
39 46 82 95 108 165
39 16 43 99 169 195
39 34 143 155 159
39 67 143 163 175
39 55 86 135 173
39 58 100 143 198
39 12 52 113 179
39 16 102 163
39 94 120 190
39 14 34 178
39 17 33 184
39 14 56 143
39 19 97
39 9 51
39 58 190
39 111
39 3
40 26 43 62 71 88 158 199
40 7 18 31 51 113 156 162
40 91 96 109 129 134 178 190
40 21 40 52 69 73 150
40 9 16 39 45 57 193
40 69 74 78 91 163
40 6 58 97 110 191
40 4 5 18 64 155
40 19 76 102 104 190
40 10 26 128 132
40 132 160 168 198
40 56 58 67 94
40 72 82 152 169
40 19 67 165 198
40 19 125 134 161
40 29 79 174 179
40 26 48 128
40 73 113 179
40 4 24 47
40 48 99
41 10 57 74 121 177 192
41 50 75 89 168 196
41 5 92 130 163 191
41 73 117 130 148 197
41 1 48 99 102 147
41 4 54 129 136
41 19 33 140 159
41 4 49 140 142
41 64 71 153 185
41 23 72 101 196
41 6 19 60 142
41 48 51 117 186
41 4 127 196
41 147 168 196
41 36 115 183
41 53 111 172
41 9 22 133
41 75 177 178
41 74 189
41 199
41 25
42 17 76 94 105 128 174
42 28 82 88 100 138 169
42 24 41 113 178
42 2 9 95 140
42 73 118 122 180
42 5 16 27 43
42 48 50 124 145
42 63 119 163 191
42 24 67 89
42 1 77 191
42 52 159 166
42 21 77 91
42 89 121
42 13 42
42 140 156
42 133 188
42 103 109
42 55
42 25
42 136
43 51 78 80 81 82 92 93
43 54 56 66 115 152 173
43 50 56 99 116 139 199
43 15 27 47 80 88 156
43 13 14 27 75 105
43 33 56 93 119 164
43 6 7 133 168
43 30 142 176 187
43 51 90 127 194
43 21 42 102 166
43 62 81 138 139
43 59 63 84 102
43 26 65
43 44 138
43 26 187
44 8 22 23 53 83 89 143 158
44 32 44 63 97 100 106 132 143
44 19 74 86 90 130 141
44 42 76 127 132 144 178
44 26 34 113 131 134 187
44 1 32 128 144 148
44 128 166 179 186
44 12 43 119 181
44 69 87 136 161
44 19 140 156
44 55 64 175
44 50 111 130
44 42 78 198
44 99 136 159
44 15 76 136
44 54 123
44 106 169
44 72 174
45 3 41 61 68 75 142 176 193
45 2 9 118 165 174 183
45 17 32 105 163 171
45 50 103 111 158 190
45 18 40 44 113 130
45 44 60 74 102 142
45 71 140 174 188 195
45 57 63 74 98 102
45 27 59 111 169 170
45 7 24 30 36 140
45 16 88 113 172
45 11 96 183 192
45 33 61 78 188
45 65 93 140 141
45 40 42 115 155
45 133 153 181
45 7 140 142
45 14 22 137
45 46 56 158
45 114 116
45 102 178
45 10 93
46 62 79 104 119 122 149 157 174
46 8 52 96 162 165 173 183
46 19 40 71 77 90 93
46 1 11 29 87 160 194
46 11 18 20 111 156 165
46 9 12 27 136 159 194
46 40 42 73 92 117 149
46 29 50 54 75 99
46 30 60 75 83 191
46 50 62 127 129
46 22 33 100 135
46 110 120 187
46 74 147 156
46 63 155 162
46 46 107 158
46 101 139
46 72
47 11 47 91 96 107 110 139 166 171
47 39 50 68 79 114 134 156 181
47 10 83 101 118 129 131 143
47 2 104 162 177 181 186
47 25 66 104 161 180
47 1 9 77 93 169
47 59 88 138 168
47 55 70 81 109
47 56 113 151 168
47 83 119 125 132
47 7 104 173 193
47 14 26 99 182
47 30 91 154 164
47 136 149 168 199
47 19 48 122 182
47 44 132 162
47 6 13 20
47 63 124 128
47 10 103 110
47 119 126 179
47 22 53 57
47 51 86
47 102 163
47 92 157
47 94
47 48
48 18 30 31 94 95 110 152
48 8 95 133 135 138 170 194
48 23 47 52 66 102 164
48 32 94 119 156 163 168
48 31 55 69 93 114 158
48 35 57 82 99 151
48 49 69 102 135 147
48 37 54 66 159 195
48 6 55 101 150 190
48 2 109 110 175 196
48 22 72 94 129 152
48 3 103 118 126
48 0 116 141 143
48 25 39 60 178
48 71 86 138 170
48 89 102 106 189
48 118 173 177
48 6 61 120
48 57 116 168
48 52 109 177
48 105 190
48 43 196
48 168 176
48 86
49 27 43 47 53 77 94 97 192 195
49 12 24 50 84 138
49 100 101 133 193 197
49 1 81 160 196
49 24 129 134 183
49 61 66 132 188
49 24 36 135 168
49 41 126 198
49 118 172 186
49 36 119 148
49 127 133 135
49 71 104
49 84 92
49 53
50 0 6 27 56 92 139 182
50 10 47 75 103 112 137 146
50 16 19 68 86 89 104 168
50 17 34 52 76 100 144
50 0 48 78 132 167 198
50 33 73 118 176 180 189
50 20 33 35 78 122
50 68 140 154 181 189
50 46 62 63 92 95
50 56 90 93 111
50 64 109 130 160
50 31 34 112 141
50 7 31 52
50 86 137 197
50 56 97 141
50 84 171
50 101 166
50 42 81
50 18 175
51 55 58 73 100 198
51 57 82 120 125
51 18 45 102 193
51 10 27 82 196
51 19 21 73 115
51 71 119 190 192
51 76 105 123
51 52 58 160
51 130 134 189
51 22 60 119
51 172 178 199
51 60 66 92
51 22 147 181
51 92 94 133
51 18 83 199
51 13 186
51 83 136
51 11 154
51 174
52 46 76 100 103 106 147 175 188
52 47 110 112 120 174 183
52 37 41 43 86 124 151
52 34 58 91 111 186
52 60 109 113 146 163
52 2 45 147 164
52 28 79 148 188
52 5 97 119 146
52 94 114 154 173
52 36 111 199
52 98 118 175
52 118 157 168
52 16 175 196
52 81 108 143
52 158 175 180
52 6 45 64
52 90 130
52 36 194
52 46 192
52 112
53 37 42 52 70 113 147 169
53 52 67 74 95 130 153 170
53 18 19 20 39 45 46 161
53 7 35 54 57 146 181
53 4 20 118 122 149
53 28 55 142 155 191
53 17 34 53 75 113
53 9 17 101 121 171
53 33 57 121 149 176
53 15 25 100 108
53 15 26 49 184
53 80 118 143 184
53 106 144 189 191
53 7 14 31 195
53 5 24 167 194
53 31 37 81
53 8 24 173
53 58 103 120
53 93 125 136
53 172 186 190
53 79 131 135
53 80 162
53 69 138
54 1 31 143 146 163 183
54 53 119 180 183 197
54 13 96 160 186 198
54 94 119 137 160 194
54 5 27 58 105 167
54 56 108 117 173
54 17 137 151 177
54 18 23 57 198
54 29 48 116 188
54 7 19 39 47
54 45 123 152 189
54 6 38 124
54 42 52 153
54 1 95 156
54 4 5 178
54 1 172 175
54 37 163 165
54 62 139
54 66 180
54 103
55 21 22 30 53 73 148 157 194
55 6 21 35 53 80 143 149 152
55 0 7 23 65 110 159 168
55 68 88 100 120 136 181
55 80 102 147 174 181 188
55 2 34 120 124 132
55 80 93 109 138 156
55 1 38 39 93 174
55 4 42 135 196
55 5 41 79 148
55 73 98 110 135
55 83 157 164 174
55 13 79 117
55 17 30 160
55 68 158 161
55 71 148 158
55 105 151 180
55 67 120
55 99
56 11 37 108 124 127 137 191
56 14 26 33 36 58 92 195
56 83 102 130 140 175 198
56 127 143 156 164 185
56 99 100 181 183
56 11 20 61 133
56 52 71 103 151
56 33 131 158 181
56 49 57 121 130
56 46 129 136
56 131 138 174
56 20 124 183
56 1 120 169
56 11 12 181
56 83 161 181
56 73 179
56 65 163
56 145 185
56 67 186
56 13 102
57 69 102 117 118 125 179
57 11 28 66 73 178
57 37 47 82 150 172
57 5 28 30 112 182
57 18 38 46 98 141
57 22 57 112 182
57 85 139 145 196
57 43 55 82 133
57 4 5 13 190
57 34 71 166 171
57 120 169 186
57 6 78 171
57 7 159 181
57 86 108 164
57 41 93 197
57 21 89 187
57 75 124 129
57 40 61 192
57 84 123 143
57 65 106 179
57 119 122 143
57 113 123 132
57 116 159
57 43 128
57 73 118
57 20 164
57 103
58 5 44 48 68 108 112 155 189 198
58 56 61 82 154 179 199
58 38 53 59 138 176
58 44 83 90 136 142
58 10 38 100 105 149
58 4 59 112 119 161
58 106 121 135 185
58 66 124 133 168
58 57 100 165 178
58 12 24 147 181
58 23 31 46 66
58 63 152 197
58 7 102 109
58 63 176 196
58 32 49 165
58 81 168 170
58 37 70
58 150
58 87
58 85
59 34 51 58 126 136 142 178 199
59 19 20 71 77 91 121 129
59 65 84 95 133 183 191
59 124 129 148 163 185
59 34 44 72 99 103
59 54 173 177 182
59 62 122 127 142
59 29 41 43 47
59 9 48 52 136
59 53 83 130 171
59 0 119 147
59 52 103 104
59 70 108 177
59 2 119
59 112 175
59 137 165
59 184
60 82 89 111 115 126 160 189 197
60 5 61 73 88 102 168 180
60 91 143 147 150 153 165 170
60 1 13 63 74 174 196
60 7 9 52 149 186
60 87 145 152 158 173
60 19 43 186 187 196
60 82 122 153 176 187
60 17 30 83
60 1 24 80
60 142 146 188
60 60 104 167
60 64 111
61 16 17 68 82 91 135 168 199
61 35 84 121 123 145 181 184
61 5 8 17 77 111 164 195
61 0 43 115 118 134 137
61 19 53 64 134 159 173
61 74 135 141 150 151 180
61 74 135 138 180 192
61 9 11 59 79 149
61 22 120 151 162 191
61 32 111 119 139 176
61 42 159 182 190
61 38 78 89
61 138 152 186
61 89 99 148
61 74 115 175
61 119 183
61 9
62 28 51 53 137 159 195
62 2 30 100 112 116 162
62 12 43 46 50 93
62 54 72 77 168 197
62 17 77 118 125 133
62 101 121 134 160
62 21 40 148
62 5 91 95
62 9 70 111
62 19 172 177
62 49 87 175
62 2 67 176
62 108 175
62 16
63 19 56 73 106 113 116 174
63 19 39 51 90 155 183
63 9 49 80 169 173 198
63 3 14 31 79 86 117
63 5 51 106 151 169 177
63 11 49 138 167 176 195
63 13 80 126 138 171
63 53 120 144 163 198
63 40 54 88 102 110
63 8 60 131 136 189
63 7 97 109 153 193
63 96 125 128 171
63 18 27 83 131
63 44 96 100 127
63 114 126 188 193
63 55 74 94 188
63 32 43 74 100
63 7 19 135 166
63 54 60 148
63 3 31 98
63 144 178 188
63 74 121 154
63 52 124 153
63 55 100
63 32 96
64 35 122 140 167 191 192
64 46 70 122 139 154 180
64 19 30 41 63 76 142
64 80 99 115 122 168 195
64 53 59 78 86 99
64 53 73 80 100 114
64 21 33 128 144
64 32 125 134 184
64 20 58 87 134
64 10 39 143 162
64 43 45 105 187
64 47 62 95 182
64 38 121 165
64 22 58 106
64 63 70 177
64 91 93 151
64 3 99 172
64 2 160 168
64 24 30 48
64 155 187
64 98 176
64 135 163
64 193
65 45 94 130 165 199
65 20 98 132 177
65 44 50 107 147
65 8 18 28 39
65 45 61 88
65 36 125 129
65 22 54 75
65 45 104 153
65 6 59 93
65 94 176
65 53 111
65 134 185
65 35 189
65 2 160
66 28 40 63 127 132 148
66 41 86 94 112 148
66 8 19 77 94 178
66 24 125 127 164 178
66 4 85 110 143
66 44 94 110 172
66 82 149 174 185
66 101 120 159 173
66 23 101 104
66 91 110 161
66 9 101 190
66 39 46 115
66 19 48 89
66 37 146
66 8
67 30 53 58 84 102 115 124
67 13 14 31 140 154 171
67 16 31 56 69 83 172
67 47 163 167 178 189 193
67 24 83 89 111 178
67 38 75 76 90 106
67 2 48 136 173 188
67 39 82 121 130
67 11 14 70 98
67 33 89 107 156
67 0 37 92 175
67 77 82 102 149
67 44 48 150
67 1 112 173
67 13 21 195
67 31 148 173
67 14 61 98
67 50
67 178
68 5 28 42 49 63 121 194
68 6 116 122 158 167 172 192
68 0 31 68 109 112 121 166
68 7 52 114 144 192 197
68 32 40 55 68 154 190
68 96 106 109 112 165 196
68 50 70 78 123 134 189
68 35 36 46 121 174
68 94 120 133 173
68 58 97 148
68 40 157 183
68 9 18 32
68 11 12 95
68 67 186
68 20 148
68 91 130
68 22 26
69 1 55 61 68 78 83 143
69 0 2 141 147 161 178
69 4 38 57 90 113
69 15 114 151 176 194
69 13 19 87 159 171
69 6 71 82 105 172
69 16 20 50 118 125
69 30 40 109 178
69 60 77 88 195
69 44 97 109 173
69 48 152 183 190
69 7 98 106 130
69 125 174 190
69 125 155 194
69 32 50 134
69 68 154
69 47 87
69 37 134
69 75 184
69 143 153
69 105 131
69 74 90
69 3 181
69 151 157
69 153
70 6 16 22 32 69 152 173
70 77 102 138 144 173 199
70 2 117 153 190 194 199
70 30 78 110 127 134 166
70 19 75 117 161 164 167
70 27 88 137 145 159
70 102 161 174 196
70 58 87 187 194
70 24 39 176 178
70 31 102 127
70 108 156 195
70 1 24 195
70 94 177 191
70 29 118 198
70 61 173 174
70 59 188
70 69 161
70 4 66
70 176
70 156
70 161
71 22 30 37 108 117 119 120 162
71 13 67 94 117 145 190
71 44 53 66 133 149 193
71 0 31 60 86 101 146
71 9 75 110 137 138 147
71 12 14 42 53 140 165
71 37 74 112 174 180 195
71 35 36 102 119 131 187
71 3 73 86 89 160
71 44 86 131 153 195
71 15 26 32 118 132
71 30 63 109 126
71 37 67 157 183
71 49 102 174 177
71 73 81 188
71 41 56 83
71 73 108 185
71 5 64 186
71 37 77 111
71 99 149
71 79 182
71 81 91
71 0 148
71 115 140
71 88 162
71 56 153
72 8 14 30 40 68 89 199
72 46 71 144 187 199
72 25 55 159 174 198
72 6 72 114 119 128
72 100 140 151 159 191
72 17 22 103 170
72 92 117 142 187
72 112 137 146 179
72 28 29 30 122
72 103 112 173 187
72 31 173 188
72 94 154 166
72 56 103 135
72 50 114 127
72 93 125 178
72 109 134
72 145 183
72 67 168
72 190
73 0 5 15 30 47 107 112 126
73 4 63 96 126 133 135 146 198
73 22 31 49 99 103 177 186
73 56 70 92 144 148 188 197
73 48 59 62 103 132 151 166
73 34 75 112 121 129 171
73 58 99 124 136 142 182
73 44 75 87 131 191
73 28 99 142 151 185
73 49 96 129 150 185
73 3 116 139 163 175
73 9 33 71 92 95
73 49 55 133 149
73 7 104 158 180
73 14 109 154 194
73 14 126 178
73 2 7 190
73 99 121 169
73 91 163 191
73 128
74 23 43 136 143 185 191
74 18 45 80 88 159 161
74 34 41 90 154 163
74 24 37 39 123 158
74 14 52 67 157
74 1 11 17 134
74 4 67 92 139
74 2 16 31 154
74 29 48 180 192
74 39 111 116 199
74 61 103 147 184
74 20 49 177
74 70 153 154
74 45 59 164
74 43 91 166
74 41 64
74 150 153
74 134
75 13 40 51 74 128 137 193
75 100 103 117 142 153 187
75 54 72 109 135 165
75 10 47 49 163 185
75 24 58 69 156 191
75 13 67 81 113 133
75 54 126 140 141 149
75 17 113 144 150 176
75 60 73 137 160 177
75 74 112 131 153 159
75 11 33 115 162
75 4 15 96 160
75 13 48 176 182
75 12 25 91 119
75 77 104 189 197
75 21 36 160 191
75 19 45 53 127
75 52 58 59
75 42 92 152
75 174 175
75 0 140
75 89
76 34 45 65 105 108 112 190
76 32 42 62 93 99 121
76 96 102 117 123 145 195
76 33 66 95 146 165
76 34 88 91 108
76 57 108 116 172
76 16 65 137 178
76 108 113 134 157
76 38 100 136 174
76 33 67 89 161
76 48 109 115 147
76 51 55 116
76 50 61 83
76 33 109 177
76 84 172 183
76 17 40 151
76 30 154
76 150 196
76 110 192
76 9 179
76 160 182
76 22 154
76 62 93
76 68
77 4 31 74 83 113 129 153
77 7 58 118 119 162
77 8 9 18 176 181
77 7 55 73 98 199
77 47 49 121 180
77 35 86 124 153
77 35 65 138 164
77 115 137 141
77 38 83 177
77 26 40 197
77 15 163 169
77 45 151 196
77 56 108
77 15 154
77 99 179
77 104 196
77 15 96
77 6
77 125
78 3 21 44 72 85 91 107 150
78 9 18 77 99 118 156 194
78 31 89 166 187 188 189
78 13 72 105 159 185 199
78 42 48 79 104 166
78 12 13 107 131 138
78 9 46 94 104 189
78 77 93 97 168 186
78 83 105 180 187
78 44 61 69 154
78 50 147 154 174
78 11 23 62 176
78 7 58 115 135
78 30 65 86 181
78 55 160 191
78 55 136 183
78 0 2 14
78 0 87 97
78 41 69 81
78 153 178
78 121 140
78 60 118
78 49 147
79 40 43 45 87 101 103 110
79 4 95 108 126 168 198
79 69 105 118 143 160 199
79 20 84 119 135 137
79 112 134 152 175 189
79 42 96 132 193
79 55 56 103 155
79 15 17 51 161
79 18 103 120 142
79 1 14 37 133
79 94 105 115 152
79 28 133 155
79 47 107 185
79 17 37 109
79 58 62 68
79 7 51
79 74 198
79 145 152
79 24
79 97
79 162
80 4 29 51 82 102 157 167
80 78 108 144 168 174 183 185
80 4 25 40 44 71 78 196
80 45 70 113 129 143 155
80 18 22 111 132 197
80 24 48 59 120 169
80 35 78 115 128 161
80 34 77 91 165 167
80 103 105 159 167 188
80 60 72 117 148
80 5 19 32 51
80 100 126 135 140
80 29 72 124 152
80 49 50 145 160
80 26 191 196
80 25 117 158
80 7 11 175
80 16 118 157
80 67 76 154
80 23 129 148
80 35 74
80 54 131
80 64
80 134
80 55
81 10 18 39 84 137 167 168 180
81 34 82 85 94 97 115 121 141
81 68 144 146 152 157 189 195
81 28 97 100 141 175
81 0 8 92 107 126
81 93 94 104 124 137
81 35 50 119 142 157
81 4 10 40 44
81 65 70 112 147
81 77 92 101 196
81 119 122 187 192
81 68 115 136
81 21 64 81
81 25 121 161
81 41 112 125
81 45 103 160
81 28 62 127
81 129 140
81 25 28
81 33 61
81 162
82 20 36 122 124 129 133 154 158
82 15 42 54 104 113 173 183
82 16 32 89 101 157 192
82 0 30 70 148 184 199
82 37 99 101 122 128 166
82 31 124 136 169 185
82 7 44 108 114 155
82 10 21 96 163
82 25 132 146 188
82 40 70 110 112
82 53 62 169 191
82 32 110 116 129
82 30 74 134 169
82 15 38 143 178
82 94 104 127 180
82 105 128 138 199
82 5 85 119 145
82 12 85 146
82 9 40 195
82 19 43 49
82 88 117 159
82 58 115 128
82 29 35 37
82 22 48 177
82 64 84
82 16 199
82 56 194
82 97
83 7 36 45 56 75 90 98 101 117 141 179 186 190
83 7 39 57 106 115 130 160
83 1 15 31 62 105 163 189
83 62 81 103 147 166 184 185
83 6 9 32 59 195
83 20 33 48 52 159
83 7 14 48 130 134
83 23 70 124 130 199
83 67 103 174 178 181
83 36 71 132 154
83 1 36 54 76
83 89 133 151 199
83 40 110 139
83 69 77 79
83 7 97 194
83 99 124
83 65 66
84 14 37 83 84 114 122 130 142
84 32 51 96 102 107 133 166
84 3 20 87 130 171 177
84 28 35 70 111 163 181
84 11 54 93 110 119 135
84 29 137 159 179 198
84 1 33 50 136 168
84 45 52 130 176 179
84 70 120 126 179 197
84 43 58 114 138
84 17 37 108 154
84 66 95 136 160
84 1 30 136 195
84 31 55 113
84 96 118 163
84 7 31 131
84 63 152
84 64 191
84 136 173
84 14 15
84 37 81
84 103 179
84 168
85 8 31 38 40 62 144 166 191
85 31 38 61 90 111 168 174 177
85 75 79 112 117 154 160 184
85 1 59 82 157 164 194 199
85 27 56 62 99 137 170
85 28 43 50 71 145 148
85 96 124 145 149 161 195
85 48 73 107 116 139 172
85 14 19 42 74 199
85 67 100 108 141
85 23 106 125 183
85 1 72 113
85 78 84 187
85 137 142 165
85 12 24 175
85 18 26 155
85 29 166
85 34 160
85 38 174
85 35 189
86 6 20 44 81 112 170
86 82 92 95 156 173 195
86 5 13 47 125 170 174
86 21 85 139 152 154 173
86 25 42 73 105 191
86 80 119 129 157 181
86 66 91 96 107 131
86 25 65 82 103 114
86 44 63 97 112 199
86 46 84 128 150 199
86 1 38 64 78 101
86 76 86 145 193
86 115 138 154 165
86 7 80 94 173
86 2 27 72 188
86 3 42 63 137
86 35 50 111 148
86 10 78 89 92
86 13 32 129
86 25 145 197
86 5 72 187
86 92 136 147
86 64 94 162
86 12 40
86 25 196
86 195
87 4 9 50 88 128 131 147 167
87 16 51 52 64 99 169 188
87 68 105 139 144 158 185 186
87 106 136 141 144 152 197
87 3 14 47 61 154 197
87 56 60 87 117 150 194
87 16 47 59 133 149
87 151 157 159 176 190
87 70 72 78 114 198
87 27 48 89 110 131
87 93 129 166 194
87 19 74 94 167
87 16 58 59 93
87 40 48 66 88
87 16 20 172
87 21 47 135
87 64 181
87 168
87 56
88 3 27 37 56 58 68 109 137 150
88 11 23 62 88 143 149
88 11 38 43 135 152 189
88 14 75 89 93 104 161
88 67 97 121 127 142 149
88 13 53 62 68 94 169
88 61 77 101 153
88 21 34 38 40
88 8 20 176 185
88 52 126 174 176
88 98 100 120
88 15 73 155
88 94 126 169
88 51 53 106
88 20 105 178
88 17 116 181
88 19 22
88 24 93
89 62 75 140 151 179 185 186 192
89 15 68 78 97 132
89 5 7 35 63 75
89 0 103 151 182 193
89 66 77 108 115 176
89 83 87 117 151
89 99 118 152 190
89 37 80 133 193
89 10 68 77 121
89 41 129 130 141
89 29 39 168 185
89 89 108 117
89 1 76 143
89 36 112 173
89 4 16
89 42 161
89 70 178
89 25 138
90 1 33 89 108 112 152 178 181
90 14 42 44 70 78 87 188
90 53 73 87 126 137 175
90 60 62 126 149 162 195
90 17 67 126 134 190
90 59 84 155 186 196
90 6 35 39 189 199
90 4 16 52 73
90 17 78 81 95
90 57 157 197
90 61 114 134
90 57 79 188
90 68 83 178
90 28 91 116
90 28 135 173
90 123 138
90 74 107
90 31 85
90 118
91 8 21 31 39 76 144
91 36 38 40 92 133 170
91 21 45 61 116 129 175
91 6 47 55 74 93 152
91 2 47 51 54 89 131
91 55 118 120 174 191
91 50 57 155 163 172
91 55 62 68 116 172
91 9 14 76 134
91 47 52 115 185
91 56 103 190 194
91 65 123 141 191
91 27 47 151 194
91 12 42 130
91 2 5 58
91 34 125 130
91 47 86 128
91 5 171
91 64 115
91 32 138
91 168 170
91 112 114
91 134 135
91 68 166
91 96
92 4 50 68 136 140 174
92 31 59 70 120 168 175
92 41 65 82 92 104 149
92 17 135 138 178 188
92 25 98 109 150 168
92 99 118 153 187 190
92 46 77 114 122 162
92 82 101 123 134 159
92 16 38 117 158
92 26 64 72 173
92 44 48 71 146
92 107 169 181 199
92 160 184 198
92 108 143 195
92 34 40 143
92 9 70 110
92 50 73 94
92 11 85 155
92 10 49
92 3
93 22 52 66 73 116 122 132
93 3 27 31 97 105 150 182
93 45 77 116 127 139 160
93 88 165 183 184 196
93 2 13 85 128 180
93 13 27 35 85 163
93 17 32 75 88 187
93 45 50 55 59 74
93 102 107 165 184
93 12 168 193
93 9 171 173
93 0 90 186
93 71 122 165
93 46 130
93 153 163
93 132 180
93 111
94 9 24 33 50 130 131 156 157
94 40 96 99 132 136 169
94 8 29 33 128 157 199
94 10 43 88 100 151 188
94 54 101 121 129 181 194
94 1 33 74 92 163 171
94 39 72 124 170 193
94 27 74 104 108 135
94 26 102 145 150 181
94 4 16 23 52 185
94 22 53 60 168
94 92 107 136 177
94 13 29 52 149
94 42 47 135 160
94 98 134 184
94 6 69 98
94 24 53 158
94 60 63 88
94 93
94 195
95 0 3 27 46 150 180 197
95 31 51 131 145 151 169
95 23 50 75 129 138 145
95 31 64 68 71 141 187
95 5 36 87 115
95 8 81 108 156
95 2 46 119 183
95 5 126 190 194
95 17 90 131 134
95 107 119 136 173
95 10 15 95 173
95 28 58 155 177
95 16 66 162 177
95 80 166 184
95 50 165 170
95 39 60 79
95 7 72 79
95 16 38
95 102 168
95 96 111
95 111 140
95 143
96 51 66 76 87 109 112 164 192
96 10 32 119 129 151 161
96 57 58 61 81 91 103
96 22 51 117 152 178
96 37 49 92 170
96 87 95 167 181
96 13 55 86 193
96 15 32 45 143
96 39 90 108 168
96 28 53 119 162
96 2 73 116
96 117 156 196
96 32 57 148
96 12 98 104
96 26 69 84
96 58 62 140
96 27 100
96 54 159
96 28 126
96 59
97 4 43 85 95 112 116 127 134 149 181 185
97 48 70 74 117 127 170 192 196 198
97 0 4 22 58 117 131 146 149
97 8 26 72 88 90 97
97 45 64 81 85 115 116
97 92 134 150 164 195
97 41 53 113 168
97 36 136 140 193
97 86 93 102 177
97 39 68 71 170
97 5 115 164 170
97 35 64 196 199
97 20 28 42 126
97 71 111 127 131
97 41 97 104 173
97 20 79 106 121
97 61 122 130
97 88 185 189
97 41 79 150
97 22 102 127
97 17 74 85
97 51 176
97 102 165
97 47
97 33
98 15 51 83 103 128 157 160 194
98 20 50 66 92 133 137 156
98 39 49 97 138 164 171
98 1 21 103 129 186
98 2 33 103 191 194
98 53 57 71 165 199
98 20 37 110 146 147
98 38 43 45 113
98 9 85 96 144
98 1 35 92 173
98 7 11 27 120
98 46 94 183 191
98 22 52 59 83
98 25 56 73 144
98 27 69 112
98 126 154 162
98 69 131 175
98 52 56 132
98 121 126
98 93 193
98 178 179
98 148 194
98 77 199
98 146 171
98 110
98 122
99 1 5 14 18 44 63 91 119 140
99 47 60 136 150 169 198
99 23 40 102 144 191
99 8 21 23 87 185
99 11 80 157 187 192
99 5 81 122 140
99 17 30 105 138
99 56 60 107 113
99 14 18 108 133
99 13 142 167
99 10 28 35
99 87 124 125
99 108 153 185
99 69 98 108
99 141 143 144
99 55 94
99 62 144
100 17 28 156 163 178 188 190
100 3 74 115 119 125 137 165
100 15 31 53 62 120 152
100 52 53 84 87 178 197
100 16 57 100 147 181
100 84 95 112 139 152
100 7 81 126 141 184
100 2 79 115 117 133
100 21 186 195 199
100 64 81 89 167
100 16 35 131 173
100 8 50 77 156
100 74 90 128 140
100 20 38 78 135
100 54 122 131 143
100 16 18 119
100 34 35 136
100 14 28 152
100 24 149 184
100 115 133
100 16 162
100 65 71
