200 2000
1 14 29 66 87 99 102 131 155
1 0 37 47 70 113 121 164
1 42 45 67 99 146 165 189
1 12 31 32 54 123 196
1 24 47 62 99 123 152
1 9 46 108 120 157 191
1 1 35 68 115 159
1 78 79 118 147 148
1 9 76 98 170 184
1 85 98 116 117 144
1 28 77 107 176
1 55 84 117
1 16 154 168
1 48 61
1 50 88
1 82 185
1 105 116
1 99
1 106
1 3
2 1 64 66 72 134 145 160 164
2 8 50 68 87 162 169 176
2 9 17 38 122 127 140 145
2 3 4 6 26 94 139
2 8 82 120 181 198
2 62 68 82 145 176
2 68 89 167 168
2 27 121 175 194
2 1 143 171
2 57 163 174
2 43 128 190
2 99 163 174
2 62 70 154
2 34 44 71
2 146 185 191
2 11 144 191
2 68 139 181
2 86 102
2 93 123
2 62 105
2 24 86
3 35 38 78 154 177 179 188 199
3 56 64 84 152 170 181
3 7 40 54 120 157
3 62 81 119 170 197
3 71 89 121 131
3 10 22 127 190
3 7 16 110 144
3 1 64 123 150
3 45 51 115 198
3 13 32 131 156
3 1 64 95 108
3 54 67 153 175
3 47 97 118
3 42 98 154
3 10 62 64
3 93 100 145
3 45 91
3 35 167
3 0 198
3 165
3 17
4 0 5 55 83 96 102 149
4 36 78 81 82 115 177
4 31 57 91 156 174 175
4 2 3 5 11 188
4 0 71 144 172 187
4 33 73 163 177 185
4 19 109 132 172
4 31 38 46 51
4 93 155 195 199
4 15 64 96 154
4 76 149 180
4 62 79 124
4 2 118 129
4 80 129 186
4 63 95 166
4 15 79 172
4 83 84
4 113 187
4 61 150
4 1 135
4 91 151
5 22 38 56 57 58 74 84 159
5 47 57 85 94 178
5 4 43 56 83 167
5 34 81 177 185 190
5 85 94 97 104 131
5 15 43 65 142 180
5 11 27 61 74 144
5 23 71 81 189
5 5 152 184 189
5 38 129 145 185
5 80 101 122 185
5 8 59 70 164
5 6 67 106 130
5 68 113 155 156
5 42 101 192
5 17 101 156
5 28 126 162
5 52 177
5 137 170
5 118 137
5 109 188
5 115
6 31 46 93 104 117 129 138 178
6 29 38 85 94 165 167 170
6 40 48 50 72 133
6 54 64 76 141 155
6 0 15 109 110 185
6 9 19 44 76 97
6 9 10 82 145
6 1 98 160 195
6 10 18 57 97
6 16 62 140 157
6 25 54 77 179
6 2 32 41 44
6 9 19 28 189
6 1 84 97 173
6 39 47 120 194
6 60 72 74 121
6 61 86 131 173
6 32 34 39 93
6 52 80 112
6 2 157 165
6 101 124 125
6 105 143 156
6 106 130 198
6 16 127 186
6 24 95 109
6 41 99 152
6 70 93
6 13 32
6 163 194
6 0 60
6 147
7 73 93 140 155 170 178 192 198
7 12 19 83 117 148 160 161
7 3 13 46 61 83 90
7 25 29 89 114 140 154
7 87 122 132 180 197
7 9 52 154 158 191
7 28 103 133 165
7 58 92 120 173
7 14 80 83 156
7 82 87 139
7 158 161 179
7 24 46
7 59 149
7 73 97
7 24 99
7 94 175
7 7 143
8 6 27 29 30 107 126 135 142 186
8 26 28 85 138 144 156 183 193
8 55 77 108 114 126 172
8 21 46 75 119 160
8 7 22 81 100 173
8 2 15 61 109 188
8 2 12 58 80 104
8 30 50 80 89
8 31 99 182 185
8 0 13 71
8 34 180 185
8 21 87 182
8 118 127
8 59 176
8 15 53
8 142
9 8 52 75 89 90 175 177
9 53 65 66 112 150 196
9 39 61 111 124 138 164
9 11 96 109 147 187
9 35 60 62 145 198
9 68 83 140 179 197
9 26 56 134 136 184
9 7 98 119 126 144
9 17 101 124 141 189
9 32 72 123 163
9 50 96 190 195
9 30 58 111 157
9 83 112 124 125
9 53 79 112 171
9 4 51 60 180
9 42 56 138 153
9 56 64 82 141
9 8 48 64 131
9 25 168 183
9 32 103 147
9 14 140 147
9 40 97 102
9 12 105 120
9 32 96
9 120 122
9 108 179
9 64 167
9 29 150
9 37
10 25 26 42 65 82 86 132 169
10 9 15 22 37 49 95 179
10 13 17 30 52 94 167 181
10 66 77 102 116 125 146 192
10 50 77 111 119 130 183 185
10 38 95 120 126 151 181
10 0 15 66 102 171 181
10 58 71 96 101 191
10 25 52 56 67 180
10 12 143 168 170 185
10 88 97 173 176 177
10 51 80 81 152 196
10 67 131 166 186
10 4 36 86 156
10 86 101 140 174
10 32 58 133 157
10 17 103 131 184
10 16 21 73 133
10 121 192 194 195
10 13 107 192
10 12 76 118
10 121 130
10 114 141
11 0 89 90 100 188 199
11 24 28 101 155 162 165
11 29 60 82 121 193
11 27 78 110 116 164
11 115 159 162 165 198
11 21 63 64 187
11 16 25 43 94
11 47 74 88 156
11 35 160 188 194
11 34 51 123 137
11 29 114 127
11 99 123 197
11 73 93 175
11 76 96 147
11 112 146 186
12 25 38 45 57 68 86 152
12 41 44 125 141 158 170
12 7 56 79 113 127 162
12 2 19 24 26 43 172
12 17 20 107 129 144 165
12 71 115 134 178 195
12 94 105 134 172 189
12 73 84 133 147
12 6 78 148 185
12 148 151 160 173
12 108 158 194
12 4 155 187
12 135 175 191
12 34 109 186
12 1 83 156
12 72 108 127
12 55 59 111
12 5 93 118
12 41 85
13 33 104 117 125 134 150 156
13 30 40 48 93 136 187
13 47 58 78 108 146 184
13 0 34 117 145 171
13 14 22 73 91 189
13 37 80 139 147
13 19 89 132 148
13 64 128 147
13 77 86 175
13 2 89 119
13 60 125 128
13 11 67 173
13 9 82 130
13 26 49
13 56 139
13 177
13 183
14 46 48 95 123 172 188 198
14 56 94 96 112 164 174
14 3 10 18 62 70 102
14 6 46 63 76 116 155
14 32 96 97 124 146
14 22 26 138 189
14 7 20 73 135
14 42 147
14 158 174
14 100 184
14 168 182
14 90
14 97
15 0 43 133 142 169 191
15 5 77 136 157 166 193
15 39 56 85 90 104 138
15 55 57 107 133 172 173
15 9 21 50 125 128 171
15 25 31 51 126 191
15 13 49 57 148 183
15 28 56 94 99 128
15 39 106 112 122 166
15 59 70 89 143 187
15 11 13 149 181 198
15 11 98 186 195
15 18 68 118 149
15 99 120 125
15 117 123 135
15 34 150 174
15 60 67 125
15 52 92 199
15 28 38 127
15 66 137
15 95 150
15 34 61
16 22 68 74 81 105 151 172 189
16 67 92 109 111 126 135 194
16 68 84 118 156 158 194
16 23 56 79 145 147
16 15 51 103 143 183
16 38 138 145 146 162
16 23 42 51 129 159
16 19 129 173 193
16 4 85 87 168
16 20 149 182 198
16 88 107 175
16 72 88 112
16 51 102 189
16 9 97 176
16 73 92 194
16 55 196
16 8 122
16 135
17 47 52 77 110 115 167 184
17 88 116 126 137 151 186
17 79 81 179 181 191
17 14 152 155 187 190
17 55 89 139 154 162
17 55 109 117 166
17 74 113 134 185
17 65 175 188
17 28 126 168
17 10 12 21
17 27 140 141
17 95 118
17 7 147
18 28 46 99 124 138 139 183 197
18 32 33 54 66 96 104 119 132
18 2 65 109 141 153 181
18 3 50 51 67 75
18 16 54 184 187 194
18 6 19 34 151 160
18 38 58 76 121 194
18 29 83 90 97 138
18 37 135 164 177
18 98 174 177 193
18 46 83 123 133
18 14 33 58 159
18 79 87 140 171
18 10 80 110
18 82 102 199
18 32 41 144
18 115 125
19 38 86 137 148 166 168 185 187
19 14 21 75 119 136 140 190 191
19 19 32 48 82 102 162 190
19 9 17 25 46 99 113 134
19 16 83 122 137 143 185
19 67 101 106 114 143 167
19 49 57 62 99 143 164
19 16 35 75 78 84 176
19 13 48 108 143 168 183
19 75 120 168 173 191 199
19 8 18 33 59 83
19 19 68 133 173 196
19 37 65 155 171 173
19 18 34 52 121
19 3 93 117 199
19 65 127 173 175
19 41 133 146 169
19 77 104 115 194
19 86 104 181
19 54 72 194
19 63 125
19 22 86
19 86
19 71
20 10 17 102 107 182 199
20 50 103 173 198
20 21 90 100 150
20 11 57 115
20 10 166 185
20 17 40 110
20 47 79 122
20 32 52 165
20 6 169
20 140 152
21 17 31 57 61 68 114 186
21 19 21 43 70 73 131 198
21 33 56 61 100 104 130 176
21 19 44 97 99 109 197
21 2 25 66 104 132
21 6 7 26 56 193
21 134 140 144 157 193
21 58 67 96 98 181
21 59 138 183 185 190
21 40 105 156 169 173
21 19 58 60 151
21 18 99 111 163
21 66 186 190 191
21 14 91 137 193
21 1 108 130 157
21 28 37 74 85
21 56 67 194
21 24 100 168
21 104 122 144
21 29 30 60
21 60 137 175
21 26 53 159
21 127 130
21 56 88
21 104
22 3 17 49 121 177 188
22 4 7 64 117 171 194
22 7 8 94 124 138 140
22 7 41 47 61 195 197
22 0 18 45 49 76
22 59 85 96 157 194
22 36 119 148 162 198
22 15 52 123 161
22 64 80 97 106
22 6 149 177 180
22 19 24 155
22 11 119 193
22 16 25
22 147 179
22 97 171
22 130
23 15 51 52 88 89 111 142 164 165 183
23 14 33 53 55 71 101 102 174
23 11 13 34 38 179 184 191
23 19 56 86 125 193 196
23 83 102 114 118 140 154
23 57 109 137 149 164 174
23 29 57 86 87 114
23 36 59 124 185 197
23 24 34 45 56 57
23 15 38 53 89 131
23 33 118 125 173
23 57 95 109 146
23 17 84 106 146
23 37 39 199
23 32 34 101
23 13 31 61
23 107 108 118
23 1 61
24 97 126 163 176 182 196
24 19 43 99 145 183
24 75 78 83 109 121
24 35 41 50 149 177
24 4 16 43 68 96
24 15 26 38 136 142
24 29 88 133 169
24 25 59 67 130
24 62 140 156
24 48 120 150
24 10 119
24 15 137
24 3 60
24 64 71
25 32 73 78 113 136 178
25 26 57 64 105 127
25 45 117 119 183 196
25 44 99 125 169 172
25 51 75 173 175 193
25 17 34 108 146 177
25 23 28 52 70
25 1 34 154 166
25 53 59 92 116
25 9 65 72 179
25 34 49 87 120
25 40 46 122 140
25 103 119 124 183
25 69 84 87
25 90 128 164
25 74 163 194
25 60 124
25 142 172
25 46
25 126
25 153
26 15 41 43 52 79 115 128 172
26 10 22 60 65 76 88 115
26 18 30 39 53 103 173
26 18 83 105 127 190
26 45 74 106 142 199
26 8 15 48 149 174
26 19 50 87 184 197
26 7 16 41 74 102
26 53 83 98 188
26 23 64 184 185
26 122 165 169 193
26 58 81 139 165
26 47 49 137 190
26 4 23 44 76
26 10 70 81
26 40 95 100
26 74 128 176
26 61 90 141
26 13 115 116
26 14 193
26 157 173
26 99 121
26 92 126
26 93 135
26 9 109
26 52
27 1 11 38 45 78 123 189 194
27 3 14 22 65 94 101 193
27 2 58 63 66 129 152
27 12 19 108 134 152 172
27 32 90 140 173 174 198
27 42 45 87 110 141
27 14 15 25 40 62
27 32 95 117 179 191
27 14 31 133 166
27 16 38 103 108
27 2 103 130 193
27 21 98 189 192
27 12 83 154 192
27 90 106 111 112
27 27 55 59 101
27 87 118 186
27 69 156 179
27 37 120 130
27 20 28 112
27 3 115
27 45 147
27 181 199
27 148 182
27 36 71
27 141 162
27 88 176
27 25 154
27 128 153
27 94
27 170
27 130
28 23 46 65 80 83 148 167 175
28 15 21 31 103 113 164 171 174
28 3 33 80 90 111 169
28 47 122 123 169 174
28 41 53 58 139 161
28 72 87 96 101 197
28 34 38 75 116 178
28 2 10 82 91 136
28 69 105 135 163 167
28 61 88 106 190 194
28 21 119 124 141 182
28 13 19 49 123
28 30 78 80 90
28 29 42 79 96
28 105 110 124 194
28 23 33 41 139
28 15 37 111 170
28 68 87 89 165
28 86 100 122
28 38 134 178
28 122
29 23 43 127 169 192 194
29 105 135 140 168 172 190
29 40 85 103 172 194
29 84 93 148 153 184
29 100 107 130 176
29 104 105 184 191
29 44 53 161 191
29 90 181 192
29 105 119 129
29 13 65 154
29 29 53 166
29 110 139 156
29 63 115
29 103 106
29 52 164
29 60
30 22 33 74 88 146 173
30 27 49 84 87 147 174
30 20 42 52 57 179
30 78 80 115 181 190
30 5 130 150 154 181
30 52 67 135 154 172
30 0 33 55 157 166
30 19 34 161 180
30 117 123 128 138
30 102 131 154 194
30 50 116 155
30 22 149
30 15 34
30 77 123
30 132 136
30 62 115
31 44 54 65 69 77 83 88 196
31 22 34 35 41 51 53
31 61 66 133 138 153 164
31 1 32 36 71 91 156
31 19 65 95 130 176 192
31 8 66 89 97 140 173
31 76 83 103 117 143 195
31 5 99 137 141 166
31 94 147 158 160 193
31 22 83 103 126 165
31 3 6 52 125 141
31 23 101 108 190
31 6 38 191 199
31 25 58 150 169
31 7 90 115 142
31 13 86 107 119
31 126 140 198
31 42 136 181
31 17 59 73
31 107 130 136
31 104 143 167
31 33 42 191
31 22 139 150
31 67 93 171
31 66 112 149
31 6 70
31 136 159
32 0 7 21 81 93 141 183
32 71 84 105 146 158 190
32 18 72 90 96 99 176
32 12 22 28 64 71 108
32 92 94 97 98 130 140
32 15 42 71 96 113
32 24 49 85 99 173
32 16 22 35 116 154
32 44 50 145 198
32 9 23 142 160
32 28 107 180 183
32 86 129 144 174
32 22 48 89 180
32 33 130 194
32 28 144 197
32 1 40
32 175
33 12 22 74 104 105 115 154 169 170
33 16 57 84 118 162 184
33 12 69 129 173 180
33 99 102 124 138 181
33 25 53 61 103
33 17 56 71 90
33 15 68 117 137
33 10 26 175 183
33 12 20 90 176
33 44 52 149
33 109 116 179
33 63 158
33 6 177
33 60 168
33 31 173
33 8 23
34 61 87 102 123 149 197
34 7 22 51 59 121 180
34 56 84 116 126 132 144
34 1 90 107 143 166
34 0 43 172 194 196
34 60 108 114 121 164
34 27 146 179 198
34 29 91 162 163
34 63 129 151
34 13 107 127
34 7 144 191
34 46 164 188
34 116 153 158
34 115 165
34 10 96
34 46
34 114
35 14 65 85 97 146 184
35 4 29 78 93 111 168
35 71 73 75 125 146 165
35 6 139 142 153 168
35 48 124 125 175
35 18 69 119 127
35 4 52 94 121
35 27 41 128 169
35 42 94 102 192
35 16 81 127 186
35 85 88 120 156
35 8 30 124
35 156 157 180
35 70 169 184
35 57 194 195
35 2 95 156
35 25 170 177
35 22 86 185
35 20 39 80
35 75 98
35 45 56
36 0 49 55 58 76 111 127 169
36 22 98 121 134 190 191
36 26 54 67 81 88 149
36 40 44 70 80 166
36 17 26 90 121 172
36 81 87 105 124 199
36 1 53 106 122
36 14 39 73 195
36 14 95 127 167
36 47 173 181
36 118 159 175
36 39 160 165
36 13 81 181
36 147 157
36 167 171
36 20 96
37 21 27 38 68 89 148 151
37 61 96 109 168 178 187
37 24 57 79 101 109 187
37 12 90 101 176 193
37 50 182 183 185
37 33 92 108 124
37 22 106 192 198
37 37 46 127 182
37 54 83 100 174
37 1 7 50 82
37 0 5 174
37 12 85 88
37 23 88 108
37 2 46 100
37 46 75 87
37 22 27 184
37 8 171
38 20 26 33 84 90 148 168
38 8 17 79 91 101 198
38 14 41 79 110 139 169
38 33 45 64 109 155
38 109 133 150 160 190
38 32 101 110 152
38 97 123 156 159
38 32 71 86 157
38 67 111 159 190
38 4 15 90
38 160 175 186
38 110 125
38 29 159
38 1 85
39 94 111 112 115 135 155 166 171
39 3 22 80 103 117 125 158 195
39 0 13 15 53 113 134 147
39 24 35 89 98 113 170 188
39 15 20 57 68 168 171 199
39 14 104 114 173 187
39 136 155 164 170 183
39 23 91 119 139 194
39 59 78 156 157
39 135 144 156 182
39 47 74 102 124
39 34 115 156 184
39 20 29 87 183
39 19 72 83 115
39 27 34 129 189
39 65 111 126
39 62 135 171
39 110 177
39 127
39 164
40 5 77 97 105 136 143 170 198
40 14 38 44 91 100 173 184
40 66 73 105 144 173 191 194
40 15 40 52 81 104 147 165
40 90 99 115 117 130 193
40 3 104 105 132 186 198
40 31 104 153 159 198
40 33 100 145 163 179
40 10 28 110 132 159
40 20 31 47 116 181
40 38 49 153 160
40 10 119 124 193
40 91 95 132 137
40 78 98 129 131
40 8 44 167
40 15 111 172
40 4 26
40 71 172
40 25
40 63
40 84
41 53 61 90 147 172 183 188
41 32 107 152 166 167 183
41 8 39 91 168
41 11 22 72 108
41 17 55 86 198
41 2 45 133
41 40 196
41 31 167
41 78 97
41 85 96
41 17 19
41 2 142
41 137
41 166
42 47 67 72 100 103 180
42 67 88 115 167 184 187
42 87 142 148 175 196
42 16 35 85 116 167
42 26 30 66 67 120
42 45 114 159 189
42 84 85 107 173
42 70 139 159 172
42 15 54 83 167
42 21 37 66 90
42 13 43 60
42 44 73 138
42 33 85 106
42 68 73 154
42 44 48 178
42 5 51
42 104 193
42 176
43 28 45 53 59 87 98 110
43 29 49 95 116 120 149
43 33 135 136 154 177
43 26 68 93 137 195
43 14 40 120 134
43 68 89 191
43 22 131 142
43 154 192
43 49 56
43 82 140
43 102
44 20 22 86 89 99 122 150
44 25 54 70 142 180 196
44 6 38 67 114 151 175
44 34 52 77 83 161 196
44 12 132 149 166 186
44 45 91 118 119
44 84 128 131 190
44 64 68 122 184
44 38 144 153 167
44 16 19 87 194
44 51 112 151 157
44 85 115 116
44 51 94 122
44 20 124 171
44 28 42 49
44 0 185 194
44 12 30 105
44 54 191
44 112 113
45 13 25 44 48 51 79
45 32 50 67 94 164 187
45 11 16 30 73 161
45 27 66 162 183
45 2 42 53 153
45 131 138 166 190
45 39 78 127 196
45 2 76 92 142
45 107 112 160 171
45 26 102 114 152
45 13 51 121 124
45 41 68 127
45 6 89 148
45 6 119 176
45 25 88 187
45 10 174 177
45 33 85 92
45 32 126 161
45 13 68
45 104 155
45 46 191
45 62
45 62
45 165
46 42 55 56 66 73 79 139 181
46 10 24 34 80 142 159 161 197
46 11 27 41 126 154
46 30 79 122 126 174
46 77 100 164 182
46 8 37 88
46 80 84 148
46 34 101 106
46 33 125 169
46 15 170 176
46 12 108
46 58 65
46 116 150
46 3 21
46 44 113
46 188
46 109
47 10 29 35 81 105 136 141 144
47 15 40 62 76 153 178
47 79 97 149 156 181 182
47 21 68 77 129 140 197
47 116 126 128 194
47 15 31 135 172
47 22 30 127 192
47 9 71 125 181
47 80 96 106 189
47 12 46 78 155
47 1 157 177
47 36 174
47 94 138
47 153
47 167
48 1 14 16 26 70 154 156 181 191
48 13 38 67 109 128 135 174
48 18 21 38 153 162 189
48 15 18 28 78 94 152
48 84 110 117 150 168
48 47 50 52 60 86
48 37 106 148 165 176
48 45 85 156 187
48 68 70 110
48 84 122 171
48 164 168 198
48 66 146
48 83 194
48 154 162
48 21 119
49 72 92 109 117 122 156 183
49 30 38 69 76 94 128
49 16 22 57 119 193
49 53 137 150 181 182
49 103 132 150 177 181
49 6 15 63 99 142
49 55 59 103 114 196
49 48 72 120 157 199
49 12 126 140 184
49 1 6 53 62
49 7 41 153 185
49 26 48 116
49 41 54 79
49 13 95 143
49 45 56 98
49 21 106 165
49 55 168
50 24 28 37 67 96 107 119 131 173
50 56 76 86 102 106 115 148
50 36 38 48 56 83 84 162
50 51 72 88 105 122
50 40 47 111 171 176
50 29 73 103 166 191
50 65 104 156 171 199
50 23 31 83 88 92
50 27 45 59 129 175
50 23 75 91 102
50 4 14 112 122
50 48 128 153 159
50 18 34 187
50 32 83 111
50 15 24 43
50 147 153 156
50 14 50 141
50 21 118 192
50 2 21
50 6 73
50 25 81
50 23 47
50 115 196
50 46 189
50 183 190
50 105
51 34 35 46 69 120 131 182
51 5 31 36 50 69 84
51 10 43 52 62 163 169
51 69 126 138 171 195
51 70 175 176 184 189
51 4 25 110 154 188
51 45 46 75 184 187
51 55 62 64 151 170
51 31 67 113 154 177
51 33 58 90 143
51 34 46 185 191
51 30 73 79 162
51 9 55 64 129
51 66 109 160 199
51 57 63 82 147
51 20 50 143 187
51 47 148 155 190
51 36 99 183
51 45 127 134
51 62 85 97
51 8 117 187
51 5 32 136
51 92 97
51 105
52 53 138 141 156 166 191 193
52 36 37 51 124 131 151 176
52 33 35 49 88 117 122 131
52 8 52 53 60 70 153 181
52 3 4 109 116 120 187
52 16 106 150 165 192 196
52 19 68 98 110 141 176
52 10 21 44 75 184 185
52 7 15 28 119 124
52 65 118 121 162 196
52 17 57 117 125 147
52 37 154 172 184
52 3 17 41 58
52 18 104 119 138
52 11 68 74 191
52 65 165 174 194
52 31 50 183 196
52 71 101 113 186
52 87 171 194
52 6 124 165
52 26 94 149
52 114 127
52 112 165
52 118 180
52 12 94
52 142 144
53 20 31 169 186 190 191 198
53 9 35 65 74 97 140 158
53 68 100 123 148 165
53 8 10 41 43 78
53 53 61 102 136 191
53 35 89 129 142 151
53 24 95 143 162
53 51 101 162
53 117 143 191
53 8 45 58
53 33 106 151
53 101 177 197
53 1 11
53 37 165
53 19 48
53 3 143
53 25 61
53 75 137
53 188
53 125
54 58 62 100 143 145 185 194
54 1 23 49 68 91 173
54 7 37 64 103 170 194
54 79 105 164 170 192
54 10 25 108 113 127
54 35 38 88 105 130
54 39 105 118 160 171
54 11 30 85 110 144
54 87 107 113 167 197
54 11 58 173 183
54 33 134 156 184
54 1 82 140 190
54 100 119 141
54 76 164 187
54 1 148 175
54 63 82 102
54 39 65 132
54 134 171 188
54 28 118 192
54 21 182
54 9 170
54 94 169
54 22 35
54 172 178
54 129
54 40
55 40 54 129 152 167 181
55 21 71 78 111 194
55 25 40 87 154 195
55 51 97 101 102 136
55 1 26 32 174 186
55 20 52 76 143 192
55 24 32 74 118 138
55 64 66 98 112 117
55 24 65 92 175 184
55 48 126 133 186
55 6 143 178 195
55 6 95 106 110
55 3 10 166
55 1 125 184
55 123 134 139
55 65 132 135
55 102 122 161
55 3 179
55 43 155
56 15 18 49 52 78 101 174 180
56 87 101 114 124 136 141 156
56 7 25 75 156 173 180 187
56 3 120 122 148 152
56 19 36 116 140 171
56 47 58 142 151
56 13 24 55 103
56 115 165 174 197
56 14 23 141 158
56 35 139 158 163
56 56 79 122 137
56 19 53 59 72
56 30 48 87 106
56 40 131 157 188
56 26 33 138 142
56 92 129 138
56 23 152
56 48 104
56 77
56 39
56 65
57 31 67 108 138 152 153 169 181
57 34 60 62 63 106 138 173
57 2 77 100 107 151 157
57 4 28 97 117 139 167
57 61 119 142 148 150 159
57 36 87 128 136 141 159
57 2 18 20 107 144
57 1 43 54 63 151
57 50 80 96 116 136
57 20 86 101 188 193
57 45 69 70 79 90
57 0 1 121 180 196
57 32 93 112 168
57 106 114 173 189
57 23 52 150 186
57 24 92 140
57 12 56 165
57 35 135 148
57 54 61 181
57 18 66
57 62 139
57 42 188
57 22 41
57 62 106
57 3 7
57 89
58 31 36 65 80 118 136 156
58 6 7 23 117 161 166 197
58 21 23 24 106 145 166
58 22 36 46 109 134 136
58 30 76 117 153 157
58 37 58 72 112 177
58 42 110 145 168 185
58 26 101 111 115 142
58 19 70 141 152 175
58 13 35 94 196
58 64 101 110 167
58 90 98 110 166
58 3 76 123 194
58 24 47 152 165
58 12 28 144 151
58 51 84 97
58 42 66 185
58 12 13
58 109 146
58 171 199
58 11 141
58 34 77
58 183 189
58 30 194
58 60 133
58 64 181
58 84
59 31 36 61 65 81 161
59 1 11 71 108 166 193
59 2 3 40 55 77
59 13 99 155 156 197
59 19 115 168 174
59 15 54 117 147
59 30 74 99 164
59 50 52 80 191
59 46 78 81 148
59 14 91 107
59 145 161 194
59 16 52 90
59 5 41 87
59 35 37 147
59 52 102 115
59 86 187
59 41 181
59 66
60 23 30 35 81 97 137 170 190
60 18 71 106 138 139 169
60 19 47 71 144 146 164
60 22 47 76 187 192 193
60 37 124 126 149 181 192
60 27 71 110 111 157 175
60 5 10 120 149 166 175
60 21 99 113 155 183
60 61 79 92 187 198
60 53 128 137 171 175
60 13 49 55 101 198
60 73 112 134 161 170
60 107 129 160 185 194
60 3 92 111 174
60 5 76 107 169
60 9 13 85 163
60 30 136 137 138
60 46 65 66 197
60 75 88 152 194
60 88 141 186
60 8 107 162
60 6 78 162
60 46 155
60 141
61 19 53 88 91 129 151 174 197
61 14 39 53 137 140 190 197
61 31 62 90 108 165 169
61 27 136 138 148 158
61 44 91 122 156 166
61 89 91 104 160 172
61 2 4 58 109 197
61 17 166 171 199
61 43 83 101 112
61 67 99 163 171
61 34 58 154 194
61 19 126 170 171
61 2 5 125 159
61 0 10 25
61 132 147 170
61 106 175 176
61 53 129
61 132 140
61 166 174
61 79
61 24
61 125
62 26 58 97 116 159
62 44 71 92 118 147
62 51 89 103 135
62 99 119 130 150
62 15 91 158 183
62 25 148 177 184
62 78 112 149 186
62 93 133 163 178
62 0 6 143
62 44 49 112
62 58 110 116
62 50 121
62 48 50
62 63 70
62 60 81
62 59 165
62 69 135
63 12 77 96 108 124 133 145 161
63 2 70 77 98 147 158 163
63 25 77 98 131 176 191 198
63 21 32 118 120 131
63 52 61 118 125
63 17 31 162 194
63 5 16 24 116
63 1 25 33 52
63 78 125 146
63 112 128 168
63 103 111 124
63 45 80 84
63 34 41 48
63 75 91
63 167
64 45 119 123 154 177 191 193
64 7 35 134 149 172 195
64 36 70 96 138 168 187
64 3 36 140 167 182
64 12 53 58 59 167
64 75 101 137 159 181
64 14 48 65 88 94
64 8 13 69 86 177
64 25 60 106 115 171
64 10 144 172 191
64 7 9 18 198
64 4 91 114 188
64 37 111 191
64 101 146 196
64 61 132
64 119 190
64 5 131
64 46 89
65 45 69 76 104 105 132 169 181 190 192
65 29 89 106 117 146 173 176
65 10 11 41 63 144 181 183
65 15 18 30 59 123 175 180
65 53 65 98 106 167
65 12 128 174 179 182
65 31 36 78 82 85
65 7 73 102 136 143
65 77 97 133 141 181
65 16 88 91 117
65 29 88 99 107
65 11 95 103 177
65 60 82 95 164
65 77 116 168
65 72 98 100
65 52 188 194
65 55 124 180
65 21 77 131
65 59 72 74
65 28 97 111
65 15 19
65 16 79
65 81 186
65 12
66 5 55 57 85 160 175 198
66 38 59 106 113 150 177
66 4 74 154 155 160 171
66 19 56 98 105 122 143
66 17 107 109 124 160 184
66 26 67 125 161 195
66 5 59 62 73 112
66 41 126 159 175 188
66 29 110 122 140 174
66 64 68 70 74 84
66 4 39 110 151
66 22 55 142 145
66 51 58 65 113
66 28 139 151 161
66 30 138 139 153
66 5 38 134 192
66 35 64 101
66 26 168 198
66 28 154 181
66 33 130 199
66 11 112
66 91 158
66 16 137
66 167 180
66 76 147
66 126 136
66 5 106
66 84 197
66 21
66 112
67 28 33 39 43 76 121 175 180 194
67 2 20 33 56 127 176
67 3 80 94 112 173
67 41 119 139 141 188
67 50 72 75 151 156
67 127 134 146 159 199
67 7 44 101 134 198
67 12 36 73 86 199
67 21 94 160 189
67 34 43 128 181
67 73 86 180
67 21 145 168
67 41 67 196
67 4 159 174
67 83 170
67 19 152
67 10 115
67 67
68 25 43 86 99 113 120 149
68 4 37 131 142 173 187 195
68 15 29 78 88 176 193
68 27 60 72 83 120 179
68 5 15 37 84 134 156
68 33 75 76 83 133 151
68 63 110 117 131 134 146
68 56 70 72 109 134 142
68 16 97 109 139 193
68 76 87 118 124 167
68 19 76 134 156 195
68 50 99 136 143 171
68 12 78 101 102 112
68 12 80 188 190
68 74 139 157 171
68 117 134 150 193
68 64 136 150
68 26 39 185
68 47 83 121
68 82 101 122
68 58 61
68 136 194
68 120 180
68 85 170
69 42 77 80 83 91 112 118 169 197
69 32 37 98 152 157 166 175 199
69 1 79 95 115 133 148 172
69 57 93 104 117 143 171 179
69 85 120 134 139 170 194
69 52 71 117 160 169 174
69 0 3 32 163 196
69 0 18 69 95 102
69 72 101 124 146 191
69 122 144 155 157 158
69 6 7 56 131
69 45 52 118 168
69 17 88 92 182
69 0 58 101 195
69 78 136 147 171
69 17 73 85
69 119 159 193
69 120 123 183
69 2 4 97
69 49 155 199
69 73 107 197
69 45 151
69 68 74
70 14 34 39 74 81 92 94 163
70 22 54 85 95 97 105 166
70 6 26 64 71 113 141 186
70 23 75 107 120 159 179 195
70 11 46 53 72 190 192
70 2 24 42 50 94 97
70 38 57 78 110 161 166
70 2 69 154 164 188
70 13 112 133 142 193
70 13 34 60 143 157
70 45 115 147 172
70 9 111 119 170
70 43 143 165 179
70 43 73 75 117
70 25 105 117 125
70 44 79 134
70 88 110 193
70 4 15 57
70 0 110 155
70 85 122 195
70 13 41 187
70 9 46 60
70 0 12 133
70 3 52 168
70 21 43 126
71 14 26 63 139 152 159 178 182
71 18 26 63 90 107 132 163 166
71 24 43 70 79 85 101 151
71 119 131 153 157 159 198
71 8 27 46 55 84 172
71 27 91 110 121 161
71 54 160 163 168 178
71 11 84 96 143
71 69 77 181 193
71 30 41 187
71 5 33 150
71 87 129 183
71 104 109 128
71 41 44 52
71 2 86 176
71 69 79 165
71 20 163 190
71 8 12
71 50
71 139
71 191
71 162
72 15 31 148 172 173 180 192
72 58 77 99 109 117 143
72 6 11 43 117 155 159
72 29 65 110 132 144 146
72 33 43 116 120 141 154
72 20 65 95 111 186
72 3 10 12 88 180
72 36 64 104 160 182
72 2 128 153 156 177
72 30 53 96 165
72 5 34 117 187
72 95 100 150
72 109 194 196
72 7 138 177
72 55 98 141
72 29 125
72 7 153
72 190
73 18 20 29 47 65 117 166
73 24 74 89 125 126 155 171
73 22 36 39 50 105 177
73 5 25 33 94 105 137
73 27 120 130 151 184
73 5 99 108 146
73 17 28 93 122
73 40 69 140 174
73 32 51 185
73 44 47 136
73 73 83 165
73 37 112 179
73 105 185 191
73 62 98 192
73 32 71 171
73 12 175
73 57 141
73 7 84
73 105 189
73 50 90
73 196
74 34 51 111 121 149 158 180
74 61 106 129 169 183 189
74 55 67 99 142 158
74 71 97 107 127 172
74 52 98 145 194 196
74 55 78 86 133 146
74 18 27 49 99 193
74 49 85 91 180
74 1 7 149 159
74 14 85 164 172
74 6 16 192
74 10 45 78
74 76 143 165
74 1 29 179
74 42 79
74 59 141
74 73
75 2 55 60 77 138 171 187 190
75 12 26 89 93 122 185
75 13 97 122 136 149 162
75 0 56 67 108 142 187
75 0 14 22 115 135 153
75 1 4 30 51 62 148
75 3 24 88 118 179
75 153 170 172 173 181
75 16 20 31 64 127
75 19 64 72 82 99
75 27 38 49 92 177
75 8 95 120 151 172
75 59 105 134 137 170
75 53 63 70 101 117
75 22 37 46 120
75 13 62 105 166
75 39 53 157
75 176 179 182
75 4 85 138
75 40 134 175
75 65 129 173
75 68 134
75 55 180
75 103
76 7 17 37 148 155 184 186
76 3 26 47 64 97 165 180
76 35 46 60 65 99 175
76 54 61 64 123 156 159
76 32 51 101 151 157 183
76 29 60 77 97 127 191
76 96 116 125 183
76 57 92 131 188
76 15 18 63 79
76 54 163 181 182
76 120 137 191
76 17 82 115
76 34 97 126
76 10 138 147
76 13 17
76 69 164
76 114 143
76 81 157
76 159 197
76 112 119
77 18 47 69 95 103 157 161 166
77 16 17 119 134 137 147 163 170
77 16 68 72 137 155 189 192
77 9 27 40 94 131 144
77 19 22 102 113 143
77 8 60 108 128 197
77 88 89 150 194 199
77 55 71 78 197
77 103 108 163
77 93 150 159
77 49 108 192
77 58 136 145
77 89 170
77 159 170
77 5 178
77 6
77 178
77 192
77 34
78 1 41 59 146 173 182 194
78 4 6 31 132 146 159
78 40 58 59 102 152 185
78 8 23 24 33 49 156
78 26 57 84 128 181 197
78 27 36 102 173 186
78 15 40 161 170 193
78 8 50 71 153 174
78 18 20 141 186
78 20 23 115 172
78 4 20 129 175
78 10 74 179 187
78 118 120 159 198
78 28 38 48 194
78 4 32 108 153
78 0 52 88
78 0 35 144
78 4 90 133
78 137 145 183
78 36 196
78 35 160
78 9 97
78 106 170
78 36 53
79 1 118 120 151 160 165 187 195
79 15 26 36 57 144 186 192
79 19 37 42 82 121 161
79 27 52 90 120 165 175
79 5 10 69 98 110 199
79 7 8 54 59 115 177
79 22 98 107 138 149
79 16 69 75 152 159
79 9 57 66 73 86
79 56 80 115 141 152
79 20 46 68 102 177
79 22 64 102 135 195
79 6 10 55 171
79 47 85 140 191
79 11 159 168 175
79 38 142 169 187
79 11 50 144 150
79 25 71 99 173
79 18 23 91 114
79 21 69 189
79 22 48 92
79 22 62 182
79 9 40 90
79 71 134
79 124 195
79 18 20
79 93 116
79 52 130
79 130
80 43 107 120 132 148 178 189
80 5 41 60 131 143 146 154
80 16 54 65 96 118 180
80 55 112 119 121 175
80 0 29 41 71 174
80 26 62 105 182
80 38 118 169 175
80 25 32 110 170
80 72 104 127 190
80 52 66 163 196
80 7 22 81
80 74 120 178
80 6 150 180
80 92 137 149
80 23 105 166
80 20 145 172
80 10 79 146
80 79 108 152
80 2 118 174
80 70 114 124
80 95 155
80 1 195
81 6 30 95 126 131 138 156 161
81 71 119 136 145 184 191
81 19 63 76 114 154
81 50 108 113 121 186
81 23 38 124 125 130
81 37 107 143 162 193
81 66 140 160 187
81 13 27 124 155
81 3 152 166 195
81 37 126 166 170
81 67 77 97 150
81 18 68 145 180
81 2 63 103
81 12 145 186
81 13 22 141
81 32 177
81 71 141
81 28 65
81 46
82 17 41 102 107 122 184 185 192
82 10 54 75 90 128 170 176 184
82 36 44 95 109 147 148 191
82 0 21 25 85 98 120
82 53 93 114 161 184
82 13 75 80 98 192
82 32 80 98 128 199
82 3 81 138 164 171
82 35 157 160 192
82 19 122 147 197
82 60 72 131 168
82 105 140 188
82 74 155 162
82 94 151 193
82 47 166 181
82 61 161 165
82 3 18 141
82 126 130 169
82 1 100
82 76 126
82 25
83 32 44 66 90 120 159 171
83 22 51 65 121 150 161
83 38 117 132 155 183 192
83 16 48 124 166 170
83 13 110 130 194 198
83 15 69 74 176
83 87 128 188 195
83 36 107 159 170
83 148 175 179
83 23 114 120
83 74 142 163
83 101 131 158
83 95
84 15 16 30 92 98 166 180
84 4 52 68 82 100 101 117
84 22 48 58 158 161 163
84 44 57 66 187 192
84 44 50 57 77 181
84 70 98 135 155
84 6 20 98 155
84 19 103 160 196
84 18 39 96
84 4 53 121
84 100 188 192
84 33 165
84 14 128
84 95 166
84 105 181
84 138 190
84 161
84 27
85 21 79 90 116 117 149 185 189
85 0 36 139 156 164 172 185
85 17 49 75 94 176 196
85 52 63 82 163 185 197
85 27 58 138 158 169
85 7 100 161 162 184
85 1 41 48 118 120
85 28 33 36 121
85 0 107 168 191
85 39 58 112 127
85 62 75 143 151
85 7 83 97 187
85 82 140 177
85 6 54 130
85 113 153 178
85 108 126 195
85 13 81 159
85 50 77
85 50 124
86 94 95 139 143 161 190
86 4 18 25 74 87 186
86 6 32 34 107 123 130
86 8 85 142 149 162
86 63 129 130 165 198
86 5 12 40 173 192
86 7 56 102 107 153
86 123 131 148 150 187
86 4 11 16 190
86 35 60 99 141
86 28 49 83 128
86 35 48 96 113
86 2 6 76 146
86 78 145 168
86 11 18 50
86 112 148 150
86 29 33 168
86 69 139
86 60 151
86 104 136
86 14 80
86 77
87 25 34 41 88 107 123 148 151 196
87 23 62 75 103 109 111 153 167
87 81 86 95 132 155 159
87 4 7 61 107 195 196
87 4 14 46 120 152 169
87 79 125 145 165
87 113 138 174 198
87 34 89 125 128
87 53 148 153 195
87 24 93 193 198
87 70 135 180 190
87 0 66 106 166
87 28 43 79 103
87 4 144 199
87 55 72 145
87 65 191
87 91 146
87 78 185
87 4 102
87 19 66
87 98 139
87 29 66
87 27
88 40 51 85 97 105 106 199
88 4 73 119 135 176 191
88 74 75 78 108 118 154
88 55 63 71 83 130 169
88 4 70 137 143 163
88 23 55 79 120 171
88 8 17 98 193 194
88 53 157 160 192 195
88 10 22 64 93 188
88 41 85 98 118 170
88 12 144 156 169 192
88 44 76 145 159
88 1 135 142 166
88 49 69 157 170
88 10 11 46 128
88 9 22 150
88 105 165 176
88 75 138
88 95 133
88 7 54
88 2
88 167
89 3 25 45 89 115 183
89 6 35 69 109 112 119
89 29 46 87 154 165
89 29 43 87 168 185
89 122 139 155 172 188
89 39 57 65 70 190
89 3 55 149 176
89 23 39 86 106
89 131 139 185
89 19 27 41
89 38 62 80
89 16 60 146
89 74 86 162
89 53 65 110
89 42 183 186
89 27 97
89 8 15
89 74 186
89 77
90 21 23 76 90 113 164
90 86 89 126 148 157 162
90 12 17 58 119 170
90 0 78 102 118
90 17 25 33 93
90 15 67 95 108
90 97 128 171
90 19 30 115
90 40 70 129
90 21 59 66
90 147 162 164
90 48 82 163
90 135 146
90 144 182
90 71 85
90 127 184
91 18 21 47 79 110 141 147
91 3 27 46 92 137 165 184
91 1 122 130 179 187 188
91 7 72 86 100 105 157
91 10 33 118 140 141 171
91 3 12 28 91 115 160
91 41 85 105 125 180
91 38 46 149 188 196
91 84 87 101 138 195
91 37 91 93 141 168
91 22 42 112 122
91 32 47 79 125
91 27 40 181 183
91 52 53 88 174
91 22 32 138
91 42 91 132
91 122 162 192
91 96 125
91 199
92 2 53 75 114 135 154 164 172 191
92 41 43 78 81 83 85 136
92 9 55 65 82 160 164
92 90 94 158 186 191 199
92 1 5 87 108 112 135
92 43 62 73 96 144 166
92 4 61 78 134 165
92 88 113 122 148 189
92 20 26 65 175 188
92 29 31 109 174
92 44 134 141 169
92 7 70 144 147
92 53 99 149 186
92 8 33 63
92 10 68 138
92 2 123 193
92 89 174
92 31 108
92 128 169
92 135
92 115
93 20 50 117 136 145 157 186
93 80 115 146 150 197 199
93 0 21 46 67 104 161
93 2 26 64 74 134 137
93 84 116 120 125 190
93 17 46 83 131
93 34 62 69 114
93 14 80 110 197
93 6 114 148 182
93 35 62 141
93 4 176 181
93 98 136 159
93 90 96 107
93 1 123 171
93 16 61 162
93 153 164
93 16 104
93 19 112
93 97
94 30 109 111 134 159 165 187 191
94 14 55 78 108 120 161 177
94 11 40 53 62 81 128 199
94 26 47 60 68 116 169
94 20 22 64 122 135 174
94 3 60 66 97 100
94 1 53 113 162 177
94 50 119 168 171 185
94 125 142 153 159
94 6 32 171 182
94 65 105 116 164
94 91 92 100 182
94 4 34 41 74
94 121 125 140 164
94 73 117 173
94 39 142 190
94 12 137 192
94 9 10 193
94 77 109 142
94 62 75 118
94 86 177
94 12 190
94 1 173
94 100
95 12 29 68 182 198
95 14 71 136 185 192
95 25 49 67 109 171
95 32 61 108 134 191
95 88 108 145 188
95 103 144 145 182
95 32 69 168 170
95 21 117 140 189
95 3 30 93 196
95 13 144 165 177
95 100 109 113
95 63 105 144
95 23 103 135
95 110 120 173
95 124 148
95 46 88
95 26 29
95 25 121
95 104
96 30 37 91 124 162 174
96 61 64 128 129 199
96 64 67 114 147 154
96 1 21 194 196 199
96 99 102 124 168 169
96 37 53 69 114 150
96 10 70 80 85 172
96 54 132 144 161 193
96 51 55 132 171
96 16 84 112 136
96 177 186 189 190
96 0 10 33
96 92 131 161
96 6 94 148
96 118 131 189
96 82 196
96 85 175
96 135 140
96 165 190
97 62 86 96 99 121 156 186 193
97 11 18 32 86 127 170 174
97 59 112 113 149 153 170
97 79 96 134 160 185
97 7 32 117 132 153
97 26 51 69 109 147
97 89 111 121 184 190
97 116 132 180 196
97 5 11 68 166
97 75 88 132 146
97 140 145 183
97 8 72 183
97 9 97 156
97 20 35 50
97 117 155 185
97 57 162
97 17 177
97 129 135
97 85 128
97 118
97 61
98 18 31 41 52 92 118 157 168 195
98 24 37 60 119 161 185
98 7 113 116 150 171
98 33 140 154 160 185
98 20 25 135 154 191
98 26 44 119 156 196
98 55 103 130 146 157
98 46 69 76 101 133
98 8 39 97 156
98 7 71 174 178
98 40 160 171 193
98 5 86 106
98 10 158 159
98 94 144 145
98 40 81 93
98 34 104 191
98 33 121 183
98 8 42 88
98 6 142
98 10 154
98 118 155
98 160 166
98 25 83
99 23 29 79 86 102 119 196
99 20 88 147 149 162 178
99 31 98 105 120 186 190
99 15 69 93 106 175
99 21 33 41 164
99 43 88 105 175
99 30 67 149 158
99 80 92 139
99 82 103 186
99 51 77
99 18 166
100 43 44 53 74 78 79 86 90 183
100 8 60 61 124 176
100 38 42 51 56 94
100 115 147 148 166
100 35 37 125 128
100 44 161 183
100 6 52 108
100 40 81 94
100 63 123 181
100 87 95 163
100 92 154
100 142 187
100 112 143
100 68
