200 2000
1 44 52 89 122 158
1 66 141 155 163 171
1 20 66 99 172 197
1 23 54 89 100 132
1 3 33 182 190
1 121 122 184 191
1 30 70 84 185
1 39 64 147 190
1 8 61 117 157
1 93 123 142
1 11 138 169
1 15 54 88
1 69 149
1 3 65
1 1 32
1 156 184
1 98
2 7 30 31 80 81 139 167 191
2 83 124 125 126 142 175
2 46 80 88 145 153 162
2 17 76 88 152 165 199
2 21 33 77 142 177
2 56 79 82 124 174
2 30 98 110 117 162
2 77 122 164 174
2 8 18 113 129
2 100 103 108 154
2 11 106 124 137
2 96 110 148 150
2 2 157 175
2 50 73 192
2 12 62 64
2 71 88 93
2 118 123
2 97 151
2 99 164
3 3 68 88 90 97 99 103 106 129 179 187 191 192
3 40 65 98 102 125 173
3 18 61 73 114 141 154
3 29 136 164 187 192 199
3 62 68 92 107 146 182
3 0 9 12 161 176
3 42 49 60 95 198
3 16 75 99 127 166
3 11 96 115 119 132
3 24 44 142 171 174
3 84 129 136 160
3 37 99 102 147
3 21 62 65 86
3 43 78 155 162
3 87 89 92 107
3 65 103 106 190
3 72 155 193
3 11 167 194
3 62 130 152
3 102 142 194
3 46 106
3 167 188
3 57 89
3 5 145
3 23 31
4 8 13 37 75 138 146 172 179
4 91 93 99 114 123 137 138
4 7 10 28 66 71 194
4 36 64 91 122 165 195
4 7 40 148 164 178
4 37 135 165 187 191
4 76 88 130 141 174
4 10 33 41 59 182
4 38 63 128 160
4 164 166 173 180
4 59 90 159 182
4 19 81 119 161
4 37 52 134 187
4 22 44 183
4 105 120 139
4 65 130 174
4 16 23 191
4 55 67 106
4 13 137
4 61 198
4 13 121
4 77 169
4 5 13
5 31 61 62 64 109 131 140 158 168
5 9 23 102 103 119 126 182 189
5 12 45 88 122 144 162 186
5 49 78 79 101 141
5 7 114 161 172 185
5 40 85 104 116 186
5 4 78 143 168 177
5 49 71 83 105 140
5 73 79 152 172
5 136 141 153 169
5 50 52 59 62
5 120 177 188
5 9 36 125
5 33 66 99
5 110 115 136
5 66 80 125
5 49 101 130
5 40 165
5 98 183
5 50 93
5 0 181
5 47 185
6 6 8 16 77 84 118 123 128 199
6 48 60 87 113 135 155 197
6 18 21 30 74 143
6 12 113 126 139 143
6 4 64 166 179
6 17 26 41 53
6 17 107 130
6 14 17 167
6 73 171 178
6 84 178 194
6 2 87 194
6 87 103 159
6 90 109 166
6 30 91 163
6 142 151 178
6 25 113 165
6 32 124
6 21 89
6 5 91
6 41 107
6 105 148
7 0 9 10 25 87 126 148 196
7 38 78 123 150 154
7 8 11 12 58 123
7 5 7 20 164
7 141 143 161
7 43 124 151
8 31 51 67 109 116 144 161 182 199
8 56 73 74 84 97 107 129 161
8 35 46 111 147 164 181
8 55 107 108 128 148 176
8 32 44 71 104 198
8 17 103 126 153 168
8 6 27 75 108 161
8 39 54 154 181
8 30 45 149 198
8 7 17 69 124
8 87 138 189
8 49 139 180
8 61 123 136
8 4 27 156
8 49 114 193
8 10 88 167
8 13 48
8 120 150
8 5 25
8 113 117
8 57 127
9 47 110 124 134 162 167 169 174 185
9 3 105 126 127 150 177 195 198
9 4 36 84 87 99 132 153 191
9 62 82 99 104 117 191
9 11 54 86 161 173
9 47 90 105 122 173
9 7 12 148 162 189
9 0 7 57 62 198
9 3 28 145 149 164
9 20 53 105 125 135
9 6 75 91 191
9 56 109 157 193
9 18 24 39 194
9 5 6 80 97
9 10 35 196
9 14 22 132
9 4 49 64
9 26 165 175
9 27 115 138
9 54 112
9 5 89
10 4 18 22 51 56 147 169
10 36 83 116 123 132
10 43 58 64 135 136
10 24 79 90 165
10 12 44 71 154
10 14 98 113 160
10 65 90 115 125
10 41 77 134 146
10 55 61 100 138
10 70 76 171 183
10 86 154 168
10 20 37 180
10 99 150 151
10 77 91 132
10 74 111
10 17 93
10 83 182
10 65 82
11 62 83 88 111 160 173 179 184 197
11 87 114 120 121 124 154 180
11 63 78 136 164 166 197
11 38 60 68 108 149 182
11 56 102 120 159 160 184
11 31 35 98 119 151 165
11 58 98 106 123 170
11 20 37 45 58 153
11 65 91 146 154
11 6 69 119 177
11 16 57 85 129
11 126 129 145 173
11 39 61 67 176
11 5 100 128
11 128 167 179
11 11 111 119
11 60 68 196
11 35 55 182
11 16 23
11 81 108
11 131 193
11 132 188
11 84 193
11 148
12 17 69 74 93 119 140 141
12 58 64 69 77 120 195
12 6 76 134 159 169
12 8 24 68 125 140
12 4 98 113 154
12 56 88 130 182
12 44 96 144
12 31 39 102
12 33 116 150
12 59 140 164
12 33 76 136
12 86 152
12 25 142
13 12 47 159 161 171 187 192
13 12 31 46 54 75 102 145
13 33 51 151 161 162 193
13 79 118 126 128 136 177
13 22 75 124 156 173
13 52 133 155 188 194
13 48 84 123 126 158
13 111 124 161 162
13 0 16 42 53
13 71 95 112 155
13 13 49 56 167
13 20 36 63 103
13 28 122 159 194
13 73 101 122 138
13 52 121 131
13 11 73 163
13 56 124 163
13 76 103 181
13 62 131
14 32 46 80 97 140 154 173
14 17 19 24 99 114 155
14 0 21 80 94 103
14 32 48 63 127 145
14 1 29 35 45 174
14 19 50 65 199
14 66 94 103 117
14 40 153 171
14 50 60 190
14 91 117 175
14 27 80 165
14 2 197
14 10 120
14 76 147
14 13 22
14 68 178
15 26 105 116 125 161 179 186 198
15 10 49 120 139 152 184
15 14 39 84 121 129 192
15 17 39 81 86 121
15 0 109 126 136 174
15 11 38 55 76 122
15 10 15 24 85 156
15 67 82 86 115 155
15 26 52 129 159
15 34 79 87 120
15 34 77 79 116
15 7 114 142 194
15 23 90 182 199
15 11 91 158
15 91 107 123
15 80 98 109
15 66 101 117
15 17 109 157
15 111 164 179
15 9 75
15 157 159
15 170
15 69
16 35 75 85 104 144 149 171 178
16 20 86 96 105 129 197
16 89 115 141 150 183
16 44 58 78 118 152
16 21 117 160 187
16 27 35 136 156
16 11 48 63 175
16 139 148 195
16 21 126 182
16 148 181
16 100 156
16 117 171
16 30
17 2 23 29 129 137 153
17 21 28 50 75 125 154
17 22 44 141 146 152 160
17 91 92 174 176 195 198
17 96 166 167 180 196
17 63 105 130 144 153
17 60 90 115 127 180
17 28 74 102 153 179
17 61 131 166 168
17 28 58 157 173
17 54 58 59 119
17 35 60 65 96
17 19 35 93
17 42 56 150
17 24 39 78
17 38 114 147
17 106 112 174
17 8 188 189
17 36 135 171
17 14 177
17 7 190
17 127 194
17 26
17 181
17 160
17 62
17 98
18 0 10 31 76 110 125 147 158 161
18 27 61 81 92 115 116 118
18 5 59 60 76 147 153 175
18 10 19 55 90 158 188
18 15 23 38 98 126 138
18 31 34 152 172 187
18 46 93 123 156 178
18 9 104 130 134 185
18 1 28 130 165 193
18 118 130 164 199
18 45 101 110 158
18 90 119 163
18 31 54 129
18 59 72 161
18 10 33 151
18 44 106 128
18 41 99 113
18 89 119
18 34 62
18 63 196
18 52
19 26 100 118 147 153 182 199
19 3 62 75 105 115 117 178
19 2 35 95 111 113 126 185
19 41 55 79 141 152 161
19 63 101 109 154 157
19 26 36 82 151 167
19 67 95 166 199
19 6 59 60 140
19 29 136 139 165
19 84 90 93 141
19 33 99 146
19 53 66 199
19 131 157 185
19 1 78 107
19 29 96 111
19 73 85 87
19 70 71 178
19 33 177
19 120
19 135
20 22 26 40 63 139 153
20 50 68 122 133 163 175
20 51 56 147 148 194
20 21 141 182 191 192
20 65 84 100 150 179
20 7 57 73 96 136
20 10 22 61 77 96
20 0 26 66 82 139
20 20 54 159 182
20 29 37 96 170
20 94 121 147 151
20 36 71 74 178
20 41 85 134 147
20 71 168 169 191
20 34 136 181
20 71 131
20 16 33
20 125
20 19
21 19 25 55 93 158 161 190
21 3 13 15 31 50 58
21 25 29 75 164 177 199
21 28 35 36 141 155
21 36 78 121 136 163
21 1 35 152 159 174
21 10 26 35 42 101
21 16 77 119 121 166
21 43 56 76 134
21 95 142 155
21 25 162 193
21 60 79 148
21 16 96 104
21 21 137 150
21 16 59 84
21 36 79 102
21 138 187 193
21 6 116 170
21 0 100
21 1 187
21 163 182
22 116 152 164 175 199
22 16 38 43 137 138
22 60 117 124 157 183
22 8 45 68 88 97
22 40 72 93 135 192
22 41 46 57 85 89
22 6 30 46 59 188
22 28 167 174 188
22 112 121 132 150
22 31 110 178 188
22 22 85 108 163
22 4 37 90 188
22 129 170 185
22 23 67 130
22 26 93 129
22 79 126 197
22 42 111 192
22 120 168 179
22 15 112 196
22 146 181
22 48 112
22 90 96
22 51
22 46
22 134
23 43 81 120 144 148 155 165
23 12 41 61 65 114 152 187
23 29 66 84 110 139 163
23 41 47 51 140 142 148
23 0 54 91 100 174
23 1 30 102 133 180
23 28 53 111 198
23 96 104 105 195
23 54 85 122 153
23 1 96 106 117
23 51 104 119 183
23 7 13 146 193
23 13 173 188
23 6 59 164
23 20 121
23 26 90
23 59 85
23 190
24 6 31 61 127 154 156 171 196
24 7 39 48 82 87 101 154
24 32 116 122 142 151
24 9 53 82 112 126
24 89 101 171 190
24 97 107 154 178
24 51 134 136 155
24 16 48 61 129
24 89 114 124
24 58 93 102
24 1 22 143
24 114 172
24 47 167
24 86 126
24 195
24 186
24 27
25 8 18 96 113 123 139 145 161
25 14 46 93 110 116 144
25 44 50 55 119
25 7 23 74 164
25 35 43 80 106
25 5 111 118 129
25 34 59 112 152
25 4 80 133
25 54 112 154
25 19 118 153
25 80 169 175
25 60 81 174
25 9 16 54
25 22 99 189
25 172 189
26 13 46 76 123 159 163 198
26 3 19 28 58 72 152 161
26 10 21 63 74 99 125 176
26 18 36 83 85 96 101
26 2 23 118 121 182
26 65 89 108 118 137
26 169 183 194 196 199
26 13 91 138 152
26 49 86 183 197
26 77 134 152 188
26 50 74 92 129
26 4 104 140 167
26 33 131 146 165
26 67 95 143
26 75 108 188
26 46 85 173
26 96 107 138
26 95 98
26 149 165
27 12 53 62 67 87 129 138
27 37 69 86 89 132 165
27 10 38 46 48 65 130
27 21 40 80 103 123 134
27 6 56 125 155 180
27 16 34 72 114 149
27 59 130 132 138 140
27 87 115 166 181 184
27 108 121 176 192 198
27 64 127 134 139 190
27 24 41 146 166
27 67 86 171 192
27 40 98 146 189
27 28 72 79 128
27 68 140 165 176
27 18 36 69 111
27 103 142 143 173
27 92 112 194
27 146 159 169
27 35 95 195
27 14 32 81
27 47 68 194
27 7 37 126
27 103 187
27 100 136
27 159
28 3 13 25 38 85 90 99 166
28 29 60 118 133 141 168 177
28 21 50 65 87 93 136 191
28 31 40 100 120 184 185
28 27 50 74 122 155
28 28 73 79 130 173
28 89 117 129 193
28 4 79 164 186
28 15 33 51 138
28 7 37 124 145
28 111 114 118 192
28 58 170 185
28 32 133 189
28 130 142 145
28 93 108 159
28 85 105 139
28 67 147 191
28 18 92 105
28 96 157 193
28 70 145
28 169
28 11
29 17 57 70 81 83 109 131 142 167
29 4 59 110 116 120 126 142 191
29 19 28 34 94 95 99 146 197
29 4 14 41 75 98 142 150 184
29 34 43 49 73 151 181 193
29 9 23 60 75 120 141
29 17 94 104 120 135 196
29 65 105 107 144 187
29 47 54 69 140 170
29 7 17 57 62 77
29 5 76 84 103 128
29 50 80 106 146 180
29 52 67 154 198
29 77 93 119 198
29 70 87 147 180
29 86 107 132 171
29 26 38 149 169
29 17 141 170 179
29 86 125 149
29 63 147
29 112 176
29 75 172
30 8 37 47 53 126 140 152 161
30 28 37 54 66 76 104 106 132
30 6 20 58 78 130 172 184
30 95 114 136 139 149 170 183
30 57 77 83 101 152 189
30 6 15 17 23 97 126
30 19 84 135 142 181
30 35 117 155 167 176
30 10 12 21 50 66
30 46 102 139 141 173
30 75 87 123 128
30 23 91 112 189
30 64 71 106 173
30 2 57 182
30 5 53 93
30 55 76 121
30 10 31
30 9 26
30 46 48
31 30 45 53 76 155 164 169
31 38 77 113 136 138 189
31 5 25 70 71 170 186
31 123 124 132 166 178 189
31 57 102 104 154 188
31 0 31 41 74 129
31 27 85 150 154 193
31 4 37 88 104 148
31 51 67 87 175 193
31 87 129 133 143 160
31 9 82 144 195
31 51 89 124 195
31 40 87 98 195
31 64 106 108 147
31 84 156 182 186
31 41 150 151
31 42 44 49
31 122 164
31 52 58
31 9 195
31 2 147
31 32 88
32 4 58 73 85 125 180
32 74 93 107 109 116
32 51 67 72 89 97
32 48 89 123 169 180
32 18 55 64 94 159
32 24 130 161 174 198
32 29 37 47 179
32 62 67 147 169
32 57 101 158 195
32 12 70 139
32 71 79 94
32 11 24 138
32 50 125 141
32 129 155 167
32 173 192
32 112 180
32 118
32 15
33 33 49 64 105 109 150 157 165 194
33 20 27 41 48 89 112 173 176
33 14 41 74 93 112 123 177 197
33 46 47 102 104 107 143 147 167
33 87 88 123 139 160 177
33 62 124 128 140 155
33 24 34 130 164
33 33 98 122 161
33 2 115 131 190
33 24 45 82 185
33 0 51 99 141
33 7 34 64 171
33 35 101 113
33 1 16 155
33 6 172
33 69
33 25
34 60 86 91 147 178 186
34 36 73 80 91 110
34 24 42 90 103 165
34 84 94 102 124 163
34 69 138 143 161 185
34 50 63 80 169
34 4 107 151 156
34 3 63 83 182
34 17 54 62
34 74 118 185
34 16 48 84
34 6 32
34 57 138
34 188 197
34 167
35 18 33 47 122 158 182
35 35 62 96 104 117 172
35 64 69 100 106 122 143
35 30 47 48 170 178 197
35 62 132 134 145 180 185
35 40 110 137 142 153 167
35 17 76 148 165 188
35 56 90 102 120 129
35 7 61 72 73 117
35 4 73 98 136 162
35 11 116 128 146 166
35 35 86 152 172 173
35 34 70 118 138
35 29 127 137 191
35 11 106 142 150
35 73 77 102 121
35 46 137 157
35 44 69 76
35 99 152 196
35 87 105 163
35 100 137
35 145 158
36 30 45 51 52 83 96 98 160 168
36 27 39 77 78 113 115 184
36 11 110 120 142 157 185 194
36 6 37 46 75 96 102
36 39 104 114 115 137 161
36 5 48 134 174 176 180
36 40 43 108 113 117
36 43 104 188 190
36 47 70 119 174
36 17 33 135
36 38 135 144
36 40 62 118
36 15 91 167
36 5 26 98
36 62 98 123
36 83 89 136
36 35 44 198
36 75 122
36 82 85
36 40 41
36 51 92
36 118
37 10 13 50 74 96 106 150
37 9 27 64 84 121 127 134
37 46 92 105 179 189 192
37 4 67 110 120 154 197
37 25 130 135 163 179
37 33 59 102 106 117
37 41 87 95 133 147
37 19 117 157 174 182
37 3 5 53 75 96
37 4 49 60 162
37 27 79 181 185
37 27 117 142 150
37 1 52 98 179
37 9 81 167
37 18 100 172
37 14 27 88
37 113 164
37 38 193
37 68 197
37 78 89
37 80 104
37 156
37 83
38 39 81 102 103 115 155 160 192
38 69 74 90 128 133 157 169
38 38 68 86 135 142 162 163
38 60 69 82 124 183
38 0 1 68 115 180
38 36 86 146 161 171
38 12 26 34 87 185
38 7 40 72 141 158
38 9 81 96 136 195
38 21 65 69 102
38 24 29 76 133
38 6 69 92 130
38 20 139 173
38 15 47 192
38 48 71
38 14 166
38 122 141
38 180 199
38 8 16
38 93 122
38 30 188
38 131 168
39 26 27 63 91 130 154 196
39 0 9 26 44 53 103
39 61 83 126 159 168 177
39 25 44 63 168 198
39 12 33 37 171 192
39 4 44 45 57 153
39 58 103 112 169 180
39 71 74 128 198
39 24 132 164 197
39 34 78 90 140
39 34 108 113 118
39 27 55 98 134
39 10 111 177
39 38 125 158
39 4 86 112
40 104 109 146 166 169 194
40 7 49 64 138 140 172
40 28 57 101 163 186
40 5 18 47 175
40 41 104 115 185
40 32 44 83 149
40 11 55 104 158
40 10 31 143 179
40 80 135 136 160
40 62 128 146 176
40 53 120 130
40 109 136 185
40 63 158 196
40 25 82
40 90 111
40 66 144
40 33 178
40 49
41 7 102 113 116 179 190
41 9 12 16 68 169 171
41 1 23 65 77 95
41 9 74 92 162 199
41 34 44 61 68 127
41 4 90 120 187 198
41 10 40 50 55 65
41 54 135 167 173
41 144 177 181 186
41 20 54 88
41 87 121 141
41 2 78 141
41 29 36 158
41 97 158 169
41 95 178 186
41 41 133
41 18 98
41 4 50
42 7 21 22 29 104 123 124 135 163
42 7 37 56 68 99 107 121
42 56 107 146 152 164 176
42 35 54 132 141 173 197
42 16 64 66 87 157 190
42 28 152 166 180
42 14 44 53 112
42 55 79 137 168
42 3 41 56 104
42 1 19 77
42 14 59 86
42 62 121 178
42 26 61 186
42 60 119 138
42 93 98 156
42 38 53 178
42 100 103 136
43 13 23 92 125 137 158 159 169
43 26 42 44 65 107 180
43 55 57 60 82 105 136
43 97 106 127 131 153 157
43 2 95 116 163 199
43 36 56 100 152 156
43 17 25 99 112 161
43 9 30 67 74 135
43 11 51 176 185
43 7 13 110 130
43 25 26 45 170
43 3 83 186
43 68 110 121
43 48 78
43 31 141
44 2 13 27 74 128 140 159
44 7 29 58 87 141 188
44 47 65 108 120 142
44 5 24 39 43 119
44 1 16 70 100 109
44 109 164 191 197
44 41 59 106 145
44 54 102 107 169
44 80 86 166 192
44 1 16 42 117
44 10 60 101 162
44 51 98 149
44 54 106 173
44 49 150 177
44 122 175 188
44 80 104
44 26 121
44 189 191
44 119 124
44 86 169
45 30 31 91 93 123 148 163
45 43 62 140 169 194 198
45 21 77 99 166 173 181
45 35 41 84 119 140 161
45 31 66 132 145 191 195
45 70 72 74 173 174
45 39 94 115 135 177
45 36 62 117 120
45 151 155 159 170
45 30 84 148 197
45 14 91 141 166
45 113 117 149
45 7 141 154
45 89 168
45 73 137
45 52 133
45 109 198
45 89
46 13 20 67 78 96 108 133 159 161 188
46 29 68 83 95 150 158 159 173 183
46 94 147 186 191 199
46 7 105 165 172 194
46 11 27 29 73 166
46 83 89 120 151 167
46 3 21 46 74
46 44 114 142 148
46 0 42 58 79
46 124 126 174 180
46 5 6 27 86
46 34 95 136 160
46 67 153 157 168
46 123 136 174 189
46 25 48 118
46 12 164 168
46 33 80 104
46 21 90 97
46 45 82 115
46 83 137 190
46 45 65
46 88 139
46 133 138
47 10 16 66 67 127 135 174 175
47 101 116 119 151 171 199
47 3 137 142 147 154
47 54 66 103 157 158
47 13 81 96 174 194
47 131 139 161 162
47 7 57 155 181
47 14 141 154 197
47 6 25 96 156
47 68 104 115
47 109 131 156
47 116 131
47 83 100
47 15 132
48 17 78 88 122 155 175 189
48 26 44 53 161 184
48 30 76 78 90 143
48 4 41 51 90 116
48 39 51 107 138 151
48 31 70 79 141
48 7 110 116 132
48 81 85 141 171
48 84 135 136
48 77 154 199
48 33 76 124
48 99 135 196
48 80 159 184
48 17 18
48 60 137
49 23 47 55 62 66 77 144 184
49 1 7 71 96 170
49 55 65 86 120 193
49 50 56 79 119 171
49 3 109 126 138 164
49 84 85 133 147 186
49 21 120 157 163 166
49 64 111 116 128 174
49 93 98 161 199
49 9 20 21 41
49 86 91 107 182
49 49 115 129 154
49 58 104 130
49 77 137 148
49 93 114
49 86 156
49 67 171
49 146
49 50
50 6 11 18 21 85 134 178 196
50 4 6 52 65 68 108 139
50 39 42 97 110 145 186 188
50 54 59 88 92 104
50 5 66 125 158
50 77 119 138 163
50 3 5 107 194
50 33 77 162 172
50 85 147 173
50 3 108 189
50 54 155 173
50 114 130
50 87 102
50 31 44
51 13 15 18 31 77 109 135 188
51 11 62 106 116 121 142
51 1 24 59 97 107 188
51 3 31 90 138 191
51 25 143 154 166 197
51 102 118 150 158 195
51 20 58 114 161 179
51 43 108 139 192
51 5 46 71 108
51 1 125 132 179
51 89 143 155
51 96 134 198
51 84 130 138
51 19 22 147
51 53 74
51 16 98
51 118
51 24
52 50 56 118 123 160 172 185
52 17 23 53 142 143 165
52 5 41 71 142 177
52 2 4 23 136 180
52 37 46 48 77 136
52 29 33 185 189
52 74 82 141 174
52 2 17 83
52 103 123 151
52 185
53 41 103 110 111 141 149 188
53 89 129 137 163 181 186
53 22 48 50 79 98 158
53 21 63 76 79 122 188
53 30 75 142 150 165
53 45 111 124 143 151
53 4 55 123 146 184
53 37 39 91 100 184
53 23 109 161 182 196
53 63 109 149 163 190
53 1 18 78 128 141
53 86 101 145 147
53 22 155 160 183
53 28 102 134
53 52 83 158
53 27 184
53 9 54
53 74
53 44
54 1 18 43 56 150 184
54 5 41 95 116 120 147
54 68 84 92 97 160
54 25 102 134 155
54 87 111 130 134
54 60 65 90 102
54 22 28 106 179
54 0 8 107 144
54 84 150 199
54 147 148 195
54 17 76 166
54 34 162 185
54 20 25 86
54 23 52 193
54 17 50
54 47 105
54 35 80
54 45 138
54 142
54 103
55 21 22 25 92 111 197 198
55 68 79 117 132 146 150 165
55 10 56 64 130 139 180 191
55 18 43 74 119 137 195
55 92 120 147 157 158 183
55 59 116 155 157 164
55 30 50 57 140 186
55 29 107 127 148 177
55 83 84 103 176
55 50 105 162 186
55 18 102 113 179
55 31 160 191
55 93 110 187
55 22 27 143
55 25 73 140
55 37 100 166
55 33 72
55 25 81
55 125 156
55 197
55 99
56 40 117 120 153 172 198
56 83 87 104 132 139 177
56 29 45 175 184 188
56 16 38 44 63 175
56 10 23 98 102 194
56 5 66 85 141 177
56 32 44 54 96
56 36 106 132 144
56 33 35 182 193
56 51 104 106 167
56 8 85 152
56 102 114 127
56 99 141 168
56 12 25 114
56 7 98
56 24 188
56 79 102
56 39 125
56 160 188
56 29 125
56 52 106
56 56 61
56 140
57 47 53 69 91 97 118
57 19 27 51 90 132 141
57 46 53 72 99 129
57 27 32 42 86 130
57 61 86 93 176
57 24 27 37 156
57 82 95 137 197
57 75 93 128 147
57 82 136 154 159
57 19 39 132
57 59 76 154
57 25 64 116
57 49 155
57 43 177
57 12
57 57
58 12 13 63 72 78 125 172
58 65 104 118 137 139 150 151
58 40 78 113 147 175 190
58 27 28 35 58 146 186
58 1 117 145 167 176
58 2 132 166 168 187
58 31 82 96 97 131
58 22 65 95 122 180
58 16 44 98 170
58 54 77 138 140
58 44 70 169 194
58 105 126 142 194
58 9 52 73 183
58 67 106 110 157
58 67 92 178
58 115 172 183
58 69 113 118
58 59 103 170
58 49 64 194
58 0 99
59 15 48 68 81 120 144 158 169
59 12 30 92 164 194 196 199
59 90 113 136 139 141 160
59 19 53 65 85 146
59 9 11 16 23 175
59 19 33 35 151 175
59 57 73 118 147
59 58 83 187 192
59 46 141 157 162
59 50 134 170
59 99 191 193
59 14 162 167
59 24 42 69
59 68 199
59 149 171
59 197
60 27 47 127 139 154 170 195
60 12 29 52 73 94 96 156
60 14 33 44 82 92 186
60 50 68 79 98 178
60 20 25 65 80 150
60 34 53 65 93 158
60 10 26 40 56 106
60 23 57 76 183
60 29 53 67 95
60 72 102 106 179
60 5 137 149 151
60 64 108 120 126
60 7 42 111 132
60 42 88 155 185
60 0 27 39 132
60 30 55 78 106
60 13 30 127 157
60 62 84 133
60 7 103 151
60 36 90 187
60 83 158 182
60 37 180
60 74 105
60 131 138
60 36 71
60 58 102
60 28
61 7 34 52 63 131 146 175 187
61 20 34 65 74 77 106 155
61 21 26 75 125 151 174
61 54 87 92 97 149 169
61 16 18 54 129 184
61 18 34 41 114 124
61 30 69 72 155 185
61 22 73 180 194
61 6 90 94 107
61 80 91 172 193
61 31 100 111 151
61 18 33 95 169
61 55 120 132 138
61 15 179 182
61 65 67 73
61 3 5 147
61 0 162 177
61 50 120 174
61 47 70 186
61 31 123 159
61 33 54 145
61 178 198
62 6 27 36 44 59 69 70 72 109 110
62 2 37 52 65 87 93 104 148 182
62 27 56 71 118 126 151 178
62 21 22 27 72 96 113 149
62 38 84 87 95 97 122 158
62 6 29 58 131 157 176
62 0 2 19 97 100
62 0 31 62 116 187
62 41 63 90 189
62 13 133 154 174
62 54 83 172
62 23 52 174
62 45 138 161
62 73 99 169
62 12 40 165
62 17 149 180
62 2 132 168
63 22 23 68 92 121 191 198
63 45 54 151 162 176 195
63 33 60 111 119 131 190
63 63 81 114 145 167
63 19 62 103 141 189
63 5 30 43 76 156
63 18 33 50 130
63 110 138 190 191
63 48 111 129 138
63 29 107 168 193
63 44 129 141
63 13 117 191
63 0 29
63 28 153
63 98 150
64 52 144 169 177 179 182
64 2 66 70 98
64 19 74 133 169
64 57 140 153 190
64 5 42 64 89
64 8 74 90 130
64 27 87 131 156
64 6 20 76 137
64 6 77 88
64 29 156 165
64 128 139 152
64 37 133 185
64 50 191
64 4 115
64 160
64 123
65 11 41 48 52 86 162 180 194
65 42 96 100 123 181 195
65 42 65 80 82 139 154
65 38 129 131 160 171 188
65 47 54 108 195 199
65 14 65 67 69 168
65 24 88 146 164
65 33 64 75 79
65 54 74 93 99
65 27 42 79 171
65 38 42 123 162
65 57 93 135 158
65 4 81 160 198
65 12 80 87 161
65 32 61 142 178
65 20 29 108 191
65 52 128 189
65 79 98 128
65 80 147 184
65 68 69 157
65 20 34 54
65 88 120
65 92 149
65 61 81
65 45 83
65 152
65 70
65 102
66 14 28 48 117 126 192 195
66 40 64 81 92 124 142 166
66 67 73 89 144 171 192 199
66 52 72 110 112 127 157
66 49 57 71 89 92 138
66 22 77 81 117 150 172
66 5 53 73 117 125
66 90 116 150 171 174
66 25 68 87 172
66 36 100 187 197
66 7 98 128
66 108 114 193
66 45 47 69
66 108 174 182
66 80 108 188
66 26 106
66 8 42
66 14 19
66 40 66
66 77 164
67 10 61 100 148 154 155 169
67 22 53 102 129 132 192
67 7 57 61 125 163
67 4 37 70 146 183
67 6 36 65 129 165
67 70 81 97 150 181
67 13 84 95 110 152
67 7 25 63 77 173
67 19 84 108 126 169
67 19 36 51 86 134
67 3 49 124 137 160
67 37 48 52 102
67 3 82 105 136
67 59 78 87 171
67 45 162 181 195
67 19 31 118
67 0 68 76
67 49 69 133
67 26 27 98
67 52 69 171
67 3 166
67 45 169
67 87 192
67 58 115
68 7 8 31 34 49 116 135 153 154 179 191
68 17 37 81 83 135 156 188
68 26 70 87 113 143 151 154
68 0 14 31 95 132 191
68 1 75 81 122 147 167
68 0 38 66 85 107
68 30 40 48 77
68 26 52 109 166
68 119 124 157 164
68 18 23 166 192
68 38 133 139 143
68 43 124 133 137
68 37 92 135 167
68 37 97 143
68 50 148 177
68 158 172 188
68 23 110 135
68 30 133
68 139 192
68 15 186
68 59 90
68 196
68 135
69 20 33 35 100 101 126 191
69 26 90 108 116 130 149 180
69 37 43 47 132 151 178
69 5 27 38 76 111 133
69 24 39 132 142 151 177
69 48 97 107 145 178 194
69 6 21 107 159
69 21 24 39
69 3 87 158
69 126 163 191
69 44 138 156
69 6 124 195
69 14 21 29
69 109 116 191
69 17 58 105
69 8 133
69 86 104
69 13 181
69 173
70 3 73 80 120 122 155 174 179
70 3 6 18 68 120 131 163 166
70 2 100 106 135 142 158
70 53 61 64 123 153 172
70 58 65 81 114 131
70 8 36 111 177 195
70 37 122 137 184 196
70 25 47 60 86 114
70 102 126 165 196
70 1 42 78 91
70 99 122 168 182
70 5 92 167
70 33 42 124
70 32 89 152
70 50 141 154
70 112 192
70 108
71 1 9 68 78 83 125 142 172 179
71 28 66 87 106 116 154 169
71 0 48 70 158 164 183
71 17 38 50 155 158
71 21 65 124 133 164
71 4 17 30 87 138
71 6 45 72 150 157
71 35 74 159 167 183
71 45 47 53 140 184
71 135 140 173 177 185
71 32 52 71 156
71 37 67 88 102
71 47 75 107 123
71 5 54 78 181
71 46 88 161 190
71 73 84 137 159
71 39 42 66
71 47 76 167
71 24 65 111
71 9 35 66
71 18 40 99
71 64 90
71 60 92
71 175 194
71 193
71 18
72 5 10 82 105 145 188
72 53 152 155 168 169
72 40 45 46 93 192
72 59 63 82 126 144
72 6 72 80 187 197
72 33 90 123 183
72 29 64 127 173
72 50 94 144 176
72 22 74 102 112
72 79 95 96 100
72 45 91 108
72 46 153 197
72 24 113 153
72 3 35 83
72 22 67 134
72 133 134 182
72 32 190
72 14 150
73 14 82 109 115 149 154 160
73 22 36 51 100 139 173
73 49 56 149 152 168 193
73 68 95 107 130 153 185
73 9 27 81 141 158 174
73 16 75 77 110 128 183
73 5 55 102 131 189
73 21 50 87 168 170
73 45 70 114 148 165
73 43 55 57 126 138
73 13 30 52 76 129
73 8 50 102 113 134
73 57 94 116 168
73 41 89 117 125
73 36 70 93 106
73 3 105 127 135
73 33 147 164 166
73 51 106 158 194
73 37 95 123 194
73 31 104 125 156
73 22 29 88 144
73 158 194 197
73 46 110 155
73 93 131 156
73 37 51 165
73 40 136
73 180
74 0 3 6 107 111 118 146
74 39 82 114 154 159
74 5 92 93 119 129
74 9 56 126 133 177
74 0 75 121 185
74 28 46 65 134
74 45 128 134 176
74 29 122 137 196
74 35 98 114
74 137 147 162
74 138 149 173
74 80 104 118
74 75 149 199
74 33 34 39
74 114 149 156
74 0 21 39
74 57 80 93
74 92 101
74 112 138
74 31 165
74 135 163
74 157
74 126
75 12 22 29 51 53 58 129 131
75 4 21 28 44 136 166 167
75 54 66 78 101 112 141 160
75 1 34 38 56 97
75 16 81 100 153 176
75 8 47 71 165 197
75 81 85 90 101 169
75 28 124 133 165 166
75 1 73 83 102 157
75 14 37 154 179 185
75 17 37 159 166
75 11 19 146 177
75 29 42 93 153
75 155 168 176
75 28 102 182
75 117 159
75 125 183
76 18 20 40 49 73 135 159 161
76 73 81 83 146 154 164
76 9 54 56 131 160 163
76 7 47 80 88 125 178
76 13 35 71 99 140 158
76 8 32 107 111 131 188
76 22 38 115 161 195
76 42 81 109 153 182
76 73 100 175 178 194
76 31 101 163 179 193
76 61 131 137 142
76 9 82 104 176
76 61 98 105 181
76 3 15 112 180
76 22 98 124 131
76 77 102 175
76 63 186 197
76 67 106 138
76 40 109 116
76 51 53 99
76 29 182
76 83 146
76 42
77 12 71 104 113 129 148 199
77 4 20 35 114 144 172
77 64 91 119 157 188
77 77 80 128 154 178
77 37 51 53 128 170
77 9 88 109 113
77 5 120 159 180
77 59 91 135 155
77 81 125 135
77 134 176 181
77 42 49 110
77 23 51
77 114 127
77 70 173
77 100 126
77 41 115
77 108
77 11
78 16 33 35 47 77 88 94 115
78 71 76 101 121 134 147 194
78 20 53 67 71 105 116 160
78 4 23 29 92 100 179
78 28 39 48 84 119 185
78 35 61 67 84 124 171
78 3 58 76 78 156 168
78 15 37 85 96 142 178
78 51 73 92 141 152 157
78 43 135 142 149 165
78 74 79 132 144 189
78 16 54 65 124 149
78 68 95 125 137 190
78 1 6 21 100
78 28 106 138 163
78 77 86 187 189
78 27 69 142 155
78 23 126 127 155
78 14 56 162
78 26 30 73
78 108 130 176
78 11 14 184
78 2 71 190
78 79 186
78 64 91
79 32 71 85 111 123 144 145 160
79 30 34 41 87 146 149
79 61 66 71 145 162 190
79 8 21 26 109 154 190
79 24 47 97 165 182
79 7 43 76 143 168
79 15 22 106 155 190
79 31 50 52 59 78
79 6 13 27 75 138
79 18 50 58 158 198
79 14 67 70 133 178
79 25 85 129 196
79 6 80 114 160
79 27 29 65 125
79 0 31 82 146
79 2 54 75 173
79 14 30 41 85
79 21 49 184
79 26 52 77
79 71 108 144
79 61 76 171
79 15 93 167
79 19 46
79 25 182
79 76 79
79 55 194
79 36
80 51 90 131 157 164 180
80 52 86 95 97 112 135
80 0 92 124 148 174 194
80 4 10 41 59 174
80 34 71 79 97 154
80 25 33 51 121 192
80 10 21 50 91 192
80 92 117 126 128 136
80 5 9 12 39
80 71 81 116 174
80 14 51 100 152
80 81 140 181 182
80 52 88 148 152
80 7 104 133 147
80 6 56 81 108
80 42 107 118
80 74 101 179
80 27 47 84
80 106 133 148
80 11 78 82
80 104 112
80 79 137
80 99
81 35 55 72 78 80 145 149 155 184
81 19 33 44 45 48 93 103 129 144
81 7 115 125 126 138 140
81 59 62 129 141 177
81 16 86 92 126 129
81 79 96 114 117 188
81 10 72 87 170 178
81 4 5 38 117
81 59 82 129 178
81 65 74 146
81 94 143 165
81 34 118 183
81 4 7 175
81 90 104 123
81 41 99 109
81 38 94 174
81 41 126
81 64 104
81 149 191
81 14 164
81 82
82 22 92 97 101 107 118 128 172
82 5 7 45 113 126 166
82 7 70 99 177 199
82 32 86 162 164
82 12 34 131 167
82 3 41 113 184
82 84 101 106 116
82 14 48 77 137
82 5 42 98
82 35 59 96
82 47 101 174
82 75 99 196
82 49 120 158
82 90 175
82 32 106
82 9 123
83 79 90 97 101 158 166 191
83 27 70 94 130 183 186
83 3 11 28 68 71 77
83 16 49 78 107 155 172
83 21 29 53 86 111
83 30 160 167 183 197
83 12 88 109 133 143
83 71 85 106 124 186
83 103 121 128 144 173
83 53 125 179 185
83 15 32 115 180
83 1 28 144 187
83 115 116 142 193
83 39 103 130
83 47 81 129
83 77 126 176
83 109 133 167
83 31 52 77
83 51 54 91
83 91 138 179
83 16 27 74
83 80 84
83 20 170
83 1 74
83 14 175
83 142 148
84 27 29 88 103 106 157 181
84 16 33 34 48 76 138 198
84 43 102 107 116 124 187 191
84 41 45 46 71 97 107
84 4 109 137 148 179
84 60 100 142 180 186
84 18 31 64 102 154
84 106 142 163 165 184
84 43 61 92 107
84 50 109 122 181
84 56 107 121
84 0 6 194
84 9 182
84 0 196
85 62 72 114 115 123 133 149
85 51 52 97 178
85 44 84 88 143
85 21 90 111 151
85 3 144 176
85 42 127 155
85 85 150 185
85 30 62 148
85 95 145 169
85 19 25 29
85 1 113 121
85 27 91 126
85 26 75 185
85 116 183
85 134
86 9 49 69 103 146 148 169
86 35 82 133 149 178 197
86 20 34 68 102 113 136
86 87 106 125 186 197
86 46 53 130 134 153
86 44 54 120 198
86 77 188 193 194
86 23 46 59 143
86 5 31 129
86 3 29 54
86 60 143 183
86 153 177 193
86 24 41
86 154 188
86 63
87 8 25 59 127 133 158 179
87 3 60 148 173 181 196 197
87 13 39 45 87 126 150 174
87 47 63 78 96 145 147
87 19 77 104 139 141 187
87 54 70 98 117 158 189
87 2 67 75 163 164 190
87 27 106 137 158 172
87 1 17 63 85 117
87 7 64 96 146 156
87 4 28 87 91 139
87 2 89 109 136
87 56 87 121 123
87 47 81 102 107
87 78 161 189 191
87 1 23 61 71
87 15 34 177
87 4 73
87 11 127
87 39 197
87 67
88 1 78 97 118 163 176 181
88 32 33 55 68 106 109 182
88 19 75 82 95 109 186
88 25 76 93 117 126
88 14 39 48 70 135
88 73 104 120 151 189
88 25 55 62 102 188
88 0 58 85 124
88 81 96 148 187
88 22 86 134 142
88 24 88 157 181
88 15 57 106 140
88 54 113 199
88 18 84 190
88 84 103 170
88 53 97 164
88 23 105 118
88 116 141 194
89 16 43 53 70 79 90 129 182
89 18 37 55 67 90 111 170
89 43 50 109 119 152 195
89 8 34 62 90 165 194
89 11 36 74 138 156 170
89 20 26 35 74 97 142
89 16 71 82 162 198
89 35 59 69 100 135
89 5 67 124 182 190
89 2 68 158 184
89 55 134 156 182
89 18 89 142 160
89 1 7 128 194
89 33 59 69 194
89 19 69 167
89 81 96 126
89 81 95 146
89 20 143 185
89 32 42 156
89 66 85 130
89 47 73 119
89 42 179
89 77 196
89 103
89 167
89 175
90 4 36 50 64 70 117 124 146
90 1 32 81 125 141 162 181
90 15 40 76 81 153 158 182
90 1 78 81 147 165 194
90 16 33 62 88 97 173
90 6 70 107 122 164
90 27 28 178 181 185
90 7 15 17 66 121
90 40 42 94 125 165
90 71 74 79 133
90 42 62 101
90 19 168 170
90 15 130
90 70 94
90 75 123
90 111 189
90 192
90 6
91 6 31 36 68 86 141 158
91 33 37 62 91 119 169
91 29 43 139 143 182 189
91 16 28 90 148 154
91 32 106 132 134 163
91 30 68 97 152 190
91 50 54 58 83 181
91 0 14 24 72 126
91 24 36 98 132 144
91 53 62 85 99 133
91 7 70 127 183
91 6 45 82 111
91 63 112 158 194
91 68 94 119 130
91 116 128 189 195
91 91 140 152
91 7 101 143
91 35 55 154
91 131 142 177
91 71 80 174
91 62 89 164
91 49 143 146
91 109 146
91 115 152
91 27 126
91 21 77
92 12 13 29 58 88 115 152 173 187
92 1 16 70 102 103 118 175 179
92 69 81 93 103 112 181 199
92 7 41 59 70 74 137
92 38 43 61 82 164 188
92 43 67 101 109 125 191
92 43 102 151 152 174
92 13 39 48 58 98
92 8 27 137 152 157
92 72 95 133 148
92 8 38 197
92 85 162 174
92 92 157 185
92 41 60 105
92 75 84
92 107 181
92 82 181
92 186 188
92 19 67
92 44 58
92 155 160
92 63 80
92 64 77
92 1
93 23 28 71 89 134 148 149 199
93 12 81 95 116 138 170 175
93 19 31 32 80 84 100 145
93 13 20 73 114 143 197
93 71 75 87 110 137 163
93 48 81 128 140 168 172
93 5 46 137 149 176 180
93 5 10 33 43 69 131
93 0 85 98 109 174
93 1 50 90 143 193
93 62 82 87 88 157
93 23 59 99 120 130
93 6 18 160 169 178
93 32 124 163 189
93 8 53 84 199
93 62 70 95 172
93 6 25 51 97
93 15 85 87 103
93 30 31 128 159
93 90 96 105 126
93 19 34 59 74
93 1 15 68 198
93 11 23 127 136
93 44 119 187
93 72 151 168
93 2 110 128
93 107 162 180
93 1 54 106
93 161 166 175
93 1 83 125
93 51 96 104
93 22 84 94
93 149 171 191
93 67 161
93 18 165
93 166
94 7 22 53 106 112 146 186
94 58 69 96 153 172 183
94 96 99 118 152 177 182
94 35 79 123 148 157 175
94 17 98 139 158 189
94 1 12 53 88
94 38 54 66 141
94 45 46 75 143
94 47 49 113 135
94 21 49 58 75
94 111 128 137 186
94 83 110 170 187
94 156 165 171
94 27 105 146
94 18 19 117
94 67 75 193
94 177 183
94 23 27
94 22
95 25 62 70 88 142 144 186
95 35 59 75 127 145 182
95 36 52 140 156 165
95 2 49 70 121 183
95 22 59 64 198
95 52 94 152 169
95 64 86 91 147
95 95 119 196 197
95 100 104 114 194
95 21 45 46 71
95 21 76 79 167
95 91 122 125 129
95 45 56 122 133
95 72 75 186
95 34 100 123
95 94 130 179
95 42 129 191
95 81 85 198
95 39 59 173
95 6 116 174
95 5 37 119
95 23 66 116
95 15 166 177
95 58 95 99
95 78 133
95 182 196
95 46 116
95 27
95 32
96 6 9 39 86 91 102 141 146
96 65 80 139 140 166 169 170 183
96 41 48 83 102 104 129 146
96 37 64 95 118 172 176
96 32 41 101 144 158 163
96 17 31 102 165 185
96 19 59 75 103 142
96 48 69 92 120 182
96 12 34 59 107 130
96 2 16 68 108
96 77 136 151 196
96 57 123 142
96 39 47 158
96 40 65 114
96 3 73 117
96 163
97 4 16 52 79 82 108 121 168
97 7 105 109 119 165 166 195
97 35 114 135 178 187 198
97 15 54 80 85 158 171
97 22 39 113 176 195 199
97 7 55 75 181 191
97 4 15 29 109 149
97 11 84 170 173 199
97 38 41 117 160
97 91 117 119 121
97 3 81 169 177
97 71 87 105 148
97 5 95 140
97 8 53 137
97 3 85 113
97 38 99 139
97 74 141 159
97 127 143 164
97 73 172
97 99 190
97 67 92
97 90 104
97 175
97 17
98 17 37 78 86 149 166 169 177
98 47 55 61 67 99 114 167
98 65 81 102 106 126 149 178
98 36 118 145 155 167 180 184
98 39 55 69 127 166 169
98 14 66 71 72 78 81
98 43 122 124 146 195
98 70 89 142 150 160
98 81 121 122 146 198
98 21 23 58 175 176
98 2 11 90 126 152
98 86 90 168 182
98 83 104 137 191
98 18 31 37 158
98 88 127 138 153
98 8 54 106 193
98 33 40 58 169
98 17 96 110
98 109 135 183
98 72 164 190
98 69 71 154
98 5 34 139
98 111 125
98 6 30
98 102
98 126
99 26 45 47 83 145 177
99 21 75 128 165 167 176
99 1 10 25 34 93 174
99 22 27 54 57 167
99 21 66 106 177
99 89 99 114 181
99 69 108 194 195
99 95 120 135 160
99 105 138 153 157
99 40 82 143
99 36 83 104
99 6 34 42
99 43 74 90
99 70 86 114
99 154 196
99 29 96
99 198
100 29 55 69 74 115 129 157 175
100 31 32 43 50 93 153 167 198
100 14 74 89 100 140 156 163
100 58 99 116 150 161 179
100 82 85 110 113 191 192
100 48 81 82 138 191
100 12 162 166 171 196
100 21 39 83 116 197
100 20 56 87 102 103
100 13 59 65 116
100 16 83 120 155
100 80 81 85 186
100 44 166 187 193
100 36 134 176
100 71 138
100 73 107
