454 2241
490 6 7 8 9 10 11 12 13 14 15 16
480
309 7 8 9 10 11 12 13 14 15 16 17
253 0 1 2 3 4 5 6
480 0 1 2 3 4 5
265 0 1 2 3 4 5 6 7 8 9 10
492 11 12 13 14 15 16 17
480 35 36 37 38 39 40 41 42 43 44 45
480 47 48
256 36 37 38 39 40 41 42 43 44 45 46
480 48
480 18 19 20 21 22 23 24 25 26 27 28
326
270 30 31 32 33 34 35
498 56 57 58 59 60 61 62 63 64 65 66
480
319 57 58 59 60 61 62 63 64 65 66 67
257 49 50 51 52 53 54 55 56
513 49 50 51 52 53 54 55
480 49 50 51 52 53 54 55 56 57 58 59
480
480 49 50 51 52 53 54 55 56 57 58 59
634 60 61 62 63 64 65 66 67
307 61 62 63 64 65 66 67
480 68 69 70 71 72 73 74 75 76 77 78
480
480 80 81 82 83 84 85 86 87 88 89 90
480 68 69 70 71 72 73 74 75 76 77 78
358 79 80 81 82 83 84 85 86 87 88 89
513
564 91 92 93 94 95 96 97
480 98 99 100
480 91 92 93 94 95 96
311 97 98 99 100
570 101 102 103 104 105 106
520 107 108 109 110 111 112
480 101 102 103 104 105
651 106 107 108 109 110 111 112
254 122 123 124 125 126 127 128 129
516 123 124 125 126 127 128 129
267 113 114 115 116 117 118
480 119 120 121 122
307 130 131 132 133 134 135
480 136 137 138 139 140 141
329 130 131 132 133 134
207 135 136 137 138 139 140 141
144 142 143 144 145
481 150 151 152 153 154 155
480 146 147 148 149
877 160 161 162 163
130 156 157 158 159
142 156 157 158 159 160 161
152 162 163
160 164 165 166 167
120 168 169
120 170 171 172 173 174 175
120 170 171 172 173 174
263 175 176 177 178 179 180 181 182 183
489 184 185
134 186 187 188
480 189 190
156 191 192 193
526 194 195
131 196 197
193 198 199
120 200 201 202 203
120 206 207 208 209 210 211
129 204 205
120 204 205 206 207 208
120 209 210 211
546 212 213 214 215 216 217 218
325 219 220
480 221 222
480 223 224
531 225 226
268 227 228
523 229 230
273 231 232
480 233 234 235 236 237 238 239 240
360 241 242 243 244
480 233 234 235 236 237 238 239
480 240 241 242 243 244
568 250 251 252 253 254 255 256
480 245 246 247 248 249
567 245 246 247 248 249 250 251 252
480 253 254 255 256
480 263 264 265 266 267 268 269
484 257 258 259 260 261 262
291 257 258 259 260 261 262 263
558 264 265 266 267 268 269
480 281 282 283 284 285 286 287 288 289 290
343 282 283 284 285 286 287 288 289 290
242 270 271 272 273 274 275 276 277
135 270 271 272 273 274 275 276
214 277 278 279 280 281
120 296 297 298 299 300 301 302
120 291 292 293 294 295
120 291 292 293 294 295 296 297 298
120 291 292 293 294 295 296 297
120 298 299 300 301 302
513 299 300 301 302
250 303 304 305
496 306 307 308 309
261 310 311
136 312 313
124 314 315
511 316
480 317
283 322 323 324 325 326 327 328
149 318 319 320 321
531 318 319 320 321 322 323 324
120 325 326 327 328
120 329 330 331
152 332 333
120 334 335 336 337 338 339 340 341 342
120 343 344 345 346 347 348 349 350 351
120 352 353 354 355 356
120 357 358 359
120 360 361 362 363 364 365 366 367 368
480 369 370
354 371 372
480 373 374 375
355 376 377
480 378 379
480 380 381
480 382 383
480 384 385
484 394 395 396 397 398 399 400
480 386 387 388 389 390 391 392 393
480 386 387 388 389 390 391 392 393 394 395
507 396 397 398 399 400
571 401 402 403 404 405 406 407 408 409
495 410 411 412 413 414 415 416 417
481 401 402 403 404 405 406 407 408
585 409 410 411 412 413 414 415 416 417
546 418 419 420 421 422 423 424 425 426
611 427 428 429 430 431 432 433 434
544 418 419 420 421 422 423 424 425
602 426 427 428 429 430 431 432 433 434
490 435 436 437 438 439 440 441 442 443 444 445
582
665 447 448 449 450 451 452 453
600 435 436 437 438 439 440 441 442 443 444 445
635 446 447 448 449 450 451 452 453
633 134 135 233 234 235 236 237 238
587 233 234 235 236 237 238 323 324 325
480 91 92 93 94 95 134 135
489 91 92 93 94 95 323 324 325
639 239 240 241 401 402 403 404 405 406
600 6 7 8 9 10 11 401 402 403 404 405
681
695 118 119 120 401 402 403 404 405 406
480 96 97 98 401 402 403 404 405 406
498 262 263 264 265 401 402 403 404 405 406
695 76 77 78 79 80 81 82 401 402 403 404
709 406
480 56 57 58 59 60 61 401 402 403 404 405
516
603 134 135 401 402 403 404 405 406
594 323 324 325 401 402 403 404 405 406
558 76 77 78 79 80 81 82 386 387 388 389
632 391 392
646 56 57 58 59 60 61 386 387 388 389 390
480 392
532 276 277 278 279 386 387 388 389 390 391 392
480 174 175 176 177 386 387 388 389 390 391 392
615 134 135 386 387 388 389 390 391 392
579 323 324 325 386 387 388 389 390 391 392
652 276 277 278 279 418 419 420 421 422 423
666 174 175 176 177 418 419 420 421 422 423
480 134 135 418 419 420 421 422 423
552 323 324 325 418 419 420 421 422 423
480 262 263 264 265 291 292 293 294 295
559 76 77 78 79 80 81 82 291 292 293 294
480
555 56 57 58 59 60 61 291 292 293 294 295
522 276 277 278 279 291 292 293 294 295
595 174 175 176 177 291 292 293 294 295
540 134 135 291 292 293 294 295
568 134 135 204 291 292 293 294 295
559 291 292 293 294 295 323 324 325
523 76 77 78 79 80 81 82 101 102 103 104
596 56 57 58 59 60 61 101 102 103 104
610 101 102 103 104 276 277 278 279
511 101 102 103 104 174 175 176 177
480 101 102 103 104 134 135
683 101 102 103 104 134 135 204
697 101 102 103 104 323 324 325
480 26 27 28 29 30 31 32 245 246 247 248
584
513 239 240 241 245 246 247 248 249
506 204 239 240 241 245 246 247 248 249
570 6 7 8 9 10 11 245 246 247 248 249
636 118 119 120 245 246 247 248 249
650 96 97 98 245 246 247 248 249
480 245 246 247 248 249 262 263 264 265
537 76 77 78 79 80 81 82 245 246 247 248
480
652 56 57 58 59 60 61 245 246 247 248 249
666 245 246 247 248 249 276 277 278 279
480 174 175 176 177 245 246 247 248 249
552 134 135 204 245 246 247 248 249
486 245 246 247 248 249 323 324 325
501 113 114 115 116 117 276 277 278 279
574 113 114 115 116 117 174 175 176 177
519 113 114 115 116 117 134 135
547 113 114 115 116 117 134 135 204
538 113 114 115 116 117 323 324 325
502 204 270 271 272 273 274 275
566 56 57 58 59 60 61 435 436 437 438 439
580 441
503 276 277 278 279 435 436 437 438 439 440 441
480 174 175 176 177 435 436 437 438 439 440 441
499 134 135 435 436 437 438 439 440 441
661 134 135 204 435 436 437 438 439 440 441
675 323 324 325 435 436 437 438 439 440 441
480 18 19 20 21 22 23 24 25 276 277 278
562
501 18 19 20 21 22 23 24 25 174 175 176
523
480 18 19 20 21 22 23 24 25 134 135
492 18 19 20 21 22 23 24 25 134 135 204
480 18 19 20 21 22 23 24 25 323 324 325
541 6 7 8 9 10 11 142 143 144 145
612 118 119 120 142 143 144 145
574 96 97 98 142 143 144 145
504 142 143 144 145 262 263 264 265
577 76 77 78 79 80 81 82 142 143 144 145
480 56 57 58 59 60 61 142 143 144 145
494 142 143 144 145 276 277 278 279
518 142 143 144 145 174 175 176 177
515 134 135 142 143 144 145 204
480 142 143 144 145 323 324 325
538 130 131 132 133 204
609 257 258 259 260 261 276 277 278 279
571 174 175 176 177 257 258 259 260 261
504 134 135 257 258 259 260 261
480 134 135 204 257 258 259 260 261
589 257 258 259 260 261 323 324 325
480 68 69 70 71 72 73 74 75 323 324 325
480 164 165 166 167 393 394 395 396 397
480 105 106 107 108 164 165 166 167
572 164 165 166 167 442 443 444 445 446
487 164 165 166 167 204 442 443 444 445 446
501 164 165 166 167 369 370 442 443 444 445 446
515 164 165 166 167 376 377 442 443 444 445 446
493 150 151 152 164 165 166 167
559 164 165 166 167 424 425 426 427 428 429
520 26 27 28 29 30 31 32 164 165 166 167
480 164 165 166 167 204 239 240 241
625 164 165 166 167 239 240 241 369 370
586 164 165 166 167 239 240 241 376 377
493 6 7 8 9 10 11 164 165 166 167
514 6 7 8 9 10 11 164 165 166 167 204
514 6 7 8 9 10 11 164 165 166 167 369
493
548 6 7 8 9 10 11 164 165 166 167 376
514
493 118 119 120 164 165 166 167
562 96 97 98 164 165 166 167
523 96 97 98 164 165 166 167 376 377
493 164 165 166 167 262 263 264 265
514 76 77 78 79 80 81 82 164 165 166 167
514 56 57 58 59 60 61 164 165 166 167
480 56 57 58 59 60 61 164 165 166 167 376
535
480 164 165 166 167 276 277 278 279
538 164 165 166 167 174 175 176 177
514 134 135 164 165 166 167 369 370
493 204 250 251 252 253 303 304 305
514 250 251 252 253 303 304 305 369 370
514 250 251 252 253 303 304 305 376 377
480 303 304 305 407 408 409 410 411 412
514 303 304 305 369 370 407 408 409 410 411 412
514 303 304 305 376 377 407 408 409 410 411 412
514 204 296 297 298 303 304 305
480 296 297 298 303 304 305 369 370
496 296 297 298 303 304 305 376 377
568 204 303 304 305 393 394 395 396 397
529 303 304 305 369 370 393 394 395 396 397
480 303 304 305 376 377 393 394 395 396 397
634 105 106 107 108 204 303 304 305
595 105 106 107 108 303 304 305 369 370
489 105 106 107 108 303 304 305 376 377
511 204 303 304 305 442 443 444 445 446
510 303 304 305 369 370 442 443 444 445 446
489 303 304 305 376 377 442 443 444 445 446
557 150 151 152 303 304 305
519 150 151 152 303 304 305 376 377
480 303 304 305 424 425 426 427 428 429
499 26 27 28 29 30 31 32 303 304 305 369
571
532 26 27 28 29 30 31 32 303 304 305 376
489
512 6 7 8 9 10 11 204 303 304 305
510 6 7 8 9 10 11 303 304 305 369 370
480 6 7 8 9 10 11 303 304 305 376 377
544 118 119 120 303 304 305
483 96 97 98 303 304 305 376 377
547 262 263 264 265 303 304 305 376 377
510 56 57 58 59 60 61 303 304 305 376 377
489 168 169 250 251 252 253
509 168 169 204 250 251 252 253
510 168 169 250 251 252 253 369 370
480 168 169 250 251 252 253 376 377
510 168 169 407 408 409 410 411 412
517 168 169 369 370 407 408 409 410 411 412
510 168 169 376 377 407 408 409 410 411 412
480 168 169 204 296 297 298
484 168 169 296 297 298 369 370
480 168 169 296 297 298 376 377
507 168 169 204 393 394 395 396 397
579 168 169 369 370 393 394 395 396 397
576 168 169 376 377 393 394 395 396 397
540 105 106 107 108 168 169
480 105 106 107 108 168 169 204
488 105 106 107 108 168 169 369 370
522 105 106 107 108 168 169 376 377
519 168 169 204 442 443 444 445 446
509 168 169 369 370 442 443 444 445 446
480 168 169 376 377 442 443 444 445 446
497 150 151 152 168 169
568 150 151 152 168 169 376 377
565 168 169 424 425 426 427 428 429
530 26 27 28 29 30 31 32 168 169 369 370
480 26 27 28 29 30 31 32 168 169 376 377
510 6 7 8 9 10 11 168 169 204
582 6 7 8 9 10 11 168 169 369 370
579 6 7 8 9 10 11 168 169 376 377
543 118 119 120 168 169
488 96 97 98 168 169 376 377
523 168 169 262 263 264 265 376 377
520 56 57 58 59 60 61 168 169 376 377
509 168 169 276 277 278 279
480 168 169 174 175 176 177
591 189 190 250 251 252 253
555 189 190 204 250 251 252 253
495 189 190 250 251 252 253 369 370
558 189 190 250 251 252 253 371 372
555 189 190 250 251 252 253 376 377
519 189 190 407 408 409 410 411 412
508 189 190 204 296 297 298
488 189 190 296 297 298 369 370
520 189 190 296 297 298 371 372
517 189 190 296 297 298 376 377
509 189 190 393 394 395 396 397
480 189 190 204 393 394 395 396 397
535 189 190 369 370 393 394 395 396 397
509 189 190 371 372 393 394 395 396 397
480 189 190 376 377 393 394 395 396 397
528 105 106 107 108 189 190
519 105 106 107 108 189 190 204
509 105 106 107 108 189 190 369 370
480 105 106 107 108 189 190 371 372
483 105 106 107 108 189 190 376 377
574 189 190 204 442 443 444 445 446
583 189 190 369 370 442 443 444 445 446
486 189 190 371 372 442 443 444 445 446
541 189 190 376 377 442 443 444 445 446
538 150 151 152 189 190
507 150 151 152 189 190 371 372
480 150 151 152 189 190 376 377
531 189 190 424 425 426 427 428 429
526 26 27 28 29 30 31 32 189 190 369 370
480 26 27 28 29 30 31 32 189 190 371 372
486 26 27 28 29 30 31 32 189 190 376 377
520 189 190 239 240 241 369 370
517 6 7 8 9 10 11 189 190 204
507 6 7 8 9 10 11 189 190 369 370
480 6 7 8 9 10 11 189 190 371 372
540 6 7 8 9 10 11 189 190 376 377
611 118 119 120 189 190
608 96 97 98 189 190 371 372
573 96 97 98 189 190 376 377
514 189 190 262 263 264 265
480 189 190 262 263 264 265 376 377
626 56 57 58 59 60 61 189 190 371 372
591 56 57 58 59 60 61 189 190 376 377
487 189 190 276 277 278 279
480 174 175 176 177 189 190
480 146 147 148 149 276 277 278 279
610 146 147 148 149 174 175 176 177
574 134 135 146 147 148 149 204
495 134 135 146 147 148 149 369 370
503 134 135 146 147 148 149 371 372
506 134 135 146 147 148 149 376 377
515 146 147 148 149 323 324 325
507 146 147 148 149 299 300 301 302
485 146 147 148 149 254 255 256
552 26 27 28 29 30 31 32 306 307 308 309
590 204 239 240 241 306 307 308 309
549 239 240 241 306 307 308 309 369 370
513 239 240 241 306 307 308 309 371 372
480 239 240 241 306 307 308 309 376 377
618 6 7 8 9 10 11 306 307 308 309
656 6 7 8 9 10 11 204 306 307 308 309
615 6 7 8 9 10 11 306 307 308 309 369
579
485 6 7 8 9 10 11 306 307 308 309 371
505
533 6 7 8 9 10 11 306 307 308 309 376
514
506 118 119 120 306 307 308 309
485 96 97 98 306 307 308 309
541 96 97 98 306 307 308 309 371 372
580 96 97 98 306 307 308 309 376 377
538 262 263 264 265 306 307 308 309
506 76 77 78 79 80 81 82 306 307 308 309
485 56 57 58 59 60 61 306 307 308 309
555 56 57 58 59 60 61 306 307 308 309 371
593
552 56 57 58 59 60 61 306 307 308 309 376
516
485 276 277 278 279 306 307 308 309
505 174 175 176 177 306 307 308 309
535 134 135 306 307 308 309 369 370
514 134 135 306 307 308 309 371 372
506 134 135 306 307 308 309 376 377
480 204 250 251 252 253 329 330 331
564 250 251 252 253 329 330 331 369 370
528 227 228 250 251 252 253 329 330 331
480 250 251 252 253 329 330 331 371 372
531 250 251 252 253 329 330 331 376 377
569 329 330 331 407 408 409 410 411 412
528 329 330 331 369 370 407 408 409 410 411 412
506 227 228 329 330 331 407 408 409 410 411 412
517 329 330 331 371 372 407 408 409 410 411 412
485 329 330 331 376 377 407 408 409 410 411 412
505 204 296 297 298 329 330 331
532 296 297 298 329 330 331 369 370
514 227 228 296 297 298 329 330 331
506 296 297 298 329 330 331 371 372
480 296 297 298 329 330 331 376 377
550 204 329 330 331 393 394 395 396 397
514 329 330 331 369 370 393 394 395 396 397
506 227 228 329 330 331 393 394 395 396 397
506 329 330 331 371 372 393 394 395 396 397
514 329 330 331 376 377 393 394 395 396 397
506 105 106 107 108 204 329 330 331
480 105 106 107 108 329 330 331 369 370
525 105 106 107 108 227 228 329 330 331
563 105 106 107 108 329 330 331 371 372
522 105 106 107 108 329 330 331 376 377
500 204 329 330 331 442 443 444 445 446
545 329 330 331 369 370 442 443 444 445 446
517 227 228 329 330 331 442 443 444 445 446
480 329 330 331 371 372 442 443 444 445 446
501 329 330 331 376 377 442 443 444 445 446
571 150 151 152 329 330 331
610 150 151 152 329 330 331 371 372
568 150 151 152 329 330 331 376 377
533 329 330 331 424 425 426 427 428 429
592 26 27 28 29 30 31 32 329 330 331 369
550
480 26 27 28 29 30 31 32 227 228 329 330
514
585 26 27 28 29 30 31 32 329 330 331 371
623
582 26 27 28 29 30 31 32 329 330 331 376
546
605 227 228 239 240 241 329 330 331
563 6 7 8 9 10 11 204 329 330 331
480 6 7 8 9 10 11 329 330 331 369 370
526 6 7 8 9 10 11 227 228 329 330 331
565 6 7 8 9 10 11 329 330 331 371 372
523 6 7 8 9 10 11 329 330 331 376 377
500 118 119 120 329 330 331
547 96 97 98 227 228 329 330 331
517 96 97 98 329 330 331 371 372
480 96 97 98 329 330 331 376 377
594 262 263 264 265 329 330 331 376 377
558 56 57 58 59 60 61 329 330 331 371 372
617 56 57 58 59 60 61 329 330 331 376 377
575 191 192 193 204 296 297 298
507 191 192 193 296 297 298 369 370
480 191 192 193 227 228 296 297 298
561 191 192 193 296 297 298 371 372
599 191 192 193 296 297 298 376 377
558 191 192 193 223 224 296 297 298
522 191 192 193 296 297 298 380 381
581 191 192 193 393 394 395 396 397
539 191 192 193 204 393 394 395 396 397
499 191 192 193 369 370 393 394 395 396 397
511 191 192 193 227 228 393 394 395 396 397
508 191 192 193 371 372 393 394 395 396 397
515 191 192 193 376 377 393 394 395 396 397
480 191 192 193 223 224 393 394 395 396 397
523 191 192 193 380 381 393 394 395 396 397
562 105 106 107 108 191 192 193
520 105 106 107 108 191 192 193 204
500 105 106 107 108 191 192 193 369 370
544 105 106 107 108 191 192 193 227 228
517 105 106 107 108 191 192 193 371 372
480 105 106 107 108 191 192 193 376 377
575 105 106 107 108 191 192 193 223 224
580 105 106 107 108 191 192 193 380 381
538 191 192 193 204 442 443 444 445 446
503 191 192 193 369 370 442 443 444 445 446
562 191 192 193 227 228 442 443 444 445 446
520 191 192 193 371 372 442 443 444 445 446
480 191 192 193 376 377 442 443 444 445 446
531 191 192 193 223 224 442 443 444 445 446
590 191 192 193 380 381 442 443 444 445 446
548 150 151 152 191 192 193
480 150 151 152 191 192 193 371 372
539 150 151 152 191 192 193 376 377
522 150 151 152 191 192 193 223 224
500 150 151 152 191 192 193 380 381
545 191 192 193 424 425 426 427 428 429
517 26 27 28 29 30 31 32 191 192 193
480 26 27 28 29 30 31 32 191 192 193 369
480
515 26 27 28 29 30 31 32 191 192 193 227
480
659 26 27 28 29 30 31 32 191 192 193 371
581
576 26 27 28 29 30 31 32 191 192 193 376
480
512 26 27 28 29 30 31 32 191 192 193 223
551
509 26 27 28 29 30 31 32 191 192 193 380
496
533 191 192 193 239 240 241 369 370
541 191 192 193 227 228 239 240 241
515 191 192 193 239 240 241 371 372
515 191 192 193 223 224 239 240 241
515 6 7 8 9 10 11 191 192 193 204
513 6 7 8 9 10 11 191 192 193 369 370
480 6 7 8 9 10 11 191 192 193 227 228
578 6 7 8 9 10 11 191 192 193 371 372
617 6 7 8 9 10 11 191 192 193 376 377
575 6 7 8 9 10 11 191 192 193 223 224
540 6 7 8 9 10 11 191 192 193 380 381
599 118 119 120 191 192 193
607 118 119 120 191 192 193 380 381
576 96 97 98 191 192 193 227 228
571 96 97 98 191 192 193 371 372
571 96 97 98 191 192 193 376 377
557 96 97 98 191 192 193 223 224
496 96 97 98 191 192 193 380 381
507 191 192 193 262 263 264 265
505 191 192 193 262 263 264 265 376 377
496 191 192 193 223 224 262 263 264 265
512 191 192 193 262 263 264 265 380 381
514 76 77 78 79 80 81 82 191 192 193
515 76 77 78 79 80 81 82 191 192 193 380
515
515 56 57 58 59 60 61 191 192 193 371 372
513 56 57 58 59 60 61 191 192 193 376 377
480 56 57 58 59 60 61 191 192 193 223 224
502 56 57 58 59 60 61 191 192 193 380 381
540 191 192 193 276 277 278 279
505 174 175 176 177 191 192 193
496 191 192 193 223 224 323 324 325
522 156 157 158 159 323 324 325
531 156 157 158 159 242 243 244
515 156 157 158 159 299 300 301 302
515 156 157 158 159 254 255 256
515 204 250 251 252 253 310 311
513 250 251 252 253 310 311 369 370
480 227 228 250 251 252 253 310 311
515 250 251 252 253 310 311 371 372
554 250 251 252 253 310 311 376 377
512 223 224 250 251 252 253 310 311
496 229 230 250 251 252 253 310 311
536 225 226 250 251 252 253 310 311
544 250 251 252 253 310 311 378 379
515 250 251 252 253 310 311 384 385
515 250 251 252 253 310 311 380 381
515 310 311 407 408 409 410 411 412
513 310 311 369 370 407 408 409 410 411 412
480 227 228 310 311 407 408 409 410 411 412
496 310 311 371 372 407 408 409 410 411 412
507 310 311 376 377 407 408 409 410 411 412
505 223 224 310 311 407 408 409 410 411 412
496 229 230 310 311 407 408 409 410 411 412
512 225 226 310 311 407 408 409 410 411 412
514 310 311 378 379 407 408 409 410 411 412
515 310 311 384 385 407 408 409 410 411 412
515 310 311 380 381 407 408 409 410 411 412
515 296 297 298 310 311 369 370
513 227 228 296 297 298 310 311
524 296 297 298 310 311 371 372
496 296 297 298 310 311 376 377
548 223 224 296 297 298 310 311
556 229 230 296 297 298 310 311
525 225 226 296 297 298 310 311
520 296 297 298 310 311 378 379
520 296 297 298 310 311 384 385
513 296 297 298 310 311 380 381
480 204 310 311 393 394 395 396 397
496 310 311 369 370 393 394 395 396 397
530 227 228 310 311 393 394 395 396 397
505 310 311 371 372 393 394 395 396 397
496 310 311 376 377 393 394 395 396 397
512 223 224 310 311 393 394 395 396 397
520 229 230 310 311 393 394 395 396 397
515 225 226 310 311 393 394 395 396 397
515 310 311 378 379 393 394 395 396 397
515 310 311 384 385 393 394 395 396 397
513 310 311 380 381 393 394 395 396 397
496 105 106 107 108 204 310 311
507 105 106 107 108 310 311 369 370
505 105 106 107 108 227 228 310 311
496 105 106 107 108 310 311 371 372
512 105 106 107 108 310 311 376 377
514 105 106 107 108 223 224 310 311
515 105 106 107 108 229 230 310 311
515 105 106 107 108 225 226 310 311
515 105 106 107 108 310 311 378 379
513 105 106 107 108 310 311 384 385
525 105 106 107 108 310 311 380 381
520 204 310 311 442 443 444 445 446
520 310 311 369 370 442 443 444 445 446
513 227 228 310 311 442 443 444 445 446
510 310 311 371 372 442 443 444 445 446
505 310 311 376 377 442 443 444 445 446
496 223 224 310 311 442 443 444 445 446
512 229 230 310 311 442 443 444 445 446
514 225 226 310 311 442 443 444 445 446
515 310 311 378 379 442 443 444 445 446
515 310 311 384 385 442 443 444 445 446
515 310 311 380 381 442 443 444 445 446
513 150 151 152 310 311 371 372
496 150 151 152 310 311 376 377
521 150 151 152 223 224 310 311
529 150 151 152 229 230 310 311
515 150 151 152 225 226 310 311
515 150 151 152 310 311 378 379
515 150 151 152 310 311 384 385
513 150 151 152 310 311 380 381
515 310 311 424 425 426 427 428 429
515 26 27 28 29 30 31 32 310 311 369 370
515 26 27 28 29 30 31 32 227 228 310 311
513 26 27 28 29 30 31 32 310 311 371 372
505 26 27 28 29 30 31 32 310 311 376 377
496 26 27 28 29 30 31 32 223 224 310 311
512 26 27 28 29 30 31 32 229 230 310 311
514 26 27 28 29 30 31 32 225 226 310 311
515 26 27 28 29 30 31 32 310 311 378 379
515 26 27 28 29 30 31 32 310 311 384 385
515 26 27 28 29 30 31 32 310 311 380 381
513 6 7 8 9 10 11 310 311 369 370
594 6 7 8 9 10 11 227 228 310 311
707 6 7 8 9 10 11 310 311 371 372
629 6 7 8 9 10 11 310 311 376 377
624 6 7 8 9 10 11 223 224 310 311
637 6 7 8 9 10 11 229 230 310 311
494 6 7 8 9 10 11 225 226 310 311
480 6 7 8 9 10 11 310 311 378 379
493 6 7 8 9 10 11 310 311 384 385
504 6 7 8 9 10 11 310 311 380 381
538 118 119 120 225 226 310 311
502 118 119 120 310 311 378 379
493 118 119 120 310 311 384 385
509 118 119 120 310 311 380 381
511 96 97 98 227 228 310 311
512 96 97 98 310 311 371 372
512 96 97 98 310 311 376 377
512 96 97 98 223 224 310 311
510 96 97 98 229 230 310 311
524 96 97 98 225 226 310 311
563 96 97 98 310 311 378 379
604 96 97 98 310 311 384 385
521 96 97 98 310 311 380 381
493 262 263 264 265 310 311 376 377
545 223 224 262 263 264 265 310 311
553 229 230 262 263 264 265 310 311
522 225 226 262 263 264 265 310 311
517 262 263 264 265 310 311 378 379
517 262 263 264 265 310 311 384 385
510 262 263 264 265 310 311 380 381
504 76 77 78 79 80 81 82 225 226 310 311
515 76 77 78 79 80 81 82 310 311 378 379
509 76 77 78 79 80 81 82 310 311 384 385
511 76 77 78 79 80 81 82 310 311 380 381
493 56 57 58 59 60 61 310 311 371 372
504 56 57 58 59 60 61 310 311 376 377
527 56 57 58 59 60 61 223 224 310 311
502 56 57 58 59 60 61 229 230 310 311
493 56 57 58 59 60 61 225 226 310 311
509 56 57 58 59 60 61 310 311 378 379
511 56 57 58 59 60 61 310 311 384 385
512 56 57 58 59 60 61 310 311 380 381
512 160 161 162 310 311
512 170 171 172 173 242 243 244
510 170 171 172 173 299 300 301 302
480 170 171 172 173 254 255 256
493 170 171 172 173 398 399 400
504 170 171 172 173 369 370
541 204 250 251 252 253 316
502 250 251 252 253 316 369 370
493 227 228 250 251 252 253 316
509 250 251 252 253 316 357 358 359
511 250 251 252 253 316 371 372
512 250 251 252 253 316 376 377
512 223 224 250 251 252 253 316
512 229 230 250 251 252 253 316
510 225 226 250 251 252 253 316
493 250 251 252 253 316 378 379
504 250 251 252 253 316 384 385
515 250 251 252 253 316 380 381
509 316 369 370 407 408 409 410 411 412
511 227 228 316 407 408 409 410 411 412
502 316 357 358 359 407 408 409 410 411 412
493 316 371 372 407 408 409 410 411 412
509 316 376 377 407 408 409 410 411 412
511 223 224 316 407 408 409 410 411 412
512 229 230 316 407 408 409 410 411 412
512 225 226 316 407 408 409 410 411 412
512 316 378 379 407 408 409 410 411 412
510 316 384 385 407 408 409 410 411 412
480 316 380 381 407 408 409 410 411 412
493 227 228 296 297 298 316
504 296 297 298 316 357 358 359
517 223 224 296 297 298 316
502 229 230 296 297 298 316
509 316 369 370 393 394 395 396 397
511 227 228 316 393 394 395 396 397
512 316 357 358 359 393 394 395 396 397
512 316 371 372 393 394 395 396 397
512 316 376 377 393 394 395 396 397
516 223 224 316 393 394 395 396 397
504 229 230 316 393 394 395 396 397
515 225 226 316 393 394 395 396 397
509 316 378 379 393 394 395 396 397
511 316 384 385 393 394 395 396 397
512 316 380 381 393 394 395 396 397
512 105 106 107 108 204 316
512 105 106 107 108 316 369 370
510 105 106 107 108 227 228 316
504 105 106 107 108 316 357 358 359
515 105 106 107 108 316 371 372
502 105 106 107 108 316 376 377
509 105 106 107 108 223 224 316
511 105 106 107 108 229 230 316
493 105 106 107 108 225 226 316
509 105 106 107 108 316 378 379
511 105 106 107 108 316 384 385
512 105 106 107 108 316 380 381
512 316 369 370 442 443 444 445 446
512 227 228 316 442 443 444 445 446
510 316 357 358 359 442 443 444 445 446
512 223 224 316 442 443 444 445 446
512 229 230 316 442 443 444 445 446
512 150 151 152 316 371 372
509 150 151 152 316 376 377
511 150 151 152 223 224 316
540 150 151 152 229 230 316
553 150 151 152 225 226 316
561 150 151 152 316 378 379
480 150 151 152 316 384 385
506 150 151 152 316 380 381
544 316 424 425 426 427 428 429
585 26 27 28 29 30 31 32 316 369 370
503 26 27 28 29 30 31 32 227 228 316
493 26 27 28 29 30 31 32 316 357 358 359
526 26 27 28 29 30 31 32 316 371 372
535 26 27 28 29 30 31 32 223 224 316
511 26 27 28 29 30 31 32 229 230 316
512 26 27 28 29 30 31 32 225 226 316
512 26 27 28 29 30 31 32 316 378 379
510 26 27 28 29 30 31 32 316 384 385
517 239 240 241 316 398 399 400
480 6 7 8 9 10 11 227 228 316
576 6 7 8 9 10 11 316 357 358 359
584 6 7 8 9 10 11 223 224 316
553 6 7 8 9 10 11 229 230 316
548 118 119 120 225 226 316
548 118 119 120 316 378 379
534 118 119 120 316 384 385
559 118 119 120 316 380 381
573 96 97 98 227 228 316
496 96 97 98 316 357 358 359
501 96 97 98 316 371 372
480 96 97 98 223 224 316
504 96 97 98 229 230 316
543 262 263 264 265 316 376 377
584 223 224 262 263 264 265 316
501 229 230 262 263 264 265 316
490 225 226 262 263 264 265 316
525 262 263 264 265 316 378 379
533 262 263 264 265 316 384 385
508 262 263 264 265 316 380 381
509 76 77 78 79 80 81 82 225 226 316
509 76 77 78 79 80 81 82 316 378 379
507 76 77 78 79 80 81 82 316 384 385
514 56 57 58 59 60 61 223 224 316
480 56 57 58 59 60 61 229 230 316
570 160 161 162 316
609 0 1 2 3 4 5 276 277 278 279
650 0 1 2 3 4 5 174 175 176 177
567 0 1 2 3 4 5 134 135 204
532 0 1 2 3 4 5 134 135 369 370
591 0 1 2 3 4 5 134 135 227 228
599 0 1 2 3 4 5 134 135 357 358 359
568 0 1 2 3 4 5 134 135 371 372
563 0 1 2 3 4 5 134 135 376 377
563 0 1 2 3 4 5 134 135 223 224
549 0 1 2 3 4 5 134 135 229 230
574 0 1 2 3 4 5 134 135 225 226
489 0 1 2 3 4 5 134 135 378 379
501 0 1 2 3 4 5 134 135 384 385
527 0 1 2 3 4 5 134 135 380 381
498 0 1 2 3 4 5 134 135 382 383
490 0 1 2 3 4 5 323 324 325
505 0 1 2 3 4 5 223 224 323 324 325
508 0 1 2 3 4 5 229 230 323 324 325
508 0 1 2 3 4 5 225 226 323 324 325
509 0 1 2 3 4 5 323 324 325 378 379
509 0 1 2 3 4 5 323 324 325 384 385
507 0 1 2 3 4 5 323 324 325 380 381
514 0 1 2 3 4 5 323 324 325 382 383
480 0 1 2 3 4 5 242 243 244
494 0 1 2 3 4 5 299 300 301 302
532 0 1 2 3 4 5 254 255 256
573 196 197 204 250 251 252 253
498 196 197 250 251 252 253 369 370
490 196 197 227 228 250 251 252 253
514 196 197 250 251 252 253 357 358 359
523 196 197 250 251 252 253 371 372
508 196 197 250 251 252 253 376 377
509 196 197 223 224 250 251 252 253
509 196 197 229 230 250 251 252 253
507 196 197 225 226 250 251 252 253
514 196 197 250 251 252 253 378 379
480 196 197 250 251 252 253 384 385
507 196 197 250 251 252 253 380 381
546 196 197 250 251 252 253 382 383
587 196 197 407 408 409 410 411 412
504 196 197 369 370 407 408 409 410 411 412
490 196 197 227 228 407 408 409 410 411 412
528 196 197 357 358 359 407 408 409 410 411 412
536 196 197 371 372 407 408 409 410 411 412
508 196 197 376 377 407 408 409 410 411 412
509 196 197 223 224 407 408 409 410 411 412
509 196 197 229 230 407 408 409 410 411 412
507 196 197 225 226 407 408 409 410 411 412
514 196 197 378 379 407 408 409 410 411 412
489 196 197 384 385 407 408 409 410 411 412
501 196 197 380 381 407 408 409 410 411 412
528 196 197 382 383 407 408 409 410 411 412
498 196 197 296 297 298 369 370
490 196 197 227 228 296 297 298
505 196 197 296 297 298 357 358 359
508 196 197 296 297 298 371 372
508 196 197 296 297 298 376 377
509 196 197 223 224 296 297 298
509 196 197 229 230 296 297 298
507 196 197 225 226 296 297 298
514 196 197 296 297 298 378 379
516 196 197 296 297 298 384 385
490 196 197 296 297 298 380 381
540 196 197 296 297 298 382 383
548 196 197 204 393 394 395 396 397
517 196 197 369 370 393 394 395 396 397
512 196 197 227 228 393 394 395 396 397
512 196 197 357 358 359 393 394 395 396 397
507 196 197 371 372 393 394 395 396 397
523 196 197 376 377 393 394 395 396 397
480 196 197 223 224 393 394 395 396 397
489 196 197 229 230 393 394 395 396 397
522 196 197 225 226 393 394 395 396 397
563 196 197 378 379 393 394 395 396 397
498 196 197 384 385 393 394 395 396 397
490 196 197 380 381 393 394 395 396 397
505 196 197 382 383 393 394 395 396 397
512 105 106 107 108 196 197 204
508 105 106 107 108 196 197 369 370
509 105 106 107 108 196 197 227 228
509 105 106 107 108 196 197 357 358 359
507 105 106 107 108 196 197 371 372
514 105 106 107 108 196 197 376 377
586 105 106 107 108 196 197 223 224
562 105 106 107 108 196 197 229 230
512 105 106 107 108 196 197 225 226
489 105 106 107 108 196 197 378 379
501 105 106 107 108 196 197 384 385
525 105 106 107 108 196 197 380 381
498 105 106 107 108 196 197 382 383
490 196 197 369 370 442 443 444 445 446
505 196 197 227 228 442 443 444 445 446
508 196 197 357 358 359 442 443 444 445 446
508 196 197 371 372 442 443 444 445 446
509 196 197 376 377 442 443 444 445 446
509 196 197 223 224 442 443 444 445 446
507 196 197 229 230 442 443 444 445 446
514 196 197 225 226 442 443 444 445 446
517 196 197 378 379 442 443 444 445 446
512 196 197 384 385 442 443 444 445 446
512 196 197 380 381 442 443 444 445 446
507 196 197 382 383 442 443 444 445 446
523 150 151 152 196 197 371 372
502 150 151 152 196 197 376 377
543 150 151 152 196 197 223 224
498 150 151 152 196 197 229 230
490 150 151 152 196 197 225 226
505 150 151 152 196 197 378 379
508 150 151 152 196 197 384 385
508 150 151 152 196 197 380 381
509 150 151 152 196 197 382 383
509 196 197 424 425 426 427 428 429
507 26 27 28 29 30 31 32 196 197 369 370
514 26 27 28 29 30 31 32 196 197 227 228
490 26 27 28 29 30 31 32 196 197 357 358
513
521 26 27 28 29 30 31 32 196 197 371 372
508 26 27 28 29 30 31 32 196 197 376 377
509 26 27 28 29 30 31 32 196 197 223 224
509 26 27 28 29 30 31 32 196 197 229 230
507 26 27 28 29 30 31 32 196 197 225 226
514 26 27 28 29 30 31 32 196 197 378 379
508 26 27 28 29 30 31 32 196 197 384 385
509 26 27 28 29 30 31 32 196 197 380 381
509 26 27 28 29 30 31 32 196 197 382 383
507 12 13 14 15 16 17 196 197 239 240 241
514 196 197 239 240 241 398 399 400
498 196 197 239 240 241 357 358 359
490 6 7 8 9 10 11 196 197 369 370
505 6 7 8 9 10 11 196 197 227 228
508 6 7 8 9 10 11 196 197 357 358 359
508 6 7 8 9 10 11 196 197 371 372
509 6 7 8 9 10 11 196 197 376 377
509 6 7 8 9 10 11 196 197 223 224
507 6 7 8 9 10 11 196 197 229 230
514 6 7 8 9 10 11 196 197 225 226
586 6 7 8 9 10 11 196 197 378 379
480 6 7 8 9 10 11 196 197 384 385
488 6 7 8 9 10 11 196 197 380 381
507 6 7 8 9 10 11 196 197 382 383
548 118 119 120 196 197 225 226
497 118 119 120 196 197 378 379
488 118 119 120 196 197 384 385
504 118 119 120 196 197 380 381
506 118 119 120 196 197 382 383
507 96 97 98 196 197 227 228
507 96 97 98 196 197 357 358 359
507 96 97 98 196 197 371 372
505 96 97 98 196 197 376 377
513 96 97 98 196 197 223 224
534 96 97 98 196 197 229 230
573 96 97 98 196 197 225 226
614 96 97 98 196 197 378 379
531 96 97 98 196 197 384 385
496 96 97 98 196 197 380 381
555 96 97 98 196 197 382 383
563 196 197 262 263 264 265 376 377
532 196 197 223 224 262 263 264 265
527 196 197 229 230 262 263 264 265
527 196 197 225 226 262 263 264 265
513 196 197 262 263 264 265 378 379
538 196 197 262 263 264 265 384 385
596 196 197 262 263 264 265 380 381
488 196 197 262 263 264 265 382 383
499 76 77 78 79 80 81 82 196 197 225 226
510 76 77 78 79 80 81 82 196 197 378 379
497 76 77 78 79 80 81 82 196 197 384 385
504 76 77 78 79 80 81 82 196 197 380 381
506 76 77 78 79 80 81 82 196 197 382 383
480 56 57 58 59 60 61 196 197 371 372
488 56 57 58 59 60 61 196 197 376 377
499 56 57 58 59 60 61 196 197 223 224
537 56 57 58 59 60 61 196 197 229 230
497 56 57 58 59 60 61 196 197 225 226
488 56 57 58 59 60 61 196 197 378 379
504 56 57 58 59 60 61 196 197 384 385
506 56 57 58 59 60 61 196 197 380 381
507 56 57 58 59 60 61 196 197 382 383
507 160 161 162 196 197
507 194 195 204 250 251 252 253
505 194 195 250 251 252 253 369 370
513 194 195 227 228 250 251 252 253
480 194 195 250 251 252 253 357 358 359
488 194 195 250 251 252 253 371 372
510 194 195 250 251 252 253 376 377
551 194 195 223 224 250 251 252 253
497 194 195 229 230 250 251 252 253
488 194 195 225 226 250 251 252 253
504 194 195 250 251 252 253 378 379
506 194 195 250 251 252 253 384 385
507 194 195 250 251 252 253 380 381
507 194 195 250 251 252 253 382 383
507 194 195 369 370 407 408 409 410 411 412
505 194 195 227 228 407 408 409 410 411 412
513 194 195 357 358 359 407 408 409 410 411 412
488 194 195 371 372 407 408 409 410 411 412
499 194 195 376 377 407 408 409 410 411 412
510 194 195 223 224 407 408 409 410 411 412
497 194 195 229 230 407 408 409 410 411 412
504 194 195 225 226 407 408 409 410 411 412
506 194 195 378 379 407 408 409 410 411 412
497 194 195 384 385 407 408 409 410 411 412
488 194 195 380 381 407 408 409 410 411 412
504 194 195 382 383 407 408 409 410 411 412
512 153 154 155 194 195 296 297 298
507 194 195 296 297 298 369 370
507 194 195 227 228 296 297 298
507 194 195 296 297 298 357 358 359
505 194 195 296 297 298 371 372
513 194 195 223 224 296 297 298
480 194 195 229 230 296 297 298
488 194 195 204 393 394 395 396 397
499 194 195 369 370 393 394 395 396 397
527 194 195 227 228 393 394 395 396 397
497 194 195 357 358 359 393 394 395 396 397
488 194 195 371 372 393 394 395 396 397
504 194 195 376 377 393 394 395 396 397
506 194 195 223 224 393 394 395 396 397
507 194 195 229 230 393 394 395 396 397
507 194 195 225 226 393 394 395 396 397
507 194 195 378 379 393 394 395 396 397
505 194 195 384 385 393 394 395 396 397
513 194 195 380 381 393 394 395 396 397
550 194 195 382 383 393 394 395 396 397
526 105 106 107 108 194 195 204
516 105 106 107 108 194 195 369 370
488 105 106 107 108 194 195 227 228
499 105 106 107 108 194 195 357 358 359
510 105 106 107 108 194 195 371 372
497 105 106 107 108 194 195 376 377
504 105 106 107 108 194 195 223 224
506 105 106 107 108 194 195 229 230
507 105 106 107 108 194 195 225 226
507 105 106 107 108 194 195 378 379
507 105 106 107 108 194 195 384 385
505 105 106 107 108 194 195 380 381
513 105 106 107 108 194 195 382 383
499 194 195 369 370 442 443 444 445 446
510 194 195 227 228 442 443 444 445 446
497 194 195 357 358 359 442 443 444 445 446
504 194 195 371 372 442 443 444 445 446
506 194 195 223 224 442 443 444 445 446
507 194 195 229 230 442 443 444 445 446
507 150 151 152 194 195 371 372
507 150 151 152 194 195 376 377
513 150 151 152 194 195 223 224
488 150 151 152 194 195 229 230
504 150 151 152 194 195 225 226
506 150 151 152 194 195 378 379
507 150 151 152 194 195 384 385
507 150 151 152 194 195 380 381
507 150 151 152 194 195 382 383
505 194 195 424 425 426 427 428 429
513 26 27 28 29 30 31 32 194 195 369 370
507 26 27 28 29 30 31 32 194 195 227 228
507 26 27 28 29 30 31 32 194 195 357 358
507
505 26 27 28 29 30 31 32 194 195 371 372
513 26 27 28 29 30 31 32 194 195 376 377
497 26 27 28 29 30 31 32 194 195 223 224
504 26 27 28 29 30 31 32 194 195 229 230
506 26 27 28 29 30 31 32 194 195 225 226
550 26 27 28 29 30 31 32 194 195 378 379
480 26 27 28 29 30 31 32 194 195 384 385
488 26 27 28 29 30 31 32 194 195 380 381
499 26 27 28 29 30 31 32 194 195 382 383
533 12 13 14 15 16 17 194 195 239 240 241
497 194 195 239 240 241 398 399 400
488 153 154 155 194 195 239 240 241
504 6 7 8 9 10 11 194 195 369 370
506 6 7 8 9 10 11 194 195 227 228
507 6 7 8 9 10 11 194 195 357 358 359
507 6 7 8 9 10 11 194 195 371 372
507 6 7 8 9 10 11 194 195 223 224
505 6 7 8 9 10 11 194 195 229 230
513 118 119 120 194 195 225 226
519 118 119 120 194 195 378 379
558 118 119 120 194 195 384 385
599 118 119 120 194 195 380 381
516 118 119 120 194 195 382 383
488 96 97 98 194 195 227 228
540 96 97 98 194 195 357 358 359
548 96 97 98 194 195 371 372
517 96 97 98 194 195 223 224
512 96 97 98 194 195 229 230
512 96 97 98 194 195 225 226
505 96 97 98 194 195 378 379
523 96 97 98 194 195 384 385
581 96 97 98 194 195 382 383
499 194 195 262 263 264 265 376 377
510 194 195 223 224 262 263 264 265
504 194 195 229 230 262 263 264 265
506 194 195 225 226 262 263 264 265
488 194 195 262 263 264 265 378 379
499 194 195 262 263 264 265 384 385
522 194 195 262 263 264 265 380 381
497 194 195 262 263 264 265 382 383
488 76 77 78 79 80 81 82 194 195 225 226
504 76 77 78 79 80 81 82 194 195 378 379
506 76 77 78 79 80 81 82 194 195 384 385
507 76 77 78 79 80 81 82 194 195 380 381
507 76 77 78 79 80 81 82 194 195 382 383
507 56 57 58 59 60 61 194 195 371 372
505 56 57 58 59 60 61 194 195 223 224
513 56 57 58 59 60 61 194 195 229 230
480 160 161 162 194 195
488 204 250 251 252 253 317
499 250 251 252 253 317 369 370
536 227 228 250 251 252 253 317
497 250 251 252 253 317 357 358 359
488 250 251 252 253 317 371 372
504 250 251 252 253 317 376 377
506 223 224 250 251 252 253 317
507 229 230 250 251 252 253 317
507 225 226 250 251 252 253 317
507 250 251 252 253 317 378 379
505 250 251 252 253 317 384 385
513 250 251 252 253 317 380 381
488 250 251 252 253 317 382 383
499 317 369 370 407 408 409 410 411 412
510 227 228 317 407 408 409 410 411 412
504 317 357 358 359 407 408 409 410 411 412
506 317 371 372 407 408 409 410 411 412
497 317 376 377 407 408 409 410 411 412
488 223 224 317 407 408 409 410 411 412
504 229 230 317 407 408 409 410 411 412
506 225 226 317 407 408 409 410 411 412
507 317 378 379 407 408 409 410 411 412
507 317 384 385 407 408 409 410 411 412
507 317 380 381 407 408 409 410 411 412
505 317 382 383 407 408 409 410 411 412
513 153 154 155 296 297 298 317
480 227 228 296 297 298 317
488 296 297 298 317 357 358 359
499 223 224 296 297 298 317
512 229 230 296 297 298 317
497 317 369 370 393 394 395 396 397
504 227 228 317 393 394 395 396 397
506 317 357 358 359 393 394 395 396 397
507 317 371 372 393 394 395 396 397
507 317 376 377 393 394 395 396 397
507 223 224 317 393 394 395 396 397
513 229 230 317 393 394 395 396 397
535 225 226 317 393 394 395 396 397
511 317 378 379 393 394 395 396 397
516 317 384 385 393 394 395 396 397
499 317 380 381 393 394 395 396 397
510 317 382 383 393 394 395 396 397
504 105 106 107 108 204 317
506 105 106 107 108 317 369 370
507 105 106 107 108 227 228 317
507 105 106 107 108 317 357 358 359
507 105 106 107 108 317 371 372
505 105 106 107 108 317 376 377
513 105 106 107 108 223 224 317
499 105 106 107 108 229 230 317
510 105 106 107 108 225 226 317
497 105 106 107 108 317 378 379
504 105 106 107 108 317 384 385
506 105 106 107 108 317 380 381
488 105 106 107 108 317 382 383
504 317 369 370 442 443 444 445 446
506 227 228 317 442 443 444 445 446
507 317 357 358 359 442 443 444 445 446
507 223 224 317 442 443 444 445 446
507 229 230 317 442 443 444 445 446
505 150 151 152 317 371 372
513 150 151 152 317 376 377
507 150 151 152 223 224 317
507 150 151 152 229 230 317
507 150 151 152 225 226 317
513 150 151 152 317 378 379
504 150 151 152 317 384 385
506 150 151 152 317 380 381
535 150 151 152 317 382 383
637 317 424 425 426 427 428 429
480 26 27 28 29 30 31 32 317 369 370
487 26 27 28 29 30 31 32 227 228 317
498 26 27 28 29 30 31 32 317 357 358 359
532 26 27 28 29 30 31 32 317 371 372
496 26 27 28 29 30 31 32 223 224 317
487 26 27 28 29 30 31 32 229 230 317
503 26 27 28 29 30 31 32 225 226 317
505 26 27 28 29 30 31 32 317 378 379
506 26 27 28 29 30 31 32 317 384 385
506 26 27 28 29 30 31 32 317 382 383
506 12 13 14 15 16 17 239 240 241 317
504 239 240 241 317 398 399 400
512 153 154 155 239 240 241 317
480 6 7 8 9 10 11 227 228 317
499 6 7 8 9 10 11 317 357 358 359
537 6 7 8 9 10 11 223 224 317
578 6 7 8 9 10 11 229 230 317
496 118 119 120 225 226 317
487 118 119 120 317 378 379
519 118 119 120 317 384 385
528 118 119 120 317 380 381
506 118 119 120 317 382 383
506 96 97 98 227 228 317
506 96 97 98 317 357 358 359
504 96 97 98 317 371 372
512 96 97 98 223 224 317
480 96 97 98 229 230 317
512 262 263 264 265 317 376 377
551 223 224 262 263 264 265 317
592 229 230 262 263 264 265 317
509 225 226 262 263 264 265 317
487 262 263 264 265 317 378 379
533 262 263 264 265 317 384 385
541 262 263 264 265 317 380 381
510 262 263 264 265 317 382 383
506 76 77 78 79 80 81 82 225 226 317
506 76 77 78 79 80 81 82 317 378 379
504 76 77 78 79 80 81 82 317 384 385
516 76 77 78 79 80 81 82 317 382 383
480 56 57 58 59 60 61 223 224 317
487 56 57 58 59 60 61 229 230 317
498 160 161 162 317
533 153 154 155 296 297 298 312 313
496 204 296 297 298 312 313
487 296 297 298 312 313 369 370
503 227 228 296 297 298 312 313
505 296 297 298 312 313 357 358 359
506 296 297 298 312 313 371 372
506 296 297 298 312 313 376 377
506 223 224 296 297 298 312 313
504 229 230 296 297 298 312 313
512 225 226 296 297 298 312 313
521 296 297 298 312 313 378 379
487 296 297 298 312 313 384 385
545 296 297 298 312 313 380 381
553 296 297 298 312 313 382 383
522 204 312 313 393 394 395 396 397
517 312 313 369 370 393 394 395 396 397
517 227 228 312 313 393 394 395 396 397
504 312 313 357 358 359 393 394 395 396 397
528 312 313 371 372 393 394 395 396 397
480 312 313 376 377 393 394 395 396 397
488 223 224 312 313 393 394 395 396 397
527 229 230 312 313 393 394 395 396 397
568 225 226 312 313 393 394 395 396 397
496 312 313 378 379 393 394 395 396 397
487 312 313 384 385 393 394 395 396 397
509 312 313 380 381 393 394 395 396 397
517 312 313 382 383 393 394 395 396 397
506 105 106 107 108 204 312 313
506 105 106 107 108 312 313 369 370
506 105 106 107 108 227 228 312 313
504 105 106 107 108 312 313 357 358 359
512 105 106 107 108 312 313 371 372
591 105 106 107 108 312 313 376 377
567 105 106 107 108 223 224 312 313
544 105 106 107 108 229 230 312 313
509 105 106 107 108 225 226 312 313
480 105 106 107 108 312 313 378 379
487 105 106 107 108 312 313 384 385
498 105 106 107 108 312 313 380 381
530 105 106 107 108 312 313 382 383
496 204 312 313 442 443 444 445 446
487 312 313 369 370 442 443 444 445 446
503 227 228 312 313 442 443 444 445 446
505 312 313 357 358 359 442 443 444 445 446
506 312 313 371 372 442 443 444 445 446
506 312 313 376 377 442 443 444 445 446
506 223 224 312 313 442 443 444 445 446
504 229 230 312 313 442 443 444 445 446
512 225 226 312 313 442 443 444 445 446
522 312 313 378 379 442 443 444 445 446
517 312 313 384 385 442 443 444 445 446
517 312 313 380 381 442 443 444 445 446
504 312 313 382 383 442 443 444 445 446
528 150 151 152 312 313 371 372
507 150 151 152 312 313 376 377
548 150 151 152 223 224 312 313
496 150 151 152 229 230 312 313
487 150 151 152 225 226 312 313
503 150 151 152 312 313 378 379
505 150 151 152 312 313 384 385
506 150 151 152 312 313 380 381
506 150 151 152 312 313 382 383
506 312 313 424 425 426 427 428 429
504 26 27 28 29 30 31 32 312 313 369 370
512 26 27 28 29 30 31 32 227 228 312 313
487 26 27 28 29 30 31 32 312 313 357 358
518
526 26 27 28 29 30 31 32 312 313 371 372
506 26 27 28 29 30 31 32 312 313 376 377
506 26 27 28 29 30 31 32 223 224 312 313
506 26 27 28 29 30 31 32 229 230 312 313
504 26 27 28 29 30 31 32 225 226 312 313
512 26 27 28 29 30 31 32 312 313 378 379
506 26 27 28 29 30 31 32 312 313 384 385
506 26 27 28 29 30 31 32 312 313 380 381
506 26 27 28 29 30 31 32 312 313 382 383
504 12 13 14 15 16 17 239 240 241 312 313
512 239 240 241 312 313 398 399 400
496 153 154 155 239 240 241 312 313
487 239 240 241 312 313 357 358 359
503 6 7 8 9 10 11 204 312 313
505 6 7 8 9 10 11 312 313 369 370
506 6 7 8 9 10 11 227 228 312 313
506 6 7 8 9 10 11 312 313 357 358 359
506 6 7 8 9 10 11 312 313 371 372
504 6 7 8 9 10 11 312 313 376 377
512 6 7 8 9 10 11 223 224 312 313
591 6 7 8 9 10 11 229 230 312 313
650 6 7 8 9 10 11 225 226 312 313
480 6 7 8 9 10 11 312 313 378 379
485 6 7 8 9 10 11 312 313 384 385
504 6 7 8 9 10 11 312 313 380 381
545 6 7 8 9 10 11 312 313 382 383
494 118 119 120 225 226 312 313
486 118 119 120 312 313 378 379
501 118 119 120 312 313 384 385
504 118 119 120 312 313 380 381
504 118 119 120 312 313 382 383
505 96 97 98 227 228 312 313
505 96 97 98 312 313 357 358 359
503 96 97 98 312 313 371 372
510 96 97 98 312 313 376 377
480 96 97 98 223 224 312 313
512 96 97 98 229 230 312 313
551 96 97 98 225 226 312 313
592 96 97 98 312 313 378 379
509 96 97 98 312 313 384 385
486 96 97 98 312 313 380 381
533 96 97 98 312 313 382 383
541 262 263 264 265 312 313 376 377
510 223 224 262 263 264 265 312 313
505 229 230 262 263 264 265 312 313
505 225 226 262 263 264 265 312 313
503 262 263 264 265 312 313 378 379
516 262 263 264 265 312 313 384 385
480 262 263 264 265 312 313 380 381
526 262 263 264 265 312 313 382 383
564 76 77 78 79 80 81 82 225 226 312 313
605 76 77 78 79 80 81 82 312 313 378 379
523 76 77 78 79 80 81 82 312 313 384 385
487 76 77 78 79 80 81 82 312 313 380 381
546 76 77 78 79 80 81 82 312 313 382 383
555 56 57 58 59 60 61 312 313 371 372
524 56 57 58 59 60 61 312 313 376 377
518 56 57 58 59 60 61 223 224 312 313
518 56 57 58 59 60 61 229 230 312 313
504 56 57 58 59 60 61 225 226 312 313
530 56 57 58 59 60 61 312 313 378 379
480 56 57 58 59 60 61 312 313 384 385
485 56 57 58 59 60 61 312 313 380 381
506 56 57 58 59 60 61 312 313 382 383
547 160 161 162 312 313
494 153 154 155 184 185 296 297 298
486 184 185 204 296 297 298
501 184 185 296 297 298 369 370
504 184 185 227 228 296 297 298
504 184 185 296 297 298 357 358 359
505 184 185 296 297 298 371 372
505 184 185 296 297 298 376 377
503 184 185 223 224 296 297 298
510 184 185 229 230 296 297 298
535 184 185 225 226 296 297 298
499 184 185 296 297 298 378 379
558 184 185 296 297 298 384 385
567 184 185 296 297 298 380 381
536 184 185 296 297 298 382 383
530 184 185 204 393 394 395 396 397
530 184 185 369 370 393 394 395 396 397
516 184 185 227 228 393 394 395 396 397
542 184 185 357 358 359 393 394 395 396 397
480 184 185 371 372 393 394 395 396 397
502 184 185 376 377 393 394 395 396 397
540 184 185 223 224 393 394 395 396 397
581 184 185 229 230 393 394 395 396 397
499 184 185 225 226 393 394 395 396 397
486 184 185 378 379 393 394 395 396 397
522 184 185 384 385 393 394 395 396 397
531 184 185 380 381 393 394 395 396 397
504 184 185 382 383 393 394 395 396 397
505 105 106 107 108 184 185 204
505 105 106 107 108 184 185 369 370
503 105 106 107 108 184 185 227 228
510 105 106 107 108 184 185 357 358 359
604 105 106 107 108 184 185 371 372
581 105 106 107 108 184 185 376 377
557 105 106 107 108 184 185 223 224
497 105 106 107 108 184 185 229 230
508 105 106 107 108 184 185 225 226
480 105 106 107 108 184 185 378 379
485 105 106 107 108 184 185 384 385
503 105 106 107 108 184 185 380 381
544 105 106 107 108 184 185 382 383
494 184 185 204 442 443 444 445 446
486 184 185 369 370 442 443 444 445 446
501 184 185 227 228 442 443 444 445 446
504 184 185 357 358 359 442 443 444 445 446
504 184 185 371 372 442 443 444 445 446
505 184 185 376 377 442 443 444 445 446
505 184 185 223 224 442 443 444 445 446
503 184 185 229 230 442 443 444 445 446
510 184 185 225 226 442 443 444 445 446
536 184 185 378 379 442 443 444 445 446
530 184 185 384 385 442 443 444 445 446
530 184 185 380 381 442 443 444 445 446
516 184 185 382 383 442 443 444 445 446
542 150 151 152 184 185 371 372
521 150 151 152 184 185 376 377
562 150 151 152 184 185 223 224
494 150 151 152 184 185 229 230
486 150 151 152 184 185 225 226
503 150 151 152 184 185 378 379
511 150 151 152 184 185 384 385
504 150 151 152 184 185 380 381
505 150 151 152 184 185 382 383
505 184 185 424 425 426 427 428 429
503 26 27 28 29 30 31 32 184 185 369 370
510 26 27 28 29 30 31 32 184 185 227 228
486 26 27 28 29 30 31 32 184 185 357 358
531
540 26 27 28 29 30 31 32 184 185 371 372
509 26 27 28 29 30 31 32 184 185 376 377
505 26 27 28 29 30 31 32 184 185 223 224
505 26 27 28 29 30 31 32 184 185 229 230
503 26 27 28 29 30 31 32 184 185 225 226
515 26 27 28 29 30 31 32 184 185 378 379
504 26 27 28 29 30 31 32 184 185 384 385
505 26 27 28 29 30 31 32 184 185 380 381
505 26 27 28 29 30 31 32 184 185 382 383
503 12 13 14 15 16 17 184 185 239 240 241
510 184 185 239 240 241 398 399 400
494 153 154 155 184 185 239 240 241
486 184 185 227 228 239 240 241
501 184 185 239 240 241 357 358 359
504 6 7 8 9 10 11 184 185 204
504 6 7 8 9 10 11 184 185 369 370
505 6 7 8 9 10 11 184 185 227 228
505 6 7 8 9 10 11 184 185 357 358 359
503 6 7 8 9 10 11 184 185 371 372
510 6 7 8 9 10 11 184 185 376 377
604 6 7 8 9 10 11 184 185 223 224
480 6 7 8 9 10 11 184 185 229 230
530 6 7 8 9 10 11 184 185 225 226
568 6 7 8 9 10 11 184 185 378 379
609 6 7 8 9 10 11 184 185 384 385
527 6 7 8 9 10 11 184 185 380 381
491 6 7 8 9 10 11 184 185 382 383
550 118 119 120 184 185 225 226
559 118 119 120 184 185 378 379
528 118 119 120 184 185 384 385
522 118 119 120 184 185 380 381
522 118 119 120 184 185 382 383
508 96 97 98 184 185 227 228
534 96 97 98 184 185 357 358 359
480 96 97 98 184 185 371 372
487 96 97 98 184 185 376 377
543 96 97 98 184 185 223 224
582 96 97 98 184 185 229 230
623 96 97 98 184 185 225 226
540 96 97 98 184 185 378 379
505 96 97 98 184 185 384 385
564 96 97 98 184 185 380 381
572 96 97 98 184 185 382 383
541 184 185 262 263 264 265 376 377
536 184 185 223 224 262 263 264 265
536 184 185 229 230 262 263 264 265
522 184 185 225 226 262 263 264 265
547 184 185 262 263 264 265 378 379
480 184 185 262 263 264 265 384 385
485 184 185 262 263 264 265 380 381
523 184 185 262 263 264 265 382 383
564 76 77 78 79 80 81 82 184 185 225 226
494 76 77 78 79 80 81 82 184 185 378 379
485 76 77 78 79 80 81 82 184 185 384 385
505 76 77 78 79 80 81 82 184 185 380 381
514 76 77 78 79 80 81 82 184 185 382 383
504 56 57 58 59 60 61 184 185 371 372
504 56 57 58 59 60 61 184 185 376 377
504 56 57 58 59 60 61 184 185 223 224
502 56 57 58 59 60 61 184 185 229 230
510 56 57 58 59 60 61 184 185 225 226
480 56 57 58 59 60 61 184 185 378 379
552 56 57 58 59 60 61 184 185 384 385
517 56 57 58 59 60 61 184 185 380 381
576 56 57 58 59 60 61 184 185 382 383
584 160 161 162 184 185
553 186 187 188 204 393 394 395 396 397
548 186 187 188 369 370 393 394 395 396 397
548 186 187 188 227 228 393 394 395 396 397
534 186 187 188 357 358 359 393 394 395 396 397
559 186 187 188 371 372 393 394 395 396 397
480 186 187 188 376 377 393 394 395 396 397
519 186 187 188 223 224 393 394 395 396 397
558 186 187 188 229 230 393 394 395 396 397
599 186 187 188 225 226 393 394 395 396 397
516 186 187 188 378 379 393 394 395 396 397
485 186 187 188 384 385 393 394 395 396 397
540 186 187 188 380 381 393 394 395 396 397
548 186 187 188 382 383 393 394 395 396 397
517 105 106 107 108 186 187 188
512 105 106 107 108 186 187 188 204
512 105 106 107 108 186 187 188 369 370
502 105 106 107 108 186 187 188 227 228
523 105 106 107 108 186 187 188 357 358 359
622 105 106 107 108 186 187 188 371 372
598 105 106 107 108 186 187 188 376 377
575 105 106 107 108 186 187 188 223 224
496 105 106 107 108 186 187 188 229 230
507 105 106 107 108 186 187 188 225 226
501 105 106 107 108 186 187 188 378 379
503 105 106 107 108 186 187 188 384 385
480 105 106 107 108 186 187 188 380 381
485 105 106 107 108 186 187 188 382 383
520 186 187 188 204 442 443 444 445 446
561 186 187 188 369 370 442 443 444 445 446
494 186 187 188 227 228 442 443 444 445 446
485 186 187 188 357 358 359 442 443 444 445 446
502 186 187 188 371 372 442 443 444 445 446
511 186 187 188 376 377 442 443 444 445 446
504 186 187 188 223 224 442 443 444 445 446
504 186 187 188 229 230 442 443 444 445 446
504 186 187 188 225 226 442 443 444 445 446
502 186 187 188 378 379 442 443 444 445 446
510 186 187 188 384 385 442 443 444 445 446
480 186 187 188 380 381 442 443 444 445 446
553 186 187 188 382 383 442 443 444 445 446
548 150 151 152 186 187 188
548 150 151 152 186 187 188 371 372
534 150 151 152 186 187 188 376 377
559 150 151 152 186 187 188 223 224
538 150 151 152 186 187 188 229 230
579 150 151 152 186 187 188 225 226
497 150 151 152 186 187 188 378 379
485 150 151 152 186 187 188 384 385
520 150 151 152 186 187 188 380 381
529 150 151 152 186 187 188 382 383
504 186 187 188 424 425 426 427 428 429
504 26 27 28 29 30 31 32 186 187 188 369
504
502 26 27 28 29 30 31 32 186 187 188 227
510
490 26 27 28 29 30 31 32 186 187 188 357
549 359
557 26 27 28 29 30 31 32 186 187 188 371
526
521 26 27 28 29 30 31 32 186 187 188 376
521
507 26 27 28 29 30 31 32 186 187 188 223
532
517 26 27 28 29 30 31 32 186 187 188 229
512
512 26 27 28 29 30 31 32 186 187 188 225
502
523 26 27 28 29 30 31 32 186 187 188 378
494
485 26 27 28 29 30 31 32 186 187 188 384
504
512 26 27 28 29 30 31 32 186 187 188 380
504
504 26 27 28 29 30 31 32 186 187 188 382
504
502 12 13 14 15 16 17 186 187 188 239 240
510
622 186 187 188 239 240 241 398 399 400
480 153 154 155 186 187 188 239 240 241
480 186 187 188 227 228 239 240 241
484 186 187 188 239 240 241 357 358 359
508 186 187 188 223 224 239 240 241
549 186 187 188 229 230 239 240 241
493 6 7 8 9 10 11 186 187 188 204
485 6 7 8 9 10 11 186 187 188 369 370
500 6 7 8 9 10 11 186 187 188 227 228
503 6 7 8 9 10 11 186 187 188 357 358
503
504 6 7 8 9 10 11 186 187 188 371 372
504 6 7 8 9 10 11 186 187 188 376 377
502 6 7 8 9 10 11 186 187 188 223 224
509 6 7 8 9 10 11 186 187 188 229 230
535 6 7 8 9 10 11 186 187 188 225 226
574 6 7 8 9 10 11 186 187 188 378 379
615 6 7 8 9 10 11 186 187 188 384 385
532 6 7 8 9 10 11 186 187 188 380 381
497 6 7 8 9 10 11 186 187 188 382 383
556 118 119 120 186 187 188
564 118 119 120 186 187 188 225 226
533 118 119 120 186 187 188 378 379
528 118 119 120 186 187 188 384 385
528 118 119 120 186 187 188 380 381
514 118 119 120 186 187 188 382 383
539 96 97 98 186 187 188 227 228
597 96 97 98 186 187 188 357 358 359
484 96 97 98 186 187 188 371 372
496 96 97 98 186 187 188 376 377
507 96 97 98 186 187 188 223 224
493 96 97 98 186 187 188 229 230
500 96 97 98 186 187 188 225 226
503 96 97 98 186 187 188 378 379
480 96 97 98 186 187 188 384 385
484 96 97 98 186 187 188 380 381
497 96 97 98 186 187 188 382 383
538 186 187 188 262 263 264 265 376 377
493 186 187 188 223 224 262 263 264 265
485 186 187 188 229 230 262 263 264 265
500 186 187 188 225 226 262 263 264 265
503 186 187 188 262 263 264 265 378 379
503 186 187 188 262 263 264 265 384 385
504 186 187 188 262 263 264 265 380 381
504 186 187 188 262 263 264 265 382 383
502 76 77 78 79 80 81 82 186 187 188 225
509
480 76 77 78 79 80 81 82 186 187 188 378
484
511 76 77 78 79 80 81 82 186 187 188 384
552
493 76 77 78 79 80 81 82 186 187 188 380
485
500 76 77 78 79 80 81 82 186 187 188 382
503
503 56 57 58 59 60 61 186 187 188 371 372
504 56 57 58 59 60 61 186 187 188 376 377
504 56 57 58 59 60 61 186 187 188 223 224
502 56 57 58 59 60 61 186 187 188 229 230
509 56 57 58 59 60 61 186 187 188 225 226
484 56 57 58 59 60 61 186 187 188 378 379
496 56 57 58 59 60 61 186 187 188 384 385
507 56 57 58 59 60 61 186 187 188 380 381
493 56 57 58 59 60 61 186 187 188 382 383
500 160 161 162 186 187 188
503 174 175 176 177 186 187 188
493 198 199 204 250 251 252 253
485 198 199 250 251 252 253 369 370
505 198 199 227 228 250 251 252 253
513 198 199 250 251 252 253 357 358 359
503 198 199 250 251 252 253 371 372
504 198 199 250 251 252 253 376 377
504 198 199 223 224 250 251 252 253
502 198 199 229 230 250 251 252 253
509 198 199 225 226 250 251 252 253
480 198 199 250 251 252 253 378 379
484 198 199 250 251 252 253 384 385
496 198 199 250 251 252 253 380 381
528 198 199 250 251 252 253 382 383
493 198 199 369 370 407 408 409 410 411 412
485 198 199 227 228 407 408 409 410 411 412
500 198 199 357 358 359 407 408 409 410 411 412
503 198 199 371 372 407 408 409 410 411 412
503 198 199 376 377 407 408 409 410 411 412
504 198 199 223 224 407 408 409 410 411 412
504 198 199 229 230 407 408 409 410 411 412
502 198 199 225 226 407 408 409 410 411 412
509 198 199 378 379 407 408 409 410 411 412
551 198 199 384 385 407 408 409 410 411 412
527 198 199 380 381 407 408 409 410 411 412
513 198 199 382 383 407 408 409 410 411 412
484 153 154 155 198 199 296 297 298
496 198 199 296 297 298 369 370
507 198 199 227 228 296 297 298
493 198 199 296 297 298 357 358 359
500 198 199 296 297 298 371 372
503 198 199 223 224 296 297 298
503 198 199 229 230 296 297 298
504 198 199 204 393 394 395 396 397
504 198 199 369 370 393 394 395 396 397
502 198 199 227 228 393 394 395 396 397
509 198 199 357 358 359 393 394 395 396 397
496 198 199 371 372 393 394 395 396 397
508 198 199 376 377 393 394 395 396 397
493 198 199 223 224 393 394 395 396 397
500 198 199 229 230 393 394 395 396 397
503 198 199 225 226 393 394 395 396 397
503 198 199 378 379 393 394 395 396 397
504 198 199 384 385 393 394 395 396 397
504 198 199 380 381 393 394 395 396 397
509 198 199 382 383 393 394 395 396 397
485 105 106 107 108 198 199 204
500 105 106 107 108 198 199 369 370
503 105 106 107 108 198 199 227 228
503 105 106 107 108 198 199 357 358 359
504 105 106 107 108 198 199 371 372
504 105 106 107 108 198 199 376 377
502 105 106 107 108 198 199 223 224
509 105 106 107 108 198 199 229 230
503 105 106 107 108 198 199 225 226
504 105 106 107 108 198 199 378 379
504 105 106 107 108 198 199 384 385
502 105 106 107 108 198 199 380 381
509 105 106 107 108 198 199 382 383
493 198 199 369 370 442 443 444 445 446
500 198 199 227 228 442 443 444 445 446
503 198 199 357 358 359 442 443 444 445 446
551 198 199 371 372 442 443 444 445 446
633 198 199 223 224 442 443 444 445 446
628 198 199 229 230 442 443 444 445 446
719 150 151 152 198 199 371 372
665 150 151 152 198 199 376 377
641 150 151 152 198 199 223 224
618 150 151 152 198 199 229 230
483 150 151 152 198 199 225 226
494 150 151 152 198 199 378 379
513 150 151 152 198 199 384 385
492 150 151 152 198 199 380 381
483 150 151 152 198 199 382 383
529 198 199 424 425 426 427 428 429
499 26 27 28 29 30 31 32 198 199 369 370
501 26 27 28 29 30 31 32 198 199 227 228
480 26 27 28 29 30 31 32 198 199 357 358
482
494 26 27 28 29 30 31 32 198 199 371 372
527 26 27 28 29 30 31 32 198 199 376 377
491 26 27 28 29 30 31 32 198 199 223 224
483 26 27 28 29 30 31 32 198 199 229 230
544 26 27 28 29 30 31 32 198 199 225 226
498 26 27 28 29 30 31 32 198 199 378 379
501 26 27 28 29 30 31 32 198 199 384 385
501 26 27 28 29 30 31 32 198 199 380 381
502 26 27 28 29 30 31 32 198 199 382 383
502 12 13 14 15 16 17 198 199 239 240 241
500 198 199 239 240 241 398 399 400
507 153 154 155 198 199 239 240 241
514 6 7 8 9 10 11 198 199 369 370
552 6 7 8 9 10 11 198 199 227 228
593 6 7 8 9 10 11 198 199 357 358 359
511 6 7 8 9 10 11 198 199 371 372
483 6 7 8 9 10 11 198 199 223 224
610 6 7 8 9 10 11 198 199 229 230
534 118 119 120 198 199 225 226
543 118 119 120 198 199 378 379
512 118 119 120 198 199 384 385
506 118 119 120 198 199 380 381
506 118 119 120 198 199 382 383
500 96 97 98 198 199 227 228
518 96 97 98 198 199 357 358 359
575 96 97 98 198 199 371 372
494 96 97 98 198 199 223 224
505 96 97 98 198 199 229 230
517 96 97 98 198 199 225 226
498 96 97 98 198 199 378 379
501 96 97 98 198 199 384 385
482 96 97 98 198 199 382 383
494 198 199 262 263 264 265 376 377
517 198 199 223 224 262 263 264 265
491 198 199 229 230 262 263 264 265
483 198 199 225 226 262 263 264 265
533 198 199 262 263 264 265 378 379
498 198 199 262 263 264 265 384 385
501 198 199 262 263 264 265 380 381
501 198 199 262 263 264 265 382 383
502 76 77 78 79 80 81 82 198 199 225 226
502 76 77 78 79 80 81 82 198 199 378 379
500 76 77 78 79 80 81 82 198 199 384 385
507 76 77 78 79 80 81 82 198 199 380 381
480 76 77 78 79 80 81 82 198 199 382 383
482 56 57 58 59 60 61 198 199 371 372
494 56 57 58 59 60 61 198 199 223 224
530 56 57 58 59 60 61 198 199 229 230
491 160 161 162 198 199
483 299 300 301 302 318 319 320 321 322
547 254 255 256 318 319 320 321 322
498 318 319 320 321 322 447 448 449
501 12 13 14 15 16 17 318 319 320 321 322
501 318 319 320 321 322 398 399 400
502 153 154 155 318 319 320 321 322
502 318 319 320 321 322 369 370
500 227 228 318 319 320 321 322
507 318 319 320 321 322 357 358 359
482 318 319 320 321 322 371 372
494 318 319 320 321 322 376 377
505 318 319 320 321 322 373 374 375
517 223 224 318 319 320 321 322
498 229 230 318 319 320 321 322
501 204 250 251 252 253 314 315
491 250 251 252 253 314 315 369 370
483 227 228 250 251 252 253 314 315
559 250 251 252 253 314 315 357 358 359
498 250 251 252 253 314 315 371 372
501 250 251 252 253 314 315 376 377
501 250 251 252 253 314 315 373 374 375
502 223 224 250 251 252 253 314 315
502 229 230 250 251 252 253 314 315
500 225 226 250 251 252 253 314 315
507 250 251 252 253 314 315 378 379
480 250 251 252 253 314 315 384 385
482 250 251 252 253 314 315 380 381
494 250 251 252 253 314 315 382 383
506 314 315 369 370 407 408 409 410 411 412
491 227 228 314 315 407 408 409 410 411 412
523 314 315 357 358 359 407 408 409 410 411 412
498 314 315 371 372 407 408 409 410 411 412
501 314 315 376 377 407 408 409 410 411 412
501 314 315 373 374 375 407 408 409 410 411 412
502 223 224 314 315 407 408 409 410 411 412
502 229 230 314 315 407 408 409 410 411 412
507 225 226 314 315 407 408 409 410 411 412
529 314 315 378 379 407 408 409 410 411 412
506 314 315 384 385 407 408 409 410 411 412
511 314 315 380 381 407 408 409 410 411 412
494 314 315 382 383 407 408 409 410 411 412
505 153 154 155 296 297 298 314 315
517 227 228 296 297 298 314 315
498 296 297 298 314 315 357 358 359
501 296 297 298 314 315 373 374 375
501 223 224 296 297 298 314 315
502 229 230 296 297 298 314 315
502 314 315 369 370 393 394 395 396 397
500 227 228 314 315 393 394 395 396 397
507 314 315 357 358 359 393 394 395 396 397
494 314 315 371 372 393 394 395 396 397
505 314 315 376 377 393 394 395 396 397
491 314 315 373 374 375 393 394 395 396 397
517 223 224 314 315 393 394 395 396 397
498 229 230 314 315 393 394 395 396 397
501 225 226 314 315 393 394 395 396 397
483 314 315 378 379 393 394 395 396 397
532 314 315 384 385 393 394 395 396 397
498 314 315 380 381 393 394 395 396 397
501 314 315 382 383 393 394 395 396 397
501 105 106 107 108 204 314 315
502 105 106 107 108 314 315 369 370
502 105 106 107 108 227 228 314 315
500 105 106 107 108 314 315 357 358 359
507 105 106 107 108 314 315 371 372
501 105 106 107 108 314 315 376 377
502 105 106 107 108 314 315 373 374 375
502 105 106 107 108 223 224 314 315
507 105 106 107 108 229 230 314 315
517 105 106 107 108 225 226 314 315
498 105 106 107 108 314 315 378 379
501 105 106 107 108 314 315 384 385
529 105 106 107 108 314 315 380 381
480 105 106 107 108 314 315 382 383
590 314 315 369 370 442 443 444 445 446
598 227 228 314 315 442 443 444 445 446
567 314 315 357 358 359 442 443 444 445 446
562 314 315 373 374 375 442 443 444 445 446
562 223 224 314 315 442 443 444 445 446
548 229 230 314 315 442 443 444 445 446
573 150 151 152 314 315 371 372
587 150 151 152 314 315 376 377
510 150 151 152 314 315 373 374 375
505 150 151 152 223 224 314 315
596 150 151 152 229 230 314 315
541 150 151 152 225 226 314 315
518 150 151 152 314 315 378 379
509 150 151 152 314 315 384 385
636 150 151 152 314 315 380 381
480 150 151 152 314 315 382 383
480 314 315 424 425 426 427 428 429
492 26 27 28 29 30 31 32 314 315 369 370
531 26 27 28 29 30 31 32 227 228 314 315
489 26 27 28 29 30 31 32 314 315 357 358
481
548 26 27 28 29 30 31 32 314 315 371 372
496 26 27 28 29 30 31 32 314 315 373 374
499
499 26 27 28 29 30 31 32 223 224 314 315
500 26 27 28 29 30 31 32 229 230 314 315
500 26 27 28 29 30 31 32 225 226 314 315
498 26 27 28 29 30 31 32 314 315 378 379
505 26 27 28 29 30 31 32 314 315 384 385
480 26 27 28 29 30 31 32 314 315 382 383
498 12 13 14 15 16 17 239 240 241 314 315
537 239 240 241 314 315 398 399 400
578 153 154 155 239 240 241 314 315
495 6 7 8 9 10 11 227 228 314 315
481 6 7 8 9 10 11 314 315 357 358 359
594 6 7 8 9 10 11 314 315 373 374 375
519 6 7 8 9 10 11 223 224 314 315
527 6 7 8 9 10 11 229 230 314 315
499 118 119 120 225 226 314 315
500 118 119 120 314 315 378 379
500 118 119 120 314 315 384 385
498 118 119 120 314 315 380 381
505 118 119 120 314 315 382 383
480 96 97 98 227 228 314 315
512 96 97 98 314 315 357 358 359
550 96 97 98 314 315 371 372
591 96 97 98 314 315 373 374 375
509 96 97 98 223 224 314 315
481 96 97 98 229 230 314 315
608 262 263 264 265 314 315 376 377
532 262 263 264 265 314 315 373 374 375
541 223 224 262 263 264 265 314 315
510 229 230 262 263 264 265 314 315
504 225 226 262 263 264 265 314 315
504 262 263 264 265 314 315 378 379
498 262 263 264 265 314 315 384 385
516 262 263 264 265 314 315 380 381
480 262 263 264 265 314 315 382 383
480 76 77 78 79 80 81 82 225 226 314 315
492 76 77 78 79 80 81 82 314 315 378 379
533 76 77 78 79 80 81 82 314 315 384 385
489 76 77 78 79 80 81 82 314 315 382 383
481 56 57 58 59 60 61 314 315 373 374 375
549 56 57 58 59 60 61 223 224 314 315
496 56 57 58 59 60 61 229 230 314 315
499 160 161 162 314 315
499 49 50 51 52 53 54 55 323 324 325
500 49 50 51 52 53 54 55 223 224 323 324
500
498 49 50 51 52 53 54 55 229 230 323 324
505
521 49 50 51 52 53 54 55 225 226 323 324
485
620 49 50 51 52 53 54 55 323 324 325 378
544
553 49 50 51 52 53 54 55 323 324 325 384
522
516 49 50 51 52 53 54 55 323 324 325 380
516
502 49 50 51 52 53 54 55 323 324 325 382
528
480 49 50 51 52 53 54 55 242 243 244
488 49 50 51 52 53 54 55 299 300 301 302
526 49 50 51 52 53 54 55 254 255 256
567 49 50 51 52 53 54 55 447 448 449
489 12 13 14 15 16 17 49 50 51 52 53
481 55
584 49 50 51 52 53 54 55 398 399 400
508 49 50 51 52 53 54 55 153 154 155
517 153 154 155 296 297 298 332 333
499 204 296 297 298 332 333
500 296 297 298 332 333 369 370
500 227 228 296 297 298 332 333
498 296 297 298 332 333 357 358 359
505 296 297 298 332 333 371 372
590 296 297 298 332 333 376 377
567 296 297 298 332 333 373 374 375
543 223 224 296 297 298 332 333
503 229 230 296 297 298 332 333
515 225 226 296 297 298 332 333
480 296 297 298 332 333 378 379
480 296 297 298 332 333 384 385
492 296 297 298 332 333 380 381
530 296 297 298 332 333 382 383
489 204 332 333 393 394 395 396 397
481 332 333 369 370 393 394 395 396 397
546 227 228 332 333 393 394 395 396 397
496 332 333 357 358 359 393 394 395 396 397
499 332 333 371 372 393 394 395 396 397
499 332 333 376 377 393 394 395 396 397
500 332 333 373 374 375 393 394 395 396 397
500 223 224 332 333 393 394 395 396 397
498 229 230 332 333 393 394 395 396 397
505 225 226 332 333 393 394 395 396 397
522 332 333 378 379 393 394 395 396 397
516 332 333 384 385 393 394 395 396 397
516 332 333 380 381 393 394 395 396 397
502 332 333 382 383 393 394 395 396 397
528 105 106 107 108 204 332 333
507 105 106 107 108 332 333 369 370
548 105 106 107 108 227 228 332 333
489 105 106 107 108 332 333 357 358 359
481 105 106 107 108 332 333 371 372
564 105 106 107 108 332 333 376 377
496 105 106 107 108 332 333 373 374 375
499 105 106 107 108 223 224 332 333
499 105 106 107 108 229 230 332 333
500 105 106 107 108 225 226 332 333
500 105 106 107 108 332 333 378 379
498 105 106 107 108 332 333 384 385
505 105 106 107 108 332 333 380 381
481 105 106 107 108 332 333 382 383
593 204 332 333 442 443 444 445 446
517 332 333 369 370 442 443 444 445 446
526 227 228 332 333 442 443 444 445 446
499 332 333 357 358 359 442 443 444 445 446
500 332 333 371 372 442 443 444 445 446
500 332 333 376 377 442 443 444 445 446
498 332 333 373 374 375 442 443 444 445 446
505 223 224 332 333 442 443 444 445 446
499 229 230 332 333 442 443 444 445 446
500 225 226 332 333 442 443 444 445 446
500 332 333 378 379 442 443 444 445 446
498 332 333 384 385 442 443 444 445 446
505 332 333 380 381 442 443 444 445 446
489 332 333 382 383 442 443 444 445 446
481 150 151 152 332 333 371 372
548 150 151 152 332 333 376 377
496 150 151 152 332 333 373 374 375
499 150 151 152 223 224 332 333
499 150 151 152 229 230 332 333
500 150 151 152 225 226 332 333
500 150 151 152 332 333 378 379
498 150 151 152 332 333 384 385
505 150 151 152 332 333 380 381
590 150 151 152 332 333 382 383
480 332 333 424 425 426 427 428 429
480 26 27 28 29 30 31 32 332 333 369 370
501 26 27 28 29 30 31 32 227 228 332 333
542 26 27 28 29 30 31 32 332 333 357 358
487
480 26 27 28 29 30 31 32 332 333 371 372
559 26 27 28 29 30 31 32 332 333 376 377
494 26 27 28 29 30 31 32 332 333 373 374
496
497 26 27 28 29 30 31 32 223 224 332 333
531 26 27 28 29 30 31 32 229 230 332 333
497 26 27 28 29 30 31 32 225 226 332 333
497 26 27 28 29 30 31 32 332 333 378 379
495 26 27 28 29 30 31 32 332 333 384 385
503 26 27 28 29 30 31 32 332 333 380 381
531 26 27 28 29 30 31 32 332 333 382 383
567 12 13 14 15 16 17 239 240 241 332 333
608 239 240 241 332 333 398 399 400
526 153 154 155 239 240 241 332 333
492 239 240 241 332 333 357 358 359
625 239 240 241 332 333 373 374 375
549 6 7 8 9 10 11 204 332 333
558 6 7 8 9 10 11 332 333 369 370
527 6 7 8 9 10 11 227 228 332 333
597 6 7 8 9 10 11 332 333 357 358 359
521 6 7 8 9 10 11 332 333 371 372
521 6 7 8 9 10 11 332 333 376 377
507 6 7 8 9 10 11 332 333 373 374 375
533 6 7 8 9 10 11 223 224 332 333
590 6 7 8 9 10 11 229 230 332 333
480 6 7 8 9 10 11 225 226 332 333
489 6 7 8 9 10 11 332 333 378 379
500 6 7 8 9 10 11 332 333 384 385
487 6 7 8 9 10 11 332 333 380 381
512 6 7 8 9 10 11 332 333 382 383
494 118 119 120 225 226 332 333
496 118 119 120 332 333 378 379
516 118 119 120 332 333 384 385
480 118 119 120 332 333 380 381
480 118 119 120 332 333 382 383
491 96 97 98 227 228 332 333
532 96 97 98 332 333 357 358 359
487 96 97 98 332 333 371 372
480 96 97 98 332 333 376 377
548 96 97 98 332 333 373 374 375
494 96 97 98 223 224 332 333
496 96 97 98 229 230 332 333
497 96 97 98 225 226 332 333
520 96 97 98 332 333 378 379
497 96 97 98 332 333 384 385
497 96 97 98 332 333 380 381
495 96 97 98 332 333 382 383
503 262 263 264 265 332 333 376 377
480 262 263 264 265 332 333 373 374 375
480 223 224 262 263 264 265 332 333
504 229 230 262 263 264 265 332 333
545 225 226 262 263 264 265 332 333
487 262 263 264 265 332 333 378 379
480 262 263 264 265 332 333 384 385
562 262 263 264 265 332 333 380 381
494 262 263 264 265 332 333 382 383
496 76 77 78 79 80 81 82 225 226 332 333
497 76 77 78 79 80 81 82 332 333 378 379
534 76 77 78 79 80 81 82 332 333 384 385
497 76 77 78 79 80 81 82 332 333 380 381
497 76 77 78 79 80 81 82 332 333 382 383
495 56 57 58 59 60 61 332 333 371 372
503 56 57 58 59 60 61 332 333 376 377
480 56 57 58 59 60 61 332 333 373 374 375
489 56 57 58 59 60 61 223 224 332 333
500 56 57 58 59 60 61 229 230 332 333
487 56 57 58 59 60 61 225 226 332 333
512 56 57 58 59 60 61 332 333 378 379
494 56 57 58 59 60 61 332 333 384 385
496 56 57 58 59 60 61 332 333 380 381
516 56 57 58 59 60 61 332 333 382 383
487 160 161 162 332 333
480 204 231 232 250 251 252 253
574 231 232 250 251 252 253 369 370
498 227 228 231 232 250 251 252 253
507 231 232 250 251 252 253 357 358 359
497 231 232 250 251 252 253 371 372
546 231 232 250 251 252 253 376 377
497 231 232 250 251 252 253 373 374 375
497 223 224 231 232 250 251 252 253
495 229 230 231 232 250 251 252 253
503 225 226 231 232 250 251 252 253
480 219 220 231 232 250 251 252 253
480 231 232 250 251 252 253 378 379
489 231 232 250 251 252 253 384 385
521 231 232 250 251 252 253 380 381
487 231 232 250 251 252 253 382 383
480 231 232 369 370 407 408 409 410 411 412
538 227 228 231 232 407 408 409 410 411 412
494 231 232 357 358 359 407 408 409 410 411 412
496 231 232 371 372 407 408 409 410 411 412
497 231 232 376 377 407 408 409 410 411 412
516 231 232 373 374 375 407 408 409 410 411 412
497 223 224 231 232 407 408 409 410 411 412
497 229 230 231 232 407 408 409 410 411 412
495 225 226 231 232 407 408 409 410 411 412
503 219 220 231 232 407 408 409 410 411 412
544 231 232 378 379 407 408 409 410 411 412
521 231 232 384 385 407 408 409 410 411 412
506 231 232 380 381 407 408 409 410 411 412
480 231 232 382 383 407 408 409 410 411 412
489 153 154 155 231 232 296 297 298
500 231 232 296 297 298 369 370
487 227 228 231 232 296 297 298
512 231 232 296 297 298 357 358 359
494 231 232 296 297 298 371 372
496 231 232 296 297 298 373 374 375
516 223 224 231 232 296 297 298
497 229 230 231 232 296 297 298
546 219 220 231 232 296 297 298
497 204 231 232 393 394 395 396 397
497 231 232 369 370 393 394 395 396 397
495 227 228 231 232 393 394 395 396 397
503 231 232 357 358 359 393 394 395 396 397
489 231 232 371 372 393 394 395 396 397
502 231 232 376 377 393 394 395 396 397
487 231 232 373 374 375 393 394 395 396 397
518 223 224 231 232 393 394 395 396 397
494 229 230 231 232 393 394 395 396 397
496 225 226 231 232 393 394 395 396 397
497 219 220 231 232 393 394 395 396 397
516 231 232 378 379 393 394 395 396 397
497 231 232 384 385 393 394 395 396 397
497 231 232 380 381 393 394 395 396 397
503 231 232 382 383 393 394 395 396 397
480 105 106 107 108 204 231 232
547 105 106 107 108 231 232 369 370
494 105 106 107 108 227 228 231 232
496 105 106 107 108 231 232 357 358 359
497 105 106 107 108 231 232 371 372
519 105 106 107 108 231 232 376 377
497 105 106 107 108 231 232 373 374 375
497 105 106 107 108 223 224 231 232
495 105 106 107 108 229 230 231 232
503 105 106 107 108 225 226 231 232
497 105 106 107 108 219 220 231 232
516 105 106 107 108 231 232 378 379
497 105 106 107 108 231 232 384 385
497 105 106 107 108 231 232 380 381
495 105 106 107 108 231 232 382 383
503 231 232 369 370 442 443 444 445 446
487 227 228 231 232 442 443 444 445 446
512 231 232 357 358 359 442 443 444 445 446
494 231 232 371 372 442 443 444 445 446
496 231 232 373 374 375 442 443 444 445 446
516 223 224 231 232 442 443 444 445 446
544 229 230 231 232 442 443 444 445 446
573 219 220 231 232 442 443 444 445 446
535 150 151 152 231 232 371 372
535 150 151 152 231 232 376 377
520 150 151 152 231 232 373 374 375
673 150 151 152 223 224 231 232
624 150 151 152 229 230 231 232
553 150 151 152 225 226 231 232
480 150 151 152 219 220 231 232
480 150 151 152 231 232 378 379
480 150 151 152 231 232 384 385
644 150 151 152 231 232 380 381
480 150 151 152 231 232 382 383
480 231 232 424 425 426 427 428 429
619 26 27 28 29 30 31 32 231 232 369 370
480 26 27 28 29 30 31 32 227 228 231 232
534 26 27 28 29 30 31 32 231 232 357 358
480
480 26 27 28 29 30 31 32 231 232 371 372
480 26 27 28 29 30 31 32 231 232 376 377
480 26 27 28 29 30 31 32 231 232 373 374
710
480 26 27 28 29 30 31 32 223 224 231 232
480 26 27 28 29 30 31 32 229 230 231 232
480 26 27 28 29 30 31 32 225 226 231 232
499 26 27 28 29 30 31 32 219 220 231 232
556 26 27 28 29 30 31 32 231 232 378 379
504 26 27 28 29 30 31 32 231 232 384 385
480 26 27 28 29 30 31 32 231 232 380 381
516 26 27 28 29 30 31 32 231 232 382 383
480 12 13 14 15 16 17 231 232 239 240 241
480 231 232 239 240 241 398 399 400
480 153 154 155 231 232 239 240 241
606 6 7 8 9 10 11 231 232 369 370
561 6 7 8 9 10 11 227 228 231 232
496 6 7 8 9 10 11 231 232 357 358 359
480 6 7 8 9 10 11 231 232 371 372
577 6 7 8 9 10 11 231 232 373 374 375
607 6 7 8 9 10 11 223 224 231 232
543 6 7 8 9 10 11 229 230 231 232
480 6 7 8 9 10 11 219 220 231 232
480 118 119 120 225 226 231 232
480 118 119 120 219 220 231 232
617 118 119 120 231 232 378 379
556 118 119 120 231 232 384 385
480 118 119 120 231 232 380 381
480 118 119 120 231 232 382 383
480 96 97 98 227 228 231 232
629 96 97 98 231 232 357 358 359
480 96 97 98 231 232 371 372
480 96 97 98 231 232 373 374 375
480 96 97 98 223 224 231 232
601 96 97 98 229 230 231 232
562 96 97 98 225 226 231 232
498 96 97 98 219 220 231 232
480 96 97 98 231 232 378 379
567 96 97 98 231 232 384 385
483 96 97 98 231 232 382 383
480 231 232 262 263 264 265 376 377
635 231 232 262 263 264 265 373 374 375
735 223 224 231 232 262 263 264 265
480 229 230 231 232 262 263 264 265
675 225 226 231 232 262 263 264 265
532 219 220 231 232 262 263 264 265
480 231 232 262 263 264 265 378 379
636 231 232 262 263 264 265 384 385
593 231 232 262 263 264 265 380 381
694 231 232 262 263 264 265 382 383
531 76 77 78 79 80 81 82 225 226 231 232
480 76 77 78 79 80 81 82 219 220 231 232
480 76 77 78 79 80 81 82 231 232 378 379
480 76 77 78 79 80 81 82 231 232 384 385
480 76 77 78 79 80 81 82 231 232 380 381
480 76 77 78 79 80 81 82 231 232 382 383
480 56 57 58 59 60 61 231 232 371 372
480 56 57 58 59 60 61 231 232 373 374 375
507 56 57 58 59 60 61 223 224 231 232
480 56 57 58 59 60 61 229 230 231 232
514 56 57 58 59 60 61 219 220 231 232
546 160 161 162 231 232
480 200 201 202 203 250 251 252 253
514 62 63 64 65 66 67 250 251 252 253
480 250 251 252 253 266 267 268 269
564 250 251 252 253 326 327 328
559 121 122 123 124 250 251 252 253
585 83 84 85 86 87 88 89 90 250 251 252
636
495 250 251 252 253 430 431 432 433 434
480 250 251 252 253 357 358 359
597 221 222 250 251 252 253
555 250 251 252 253 373 374 375
654 250 251 252 253 280 281 282 283 284
725 369 370 407 408 409 410 411 412
480 227 228 407 408 409 410 411 412
563 407 408 409 410 411 412 430 431 432 433 434
513 357 358 359 407 408 409 410 411 412
480 221 222 407 408 409 410 411 412
609 371 372 407 408 409 410 411 412
573 373 374 375 407 408 409 410 411 412
666 223 224 407 408 409 410 411 412
507 229 230 407 408 409 410 411 412
635 280 281 282 283 284 407 408 409 410 411 412
480 225 226 407 408 409 410 411 412
601 219 220 407 408 409 410 411 412
692 382 383 407 408 409 410 411 412
530 296 297 298 413 414 415 416 417
674 33 34 35 36 37 38 39 296 297 298
511 99 100 296 297 298
555 153 154 155 296 297 298
480 200 201 202 203 296 297 298
578 62 63 64 65 66 67 296 297 298
622 266 267 268 269 296 297 298
556 296 297 298 326 327 328
636 121 122 123 124 296 297 298
493 83 84 85 86 87 88 89 90 296 297 298
517 296 297 298 430 431 432 433 434
480 221 222 296 297 298
