200 2000
1 12 39 41 46 65 125 189
1 73 92 112 147 155 161 172
1 17 56 70 82 88 169 177
1 57 92 131 179 188 197
1 50 60 75 108 168 173
1 14 36 65 75 76 186
1 8 30 43 72 139
1 1 39 61 162 171
1 2 27 66 145 162
1 13 35 74 107 172
1 1 18 61 197
1 36 51 90 107
1 64 126 142 192
1 8 88 140 190
1 81 144 199
1 11 79 95
1 8 139 194
1 154
1 0
2 1 19 33 65 80 84 98
2 15 21 76 111 115 165
2 16 68 74 134 145 167
2 56 113 130 148 187
2 22 24 87 137 170
2 55 60 77 114 190
2 98 142 173 175
2 16 130 170 183
2 111 147 170 199
2 98 142 159 175
2 21 37 142 195
2 90 130 136 147
2 6 47 98 196
2 43 109 178
2 105 183 186
2 68 173 198
2 49 117 118
2 29 58 146
2 48 94
2 64 162
2 126
2 27
3 19 25 37 80 123 143 164 190 194 196
3 27 79 99 129 132 172 181 185 187
3 31 66 103 130 131 160 183
3 2 7 59 70 83 185 189
3 69 102 106 130 168 174
3 32 49 52 122 174 191
3 69 119 127 143 178 196
3 57 81 153 156 158 188
3 6 47 152 163 168 198
3 10 14 30 93 104 199
3 7 25 32 69 148 169
3 57 92 173 174 176
3 53 68 166 167 174
3 20 30 100 116 197
3 20 75 179 188 194
3 4 35 50 72 110
3 27 85 105 158 167
3 0 84 91 191 192
3 52 94 141 180
3 65 71 76 84
3 7 51 66 79
3 11 54 91 122
3 33 79 100
3 86 114 146
3 58 125 174
3 96 115 118
3 23 43 174
3 13 124
3 33 84
3 10 13
3 185
4 19 82 90 153 165 176 199
4 6 7 52 97 108 115
4 6 18 91 113 127 177
4 10 38 57 58 60 94
4 20 30 61 146 167
4 41 129 164 165 173
4 31 60 113 161 195
4 24 131 173 197
4 43 138 146 161
4 113 121 168 176
4 97 99 114 174
4 32 35 142
4 77 131 190
4 34 149 197
4 24 50 199
4 33 66 75
4 17 51 188
4 117 142 183
4 10 42
4 43 161
4 48 138
4 24 124
4 179
4 69
4 157
5 42 55 85 118 128 140 174 194
5 48 95 100 114 132 138 198
5 42 111 126 131 170 191
5 45 47 68 118 135 186
5 10 84 85 95 114 132
5 38 39 64 164 178
5 8 58 81 90 93
5 92 124 153 168 186
5 56 115 130 136 171
5 9 29 109 133 144
5 47 66 86 158 177
5 87 148 177 199
5 21 62 120 167
5 93 109 189 199
5 73 137 158 176
5 2 61 86 172
5 13 35 69 98
5 11 150 189
5 59 73 147
5 54 77 106
5 22 89 100
5 34 83 145
5 94 172
5 3 95
5 21 122
5 82 181
5 168 180
5 130 147
6 13 35 63 65 105 113 143 173
6 3 40 85 114 132 173 177 192
6 19 29 44 85 133
6 5 96 102 151 198
6 2 11 75 90 112
6 9 161 190 198
6 108 175 190 193
6 7 21 117 175
6 39 90 138 167
6 23 103 155 188
6 15 20 131
6 7 155
6 147 166
6 139 192
6 16 155
6 68 181
7 42 62 103 119 144 152 178
7 6 90 125 186 194 195
7 46 75 106 131 198
7 95 162 195 199
7 73 85 146 178
7 32 59 65
7 84 114 164
7 100 104
7 69 126
7 108 190
7 164 190
7 4
8 6 32 47 69 85 104
8 2 15 155 167 186 198
8 14 46 66 102 105 140
8 30 38 93 111 140 180
8 20 61 75 91 102 165
8 7 71 140 170 197
8 0 64 126 133 148
8 28 30 108 110 143
8 70 113 172 180 193
8 123 131 152 193 196
8 45 62 83 119
8 15 22 130 190
8 41 111 174 177
8 1 15 101 163
8 47 71 92 102
8 79 183 196
8 44 165 195
8 96 98 155
8 74 136 164
8 5 103 153
8 127 161 188
8 100 177
8 136
9 9 49 87 125 165 186 189 198
9 12 42 77 97 139 194
9 25 66 103 110 116 132
9 115 117 131 170 192
9 6 49 74 96 173
9 4 74 130 159 195
9 28 46 82 103 138
9 47 57 68 173
9 14 24 124 131
9 19 66 74 79
9 26 29 83 110
9 68 135 137 180
9 21 52 63 124
9 5 43 149
9 77 148 165
9 63 69 132
9 74 105 191
9 12 50 124
9 5 93 181
9 45 51 157
9 8 71 115
9 172 187
9 161 176
9 40 116
9 17
10 5 18 28 29 49 127 129 196
10 6 66 104 109 133 154
10 30 70 75 125 189
10 24 128 132 161 191
10 7 61 132 154 199
10 33 57 63 93 94
10 1 16 117 157 185
10 75 131 160 181
10 54 143 169
10 30 35 97
10 32 145 195
10 23 156
10 16 31
10 68 71
10 162 195
10 71 88
10 10 151
10 102
10 88
11 39 61 63 139 147 177 178 181
11 8 20 32 131 176 177 180
11 42 98 134 161 183 184 199
11 24 86 135 141 144 197
11 2 89 125 153 171 183
11 16 17 25 146 153 194
11 0 14 44 107 168
11 50 72 94 98 150
11 7 50 102 119 159
11 41 58 104 175 192
11 9 47 49 62
11 32 43 81 127
11 18 161 173 195
11 63 95 132 157
11 70 135 178 188
11 24 93 114 141
11 40 147 193
11 24 117 131
11 49 127 184
11 12 87 167
11 18 23 54
11 44 82
11 1 167
11 134 151
11 0 173
11 54 154
11 86
12 33 41 73 81 87 128 140 141 170
12 0 84 108 168 186 199
12 5 29 32 43 64 105
12 97 103 127 173 179
12 41 53 73 100 117
12 39 45 113 153 157
12 79 109 117 144 162
12 47 71 80 121 189
12 14 73 75 82 133
12 20 59 64 81
12 64 65 82 83
12 56 147 162 166
12 28 55 95 190
12 14 32 78 178
12 49 73 82 151
12 56 72 179
12 0 183 190
12 21 91 114
12 5 62 132
12 12 16
12 8 188
12 41 128
13 4 10 15 70 86 167 198
13 10 24 34 143 157 162 193
13 23 48 68 90 167 180
13 6 21 52 82 104 189
13 15 20 39 45 100 130
13 15 33 88 100 123 170
13 23 30 67 111 194
13 56 122 136 150 176
13 18 105 140 166 170
13 27 73 135 191
13 51 63 178 183
13 1 30 54 61
13 17 18 71
13 32 86 149
13 26 106 184
13 19 83 193
13 48 64 138
13 1 42 121
13 22 83 172
13 66 151 155
13 64 130 150
13 12 168 182
13 122 170
13 97 112
13 78 107
13 81 143
14 1 9 18 44 90 163 198
14 2 60 68 108 190 193
14 28 71 123 160 169 189
14 1 63 70 109 179 198
14 32 33 43 70 180
14 104 120 124 148 177
14 12 39 112 143 152
14 55 99 117 193 197
14 27 58 65 84 165
14 46 109 112 135 140
14 89 145 169 183
14 18 49 148 184
14 2 59 80 130
14 60 66 131
14 115 172 188
14 30 109 111
14 26 40 92
14 3 107 147
14 54 161 176
14 13 79 195
14 46 197
14 70 167
14 48 90
15 7 56 57 134 139 164 199
15 30 34 35 82 84 86
15 16 130 155 175 187 190
15 60 63 88 94 106 124
15 127 147 152 160 189
15 30 40 115 159 171
15 1 87 113 126 192
15 87 93 124 188
15 79 131 152 180
15 95 118 128 149
15 9 22 115 159
15 55 148 179 183
15 52 81 117
15 21 85 137
15 18 49 182
15 100 170
15 80 105
15 10
16 9 14 36 41 88 98 104 115 137
16 35 74 90 93 102 140 147 182 197
16 38 70 101 112 134 163 172 183
16 8 16 27 77 90 151
16 4 39 126 140 175 194
16 84 86 104 166 193
16 54 171 183 197
16 7 108 170 198
16 61 118 134 154
16 2 75 156
16 57 79 173
16 6 55 82
16 54 153 185
16 4 21
16 39 84
16 7 80
16 22 157
16 0 141
17 3 5 23 114 138 147 180
17 85 123 136 156 181 195
17 12 49 53 146 159 177
17 43 74 99 168 170 188
17 0 8 68 92 126 153
17 40 61 74 79 182 198
17 5 26 108 134 151
17 8 25 38 148
17 47 127 135 170
17 0 1 104 179
17 63 71 109 127
17 44 108 150 195
17 0 146 153 167
17 68 76 119 193
17 105 168 181 198
17 24 109 118
17 43 152 197
17 101 115 179
17 50 108 153
17 126 132 178
17 133 171
17 143 192
17 13 113
17 78 184
17 106 146
17 165 175
17 38
17 151
18 27 62 70 87 90 107 128 131 138
18 31 67 72 78 103 171 179
18 18 21 61 81 143 199
18 15 42 75 98 113 118
18 17 23 30 50 85
18 1 62 87 113 125
18 52 72 92 103 190
18 61 64 146 190
18 12 22 67 138
18 69 169 173 174
18 55 70 157 173
18 36 149 182 185
18 17 126 164 186
18 43 115 144 162
18 11 41 106
18 0 78 80
18 69 84 164
18 2 170 192
18 103 153 174
18 75 168
18 141 174
18 67 91
18 130
19 20 22 38 49 64 74 113 199
19 104 119 147 168 173 195
19 1 24 31 151 195
19 6 32 119 166 194
19 23 156 158 183
19 3 61 120 153
19 10 52 118 128
19 10 43 108 151
19 72 75 170
19 6 72 100
19 6 77 109
19 126 132 137
19 9 171
19 13 145
19 76 118
19 46 131
19 140 155
19 96 171
19 147
19 1
20 28 44 55 100 129 156 181
20 0 30 64 80 101 108 126
20 17 31 65 79 145 182
20 15 52 97 99 155 173
20 6 47 73 118 128 136
20 5 35 118 121 184 193
20 11 65 101 141 175
20 21 34 38 72 199
20 17 55 73 147 151
20 20 122 172 194
20 10 39 79 98
20 68 131 156
20 19 70 78
20 106 152 170
20 115 174 195
20 88 143 167
20 26 129 184
20 43 150 185
20 33 61 80
20 49 73
20 168 172
20 49 199
20 17
21 0 10 87 93 150 156 162 167 180 191
21 29 31 47 134 142 148 182
21 27 58 115 149 183 192 197
21 24 48 62 119 168 196
21 8 118 123 175 181
21 105 137 184 185
21 60 92 183
21 44 100 166
21 17 128 163
21 135 163 196
21 53 55 61
21 33 128 186
21 93 156 159
21 22 170
21 42 122
21 115 197
21 47 109
21 38 83
21 99
22 34 52 64 118 131 160 183 186
22 35 48 52 65 136 162 172 186
22 10 42 94 140 153 183
22 20 52 122 158 181 189
22 20 28 58 126 162 182
22 10 68 119 138 164 171
22 3 23 31 165 196
22 35 113 148 151 188
22 59 90 122 124 153
22 4 41 92 165
22 4 75 107 197
22 37 93 103 129
22 35 92 98 119
22 34 118 172 188
22 8 114 125 163
22 69 121 128 165
22 72 113 132 169
22 19 23 152
22 25 53 57
22 18 174 186
22 52 53 168
22 34 96
22 3 23
22 50 161
22 16
23 58 86 92 114 146 186 190
23 1 10 18 23 46 104 107
23 9 44 64 136 144 198
23 29 73 101 107 189
23 26 166 191 192 194
23 3 43 102 122 135
23 48 61 151 165
23 59 116 117 192
23 29 100 106 183
23 72 114 118 172
23 52 88 169 198
23 47 122 199
23 73 112 188
23 136 188
23 1 82
24 0 39 46 90 104 118 134 152
24 1 28 59 63 107 122 168
24 41 71 101 170 186 196
24 24 73 76 162 178 187
24 0 68 89 149 173
24 37 49 76 165 170
24 59 124 136 137
24 0 22 114 190
24 11 24 91 182
24 19 43 96 167
24 52 55 73 79
24 76 77 183
24 22 88 119
24 47 91 196
24 2 36 65
24 32 107 155
24 30 81 141
24 51 125 129
24 63 108 178
24 5 65 173
24 167 187 196
24 7 8 115
24 58 140
24 3 186
24 46 146
25 37 42 50 56 86 88 101 177
25 50 59 114 119 121 135
25 47 104 105 114 132
25 4 6 100 107 139
25 8 26 101 186
25 69 75 178 194
25 10 33 36 68
25 40 82 103 122
25 60 163 181
25 85 163
25 127 169
25 39 165
25 49 149
25 151
26 10 14 20 99 111 145 147 175
26 54 64 123 164 170 192 197
26 20 27 102 130 149 184
26 8 9 26 100 121 181
26 6 46 60 63 154 179
26 21 128 161 162 187
26 14 35 82 184 190
26 9 24 104 116 152
26 19 61 86 130 175
26 41 146 161 188
26 0 20 30
26 16 51 92
26 33 101 142
26 64 144
26 95 161
26 60
27 99 107 128 130 167
27 49 129 143 156 158
27 67 77 79 164 186
27 2 52 59 129 171
27 40 49 87 163 183
27 36 121 131
27 66 128 139
27 43 93 145
27 16 103 169
27 33 70 170
27 109 116
27 55 195
27 91
27 2
28 0 25 36 90 117 137 143 149 160 168
28 10 13 48 80 123 126 142 183 194
28 9 12 61 66 71 146 151 181
28 22 80 122 128 139 146 175
28 20 21 41 71 128 140 167
28 20 21 53 62 145 192
28 40 75 90 164 193
28 48 97 101 143 156
28 4 20 40 118 149
28 30 58 70 122 152
28 56 101 139 140 184
28 14 19 20 128
28 23 25 62 174
28 39 89 129 169
28 4 8 116
28 67 117 176
28 77 126 147
28 65 95 180
28 68 123 164
28 15 45 86
28 37 80 96
28 78 129
28 108 166
28 189 198
28 45 168
28 18
29 21 28 110 127 130 169 170 185
29 9 47 75 83 161 193
29 7 30 45 85 185 193
29 24 44 65 148 176 182
29 11 12 102 136 161 190
29 29 82 186 191 197
29 47 57 104 138 167
29 20 80 81 108 124
29 11 73 138
29 105 116 176
29 47 83 181
29 21 57 144
29 73 134 159
29 26 88 171
29 17 198
29 104 197
29 110 128
29 37 148
29 46 90
29 132 186
29 5 157
30 0 31 64 132 152 158 159 194
30 68 70 110 136 137 149 176
30 84 89 110 114 167 198
30 31 34 41 108 128 155
30 43 62 91 197 198
30 7 50 53 106 189
30 75 112 128 180 183
30 55 58 72 101 186
30 11 129 167 188 192
30 29 68 72 88 126
30 76 126 129 166
30 30 78 112
30 78 108 156
30 57 61 164
30 63 101 164
30 6 23 110
30 103 135 167
30 91 120 186
30 36 102
30 73 186
30 103 192
30 70
31 7 11 25 39 68 84 103 131
31 89 102 112 114 130 134 148
31 0 8 40 88 112 194
31 48 84 93 148 151 179
31 23 45 63 116 120 179
31 13 32 135 152 155
31 32 101 108 151 192
31 8 43 54 150 187
31 19 35 82 150 179
31 3 48 51 138 142
31 5 81 138 197
31 60 87 119 161
31 32 124 161 190
31 89 145 168
31 0 3 83
31 56 131 178
31 32 57 98
31 71 184 185
31 71 134
31 36 91
31 133
31 65
31 190
32 14 18 46 88 111 149 192
32 4 26 27 50 134
32 26 117 177 198
32 113 161 184 191
32 47 116 122 186
32 0 129 134 187
32 42 150 151 181
32 10 43 77 94
32 23 113 182 189
32 66 81 90
32 15 50 132
32 24 73 98
32 8 48 105
32 76 173
33 2 85 110 185 192
33 23 47 84 87 194
33 40 47 56 126 129
33 28 64 86 131 184
33 19 21 85 108
33 36 64 100 121
33 49 150 160 171
33 129 139 171 179
33 7 55 120 163
33 119 185 191
33 81 159 190
33 17 104 117
33 34 110
34 53 104 137 139 148 149 154 159 165 185
34 0 82 90 101 107 113 136 154
34 1 88 118 140 152 157 173
34 88 130 146 155 157
34 4 119 129 156 194
34 79 175 176 185
34 36 48 94 110
34 0 25 136 154
34 53 82 142
34 74 178 198
34 24 112 131
34 3 92 121
34 19 55 68
34 8 32
34 64 87
34 169 174
34 16 89
34 37 169
35 11 13 38 97 105 114 187 193 195
35 3 41 46 47 57 94 184
35 34 35 47 115 127 143 159
35 24 51 54 60 135 154 185
35 60 146 152 163 165 193
35 75 121 146 149
35 71 96 128 196
35 16 24 74 198
35 13 67 111 180
35 45 60 75 175
35 64 120 183 196
35 31 142 160
35 71 104 110
35 73 75
35 7 138
35 121 134
35 135
36 48 52 53 89 106 115 131 173
36 19 25 73 103 106 124 176 196
36 0 34 81 103 135 182 191
36 35 72 91 140 150 162
36 13 36 79 85 106 199
36 3 36 146 150 183
36 5 22 78 111 164
36 13 27 36 39 183
36 5 121 135 159 170
36 27 57 108 164
36 96 186 192
36 44 57 67
36 147 159 180
36 63 132 182
36 53 126 170
36 26 51 141
36 35 108
36 59 74
36 102 142
36 96 140
36 65 73
36 6
37 37 46 78 120 123 126 166
37 1 54 112 125 130 198
37 6 75 92 114 181 188
37 36 51 53 117 139
37 1 23 62 147 176
37 13 71 75 82 188
37 16 131 137 157
37 10 61 75 144
37 10 103 121 130
37 74 86 122 168
37 20 23 81 193
37 17 35 111 156
37 40 58 84 102
37 104 135 146
37 22 91 174
37 19 52 139
37 7 104 147
37 33 199
37 146 180
37 17 153
37 51 78
37 35
37 84
37 3
38 32 53 56 65 180 181 197
38 9 107 112 122 141 150 161
38 33 37 45 49 57 64 155
38 0 2 37 126 127 163
38 4 58 72 142 150
38 88 114 128 195
38 28 74 90 114
38 119 128 139 194
38 97 141 142 174
38 2 66 153
38 81 115 175
38 44 55 171
38 102 155 184
38 143 184 190
38 62 133 193
38 55 112 184
38 171 199
38 112
39 58 86 119 126 133 187
39 125 141 164 172 183 185
39 45 146 148 179 186
39 42 59 92 93 145
39 17 28 58 82 199
39 22 97 138 141 155
39 47 55 96 136
39 4 21 55 136
39 74 81 159 178
39 38 91 125 156
39 105 160 169 182
39 9 81 170 192
39 10 84 153 174
39 21 60 73 173
39 45 63 155
39 77 100 186
40 8 29 32 39 51 67 87 133 138 152
40 33 78 94 107 197 198
40 13 20 105 124 168 192
40 0 29 106 142 159 194
40 22 58 103 139 153
40 4 104 106 121 178
40 30 33 72 179 197
40 15 112 180 187
40 99 170 176 190
40 142 148 159 170
40 13 36 127 148
40 22 74 138 139
40 48 72 180 192
40 17 130 157
40 58 89 184
40 74 133 163
40 43 115 136
40 99 154 166
40 56 165
40 89 198
40 27 184
40 63 116
40 21 111
40 9 10
40 113
40 51
41 72 101 114 128 129 160 162 190
41 28 29 34 41 57 95 149
41 25 104 108 144 170 171
41 13 17 96 145 153
41 76 124 134 136 150
41 23 47 75 112 144
41 38 42 102 110 163
41 54 78 106 141
41 60 97 162
41 31 183 193
41 78 82
42 5 51 63 64 86 125
42 9 11 96 180 199
42 10 19 129 185 197
42 22 137 145 162
42 2 61 128 142
42 42 48 89 192
42 4 17 153
42 34 73 102
42 65 156 160
42 82 142 161
42 20 90 133
42 1 12 175
42 14 33 119
42 72 89 147
42 58 104 144
42 2 66
42 57 132
42 12
42 60
43 3 41 50 57 127 133 144
43 80 137 160 190 196
43 38 80 131 152 173
43 30 63 140 160 164
43 39 51 75 84
43 7 145 169 192
43 38 40 62 92
43 63 70 86 135
43 37 50 51 175
43 25 105 171
43 89 143 150
43 23 52 123
43 74 198
43 66 171
44 48 66 82 120 148 177
44 3 147 184 188 194 195
44 14 63 91 127 135
44 49 121 141 152 191
44 8 28 96 115 186
44 36 66 84 123 151
44 29 93 131 159 193
44 34 112 139 155
44 49 87 100 153
44 14 30 62 187
44 104 124 139 173
44 113 149 168 178
44 3 16 115 196
44 11 84 168
44 18 145 196
44 14 87 110
44 13 77 101
44 53 166 171
44 35 78 116
44 97 134
44 57 163
44 22 120
44 6 155
44 99
45 29 46 51 80 104 177 183
45 30 70 74 91 94 188
45 7 28 53 111 168
45 18 79 101 156 182
45 29 107 133 176 190
45 7 16 38 112 166
45 93 97 111 145 151
45 15 16 107 155
45 18 62 127 197
45 7 70 71 167
45 5 53 66 107
45 17 111 193
45 54 91 136
45 17 69 102
45 54 81 110
45 51 101 129
45 99 163
46 15 21 77 86 123 132 186 194
46 13 86 115 120 122 157 163
46 6 35 47 95 121 123 175
46 6 25 58 61 116 171
46 20 41 72 77 83 186
46 21 44 142 172 199
46 20 69 79 97 129
46 28 116 117 129 180
46 12 52 88 154 184
46 37 65 105 125 186
46 28 86 125 161 170
46 2 119 138 170
46 33 93 109 146
46 5 43 100 131
46 10 124 136 167
46 12 22 138 167
46 30 66 86 148
46 1 27 65
46 9 63 115
46 83 98 140
46 73 89 106
46 137 153
46 40 63
46 69 99
46 106
47 16 79 88 150 155 188
47 60 88 97 110 124 150
47 57 79 112 125 191
47 5 14 64 119 124
47 55 64 97 163 178
47 55 87 93 128 156
47 110 120 126 130
47 33 51 87 115
47 40 126 150 162
47 29 32 160 190
47 54 67 169
47 85 133 191
47 30 67 107
47 32 111 166
47 1 100 183
47 39 109 144
47 84 173
47 39 156
47 73 181
47 62 113
47 12 49
47 168 192
47 197
48 12 59 70 121 150 162 184
48 26 51 78 103 134 158 166
48 4 49 62 63 96 151
48 32 43 175 184 188 196
48 69 94 153 181 197
48 7 64 112 115 145
48 29 37 68 110 122
48 22 127 139 151
48 8 15 99 126
48 47 95 120 191
48 8 41 93 176
48 31 97 141 191
48 14 18 26 75
48 20 141 173
48 26 38 112
48 10 80 196
48 4 29 78
48 5 21 197
48 91 156
49 5 20 24 72 88 114 115 146
49 56 76 113 165 173 197
49 14 66 133 148 149 184
49 28 32 106 112 114 140
49 16 61 75 82 111 132
49 10 62 162 166 179 189
49 72 126 127 143 199
49 78 81 92 106 147
49 60 109 121 178 180
49 27 81 106 151 188
49 24 100 141 197
49 14 51 83 149
49 147 153 188 191
49 37 108 156 164
49 1 114 115
49 115 169 177
49 100 153 168
49 37 62
49 40 145
49 148 186
49 54 171
49 1 151
49 7 99
49 23
50 20 59 81 91 135 156 157 163 170 199
50 2 48 61 66 78 130 157 195
50 13 41 88 90 91 132 158
50 43 58 71 139 142 157 167
50 25 43 48 81 148 163
50 6 25 104 115 171
50 21 38 87 101 181
50 19 43 65 182 194
50 1 71 83 132 150
50 73 121 124 143
50 21 135 154 179
50 22 94 133 141
50 94 124 151 154
50 42 62 126 138
50 112 133
50 4 189
50 70 97
50 55 194
50 2 86
51 2 3 29 78 115 119 183
51 6 63 73 90 99 195
51 6 29 58 65 80 111
51 32 43 107 121 122
51 30 57 120 133 162
51 115 144 159 160
51 72 94 110 192
51 86 141 189
51 33 49 199
51 8 35 66
51 110 135 176
51 6 122 191
51 17 20 82
51 88 175
52 24 83 86 118 123 128 135 178
52 28 50 56 76 83 86 174
52 5 49 81 106 115 172 188
52 1 129 132 170 194 198
52 44 68 95 143 146 150
52 1 90 91 130 135 188
52 12 29 36 112 164 174
52 59 124 139 195 199
52 22 127 150 153 167
52 22 51 126 131
52 16 80 110 158
52 28 107 165 193
52 65 139 161 196
52 16 51 69 85
52 28 99 117 149
52 31 39 194
52 7 128
52 57 195
52 44 134
52 57 100
52 80 173
53 3 23 32 43 98 154
53 21 69 83 97 140 157
53 1 104 113 116 128 165
53 2 22 40 52 65
53 37 87 141 148 159
53 47 60 62 89 166
53 26 27 149 170 173
53 53 73 128 184
53 21 29 33 196
53 44 62 108 136
53 37 110 171 175
53 95 113 129 141
53 10 18 37 100
53 19 163 165
53 130 152
53 8 35
54 7 12 51 52 106 133 184
54 19 29 74 90 123 170 177
54 18 44 45 138 142 193
54 0 134 158 171 176
54 16 124 132 188 193
54 80 110 123 192
54 41 99 187 188
54 30 32 33 122
54 38 69 96 185
54 71 73 103 141
54 67 134 173 189
54 73 106 180 182
54 3 12 33 78
54 39 186 187
54 110 126 168
54 52 93 139
54 98 125 190
54 151 176
54 54 88
55 86 149 160 162 198
55 68 112 114 138 152
55 20 77 120 139 197
55 95 110 112 145 199
55 78 84 111 117 168
55 126 128 161 196
55 13 64 70 114
55 22 78 82 154
55 113 137 145 195
55 64 84 149 154
55 23 113 124 134
55 0 88 103 135
55 53 70 183
55 123 124 163
55 18 65 187
55 86 90 107
55 111 183
55 107 152
55 60 187
55 132 199
56 18 68 91 94 148 159
56 57 66 68 94 129 186
56 21 45 51 111 121 134
56 80 86 164 171 186
56 9 32 83 95 117
56 69 124 128 185 190
56 1 112 132 137 174
56 45 82 91 105 130
56 29 65 76 112 178
56 47 91 169 193
56 66 82 146 152
56 8 73 168 197
56 54 97 166
56 22 109 168
56 5 135 182
56 11 55 114
56 67 119 121
56 77 93 115
56 72 73 108
56 58 75
56 69 137
56 155 158
56 15 191
56 196
57 6 18 29 49 68 113 162 199
57 96 105 154 160 178 186
57 53 110 121 137 147 171
57 19 21 32 50 60 195
57 1 98 125 126 158 184
57 7 52 132 150 158
57 29 41 169 192 197
57 0 23 49 116 162
57 5 142 147 157 178
57 31 62 94 184
57 35 107 159 181
57 4 55 68 190
57 22 35 96 188
57 40 41 81 128
57 100 158 181
57 2 97 117
57 37 79 176
57 41 51 162
57 5 69
57 22 102
57 11 129
57 45 67
58 13 24 59 62 74 111 113 143
58 0 23 41 112 132 142 162 195
58 98 114 124 161 172 198
58 19 25 138 142 181
58 2 18 21 196 199
58 54 60 135 163 165
58 48 106 112 163 172
58 95 112 176 177
58 74 77 152 153
58 12 54 58 125
58 17 41 42 172
58 32 48 53 122
58 4 32 33 198
58 2 74 122 178
58 69 158 195
58 78 133 136
58 87 153
58 96 107
59 1 37 38 60 63 107 137 146 158
59 36 45 93 100 118 133 190
59 15 26 29 77 106 197
59 57 86 91 112 145 162
59 22 88 102 132 141 155
59 69 80 100 109 112 138
59 5 58 65 102 131 171
59 36 124 134 142 189
59 53 54 84 117 157
59 66 67 68 149
59 22 85 186
59 58 103 105
59 132 156
59 149 184
59 125
60 16 28 29 76 95 108 134 189
60 38 56 80 95 118 125 143
60 45 138 154 159 175 180
60 38 46 50 68 134 155
60 11 16 103 153 161 167
60 41 65 80 163 167
60 34 94 102 121 160
60 11 73 111 181
60 37 75 125 186
60 80 132 150 196
60 88 154 162 172
60 51 95 168 189
60 32 94 180
60 22 60 141
60 76 78 186
60 78 95 191
60 3 57 172
60 66 98 196
60 21 79 151
60 56 155 176
60 20 107
60 35 130
60 14 58
60 48 160
60 4 23
61 2 63 102 133 143 154 184 187
61 35 38 43 118 119 135 162
61 42 48 69 162 170 180
61 40 50 68 90 110
61 4 43 63 122 135
61 4 42 54 126 146
61 93 105 126 166 177
61 20 28 137 168 185
61 1 23 59 129
61 0 25 53 69
61 101 163 180 183
61 35 36 68 184
61 28 113 123 156
61 6 74 163 188
61 43 84 87 94
61 83 110 178
61 143 150 188
61 19 131 175
61 137 152 165
61 44 109 139
61 40 175
61 112 131
61 51 110
61 32
61 176
62 30 119 123 134 160 193
62 24 65 91 142 151
62 28 82 132 135 188
62 3 13 19 71 159
62 14 44 85 141 163
62 40 107 120 163 168
62 111 118 134 182
62 14 32 113 187
62 25 82 93 160
62 40 127 143 190
62 20 37 108 178
62 5 191 193 199
62 118 150 180 192
62 88 110 117 118
62 51 58 131
62 18 51 142
62 33 38 155
62 42 70 75
62 112 169 191
62 3 124
62 21 68
62 20 131
62 109 137
63 17 24 92 100 115 149 165
63 10 42 84 117 131 179 193
63 2 46 58 81 119 137 185
63 133 159 173 178 195 197
63 21 33 79 159 162 191
63 59 79 104 126 143 172
63 85 105 117 148 168
63 10 30 51 64 132
63 37 83 115 125 172
63 30 42 72 74 115
63 65 94 164 177
63 110 130 134 142
63 114 172 183 187
63 177 185
63 4 101
63 146 166
63 89
64 3 14 43 58 84 102 122 177
64 74 97 114 123 147 157 184
64 15 21 45 85 110 119 135
64 44 97 133 152 156 189
64 11 84 101 128 130 159
64 34 124 150 166 173 183
64 6 105 149 163 187
64 18 63 167 182 194
64 22 32 34 57 154
64 115 132 191 192 198
64 11 80 124 170 178
64 11 171 174 186
64 21 90 103 141
64 6 80 101 117
64 45 84 127 135
64 32 41 77 152
64 59 168 175
64 57 77
64 37 150
64 183
65 3 31 37 87 123 132 143
65 12 29 41 113 123 125 151
65 3 19 85 129 155 198
65 10 24 51 112 143 190
65 15 30 114 172 185 190
65 37 47 57 91 125
65 21 53 105 193 194
65 7 13 61 129 162
65 20 33 77 128 178
65 16 70 154 173 180
65 50 54 67 100 119
65 30 57 79 120 171
65 50 72 95 130
65 23 31 66 186
65 45 136 164 194
65 67 128 145 176
65 15 106 128 197
65 34 67 182
65 1 101 119
65 15 53 122
65 6 108 167
65 33 189
65 31 51
65 22 190
65 18 175
66 35 40 98 188 191 196
66 3 47 107 139 141 199
66 17 26 40 64 133 194
66 20 66 67 85 116 179
66 20 86 114 133 160
66 24 35 84 134 175
66 13 36 39 130 142
66 6 20 99 164 182
66 69 104 161 171
66 26 94 146 150
66 83 142 148 163
66 27 123 163
66 38 62 121
66 107 122 182
66 114 115 145
66 19 73 154
66 23 60 190
66 14 105 182
66 118 128
66 15 125
67 36 52 81 91 92 110 184
67 15 33 62 108 161 170 179
67 55 121 139 151 154
67 54 111 116 159 186
67 11 12 100 133 166
67 14 27 97 151 169
67 12 80 88 100
67 79 146 149 180
67 20 36 111 184
67 50 122 174
67 3 52 95
67 4 45 172
67 49 106 151
67 45 127 158
67 26 148
67 156
68 35 38 58 60 110 160 165 175 184
68 0 26 40 51 59 82 85 159
68 10 23 25 102 109 143 151
68 10 117 120 126 143 163 169
68 2 19 101 118 153
68 81 89 94 108 192
68 125 132 153 158 196
68 26 62 123 157 162
68 80 91 109 119 195
68 2 16 128 193
68 39 45 100 158
68 4 65 82 155
68 29 92 93 120
68 54 74 93
68 85 108 147
68 83 186 190
68 61 106 144
68 70 161
68 96 193
69 13 15 17 66 72 158 159 169
69 3 13 15 46 123 142 165
69 40 66 117 120 179 196
69 40 65 89 116 146 154
69 97 122 131 149 185 196
69 10 34 52 116 130
69 24 133 158 183 190
69 10 114 141 148
69 25 152 154 170
69 76 91 94 127
69 38 89 141 161
69 16 19 169 199
69 20 67 111 151
69 17 93 120
69 107 174 193
69 31 72 107
69 20 73 189
69 45 86 122
69 4 43
69 75 107
69 20 52
69 196
70 1 24 29 38 87 105 148 174 196
70 31 131 152 154 155 189
70 60 117 131 142 148 179
70 0 42 61 71 155 157
70 14 16 109 181 189
70 4 13 88 119 124
70 65 120 129 145
70 18 79 166 192
70 15 58 161 198
70 7 27 132
70 154 179 198
70 49 76 170
70 8 192 193
70 124 154 156
70 0 92 113
70 2 168 194
70 52 161
70 62 77
70 8 20
71 3 30 64 85 99 106
71 48 69 74 113 128
71 9 16 49 51 158
71 0 18 73 115 157
71 8 90 144 150 163
71 63 64 172 196
71 9 59 87 152
71 6 76 139 164
71 29 30 123 164
71 41 89 91 95
71 16 44 105 119
71 33 68 74 177
71 36 50 150
71 33 102 121
71 126 153 198
71 142 147 192
71 8 156
71 102 141
71 3
72 16 27 42 64 76 96 117 147 153
72 17 42 57 81 106 124 133 147
72 15 32 78 105 114 138 165
72 30 82 102 167 173 194
72 71 89 92 95 171
72 13 23 94 173 180
72 7 11 27 28 91
72 13 73 183 190
72 20 36 131 139
72 49 97 115 143
72 112 150 158 170
72 34 114 119 141
72 40 46 87 98
72 21 84 112 136
72 89 135 184 188
72 19 92 156
72 20 138
72 68 196
72 55 159
72 6 164
72 10 103
72 29 121
72 9 39
72 18 78
72 113
73 2 18 26 50 71 85 166 173 186
73 42 43 65 69 161
73 4 28 64 91 110
73 116 131 134 151 198
73 69 77 95 103 173
73 18 67 81 141 166
73 59 64 111 182
73 93 102 156 192
73 37 68 160 191
73 61 139 171 175
73 79 86 108
73 96 159 180
73 127 166 178
73 121 178
73 10 44
73 155
74 19 32 78 154 162 172 195
74 0 97 109 123 149 163
74 0 33 49 55 128 169
74 16 41 81 90 101 181
74 27 35 64 77 111
74 3 102 113 135 154
74 61 116 118 129 155
74 9 18 73 115 128
74 71 105 155 188
74 6 41 71 175
74 154 161 181
74 60 62 109
74 20 70
74 118 191
74 69
75 53 56 77 105 107 125 168 185
75 2 9 58 59 164 177
75 31 105 170 175 176
75 39 117 127 142 163
75 40 113 119 148 160
75 35 77 81 168
75 11 23 111 145
75 57 121 136 149
75 103 105 195 199
75 41 73 75 159
75 29 141 164
75 41 43 108
75 50 159 189
75 15 99
75 63 199
76 12 15 58 81 111 160 192
76 3 56 77 85 88 117 154
76 1 35 42 55 94 171
76 13 30 102 140 147 194
76 33 61 84 154 167
76 63 80 91 151 179
76 23 43 49 146 188
76 49 119 156 177 190
76 25 35 38 48
76 1 16 151 176
76 23 42 123
76 27 47 167
76 88 133 145
76 40 74 160
76 5 164
76 177 181
76 92 120
76 58 157
76 65 104
77 0 44 51 59 60 115 156 168
77 19 20 26 35 66 117 119 128
77 16 24 30 56 128 175 198
77 108 138 149 178 183 196
77 88 115 146 147 158 169
77 0 5 9 62 73 151
77 34 45 157 184
77 7 33 126 144
77 48 54 72 151
77 47 123 162
77 128 134 157
77 22 38 62
77 61 98 174
77 29 128 167
77 33 82 183
77 12 13
77 9 105
77 136 149
77 64
78 6 48 79 82 119 148 192
78 9 87 88 144
78 89 119 131 181
78 10 48 70 118
78 31 88 151 182
78 8 88 113 139
78 44 87 106 183
78 37 56 99 145
78 21 37 118 123
78 3 52 58
78 51 75 81
78 160 189 197
78 120 133 195
78 73 118 196
78 121 125 185
78 29 91
78 61 130
78 199
79 32 50 52 102 107 136 154 178 190
79 18 53 55 74 131 146 171
79 3 39 52 94 110 186
79 44 83 130 165 175
79 24 43 46 60 140
79 11 58 98 121 153
79 43 104 142 189
79 1 28 39 132
79 66 78 150 177
79 6 25 30 44
79 11 43 116 131
79 22 70 97 177
79 8 114 139
79 31 136 198
79 87 111
79 44 166
79 39 169
79 43 119
79 114 155
79 63 111
80 8 13 29 89 98 114 137 158
80 8 21 62 64 88 108 150
80 15 24 33 82 108 174
80 10 49 59 108 161 189
80 13 20 80 99 118 183
80 55 58 65 76 109
80 3 30 88 173 191
80 66 80 112 117 165
80 46 55 160 182
80 39 64 105 158
80 4 38 125 134
80 46 151 172 195
80 1 69 181
80 103 121 170
80 12 23 162
80 75 152 183
80 76 164 190
80 103 118
80 99 151
80 74 103
80 106 148
80 77 135
80 141 174
80 0
81 1 38 82 104 108 168 172 175 197
81 41 47 77 96 97 111 112 140
81 19 45 60 66 129 166 185
81 10 20 24 85 178 189
81 16 30 35 78 103 168
81 14 32 68 109 151 161
81 14 64 105 149 191
81 24 56 117 199
81 16 110 138 191
81 26 112 135 180
81 36 113 128 165
81 16 99 124 150
81 44 114 150 182
81 28 74 88 187
81 18 21 27 54
81 18 157 162 183
81 74 106 173
81 74 86 156
81 22 105 122
81 29 112 122
81 34 45
81 108 182
81 12 95
81 39 181
82 15 28 67 94 105 119 164 168
82 29 135 165 168 184 185
82 79 84 106 178
82 18 89 99 113
82 37 49 90 167
82 3 35 60 140
82 73 116 125 159
82 8 38 89 100
82 41 180 198 199
82 143 152 179
82 63 174 176
82 73 120 181
82 130 172 196
82 45 49
82 5 80
82 41 52
82 110 128
82 3 149
82 43
83 9 166 181 191
83 51 60 84 115
83 97 137 141 169
83 3 123 142 172
83 14 32 110 115
83 20 158 197
83 55 65 132
83 127 174
83 174 176
84 39 57 65 76 91 127 154 189
84 62 90 99 109 119 125 197
84 54 68 95 103 111 184 193
84 4 7 17 44 47 91 116
84 13 57 63 106 170 192
84 29 47 90 92 96 168
84 0 45 62 107 116 130
84 4 65 98 126 149 199
84 62 68 137 155 178
84 70 75 103 160 198
84 5 12 84 90 118
84 46 58 107 111 199
84 6 118 147 199
84 1 119 151 157
84 47 65 68 112
84 44 134 158 189
84 18 34 131 151
84 65 101 149
84 1 67 179
84 47 143 168
84 25 105 124
84 92 119 179
84 121 186
84 65 182
84 193
85 0 36 74 96 148 194 199
85 23 36 66 93 147 188 198
85 1 47 90 123 146 179 196
85 69 100 107 110 162 164
85 8 67 73 76 107
85 14 24 120 138 185
85 12 15 44 65 99
85 52 93 142 153 197
85 10 17 146 172
85 4 25 31 157
85 18 130 149 184
85 103 122 160
85 121 190 198
85 23 132 191
85 99 114 178
85 135 170 191
85 46 158
86 25 48 76 136 140 188 193
86 76 93 94 98 109 159 185
86 4 13 43 92 122 132 143
86 82 108 114 146 153
86 2 39 88 143 174
86 52 83 131 161 172
86 22 23 27 96
86 33 88 147 179
86 40 75 189 192
86 24 92 122 152
86 23 49 110 179
86 9 23 27 145
86 2 120 181
86 97 114
86 48 193
86 192
87 40 46 61 62 183 194 195
87 18 27 78 173 175 192 195
87 34 101 153 176 187 188
87 4 31 36 110 114 156
87 12 21 44 161 179
87 4 66 88 117 148
87 43 46 79 131 182
87 73 74 85 92 146
87 91 124 167 192
87 80 147 151 168
87 5 62 78 187
87 20 82 115 179
87 15 21 62 178
87 91 131 144
87 29 63 131
87 63 193
87 159
88 2 32 42 84 158 160
88 45 48 60 89 99 151
88 0 19 27 122 129
88 57 91 92 124
88 38 91 122 177
88 40 44 133 183
88 40 72 102 181
88 13 92 105 169
88 34 80 101 185
88 28 93 130 193
88 98 150 189
88 31 47 160
88 47 141 146
88 17 196
88 17 30
88 47
88 15
89 13 20 86 88 116 148 176 187
89 3 7 91 101 178
89 5 61 105 152 187
89 63 84 107 135 184
89 63 123 143 159 171
89 2 29 57 91 105
89 5 117 120 137
89 27 40 90
89 55 82 138
89 0 5 51
89 12 15 86
89 53 146 199
89 13 74
89 63 75
89 51 57
89 71 105
89 3
89 52
90 5 33 125 136 180 188 192
90 11 20 72 94 112 176 198
90 13 68 100 104
90 5 80 105 197
90 2 48 93 146
90 37 144 180 186
90 6 70 105 196
90 104 145 193
90 63 93 149
90 101 133 153
90 14 15 168
90 124 167
90 85
91 29 43 52 117 118 127 132 147
91 2 5 35 70 84 105 139
91 18 38 45 68 103 104 195
91 9 32 43 97 130 176
91 26 64 72 95 121 193
91 5 18 61 63 93 139
91 34 38 81 93 131
91 75 77 119 169 178
91 25 35 96 118
91 131 156 183 199
91 43 141 144 174
91 14 15 48 193
91 19 70 186
91 39 88 105
91 21 46 145
91 66 88 110
91 43 195
91 14 103
91 107 190
91 122
91 5
92 3 4 41 58 110 173 177
92 35 81 84 120 127 192
92 65 77 80 148 198
92 28 51 77 102 152
92 32 97 111 152 187
92 89 101 104 140 152
92 4 106 165 167 188
92 2 30 35 67
92 8 21 48 137
92 78 140 169 170
92 4 22 74 191
92 89 92 132
92 37 60 90
92 50 107 145
92 74 124 134
92 31 160 190
92 45 138
92 56 133
93 17 65 103 154 158 190 196
93 14 28 96 142 184 189
93 39 57 74 88 129 167
93 19 92 94 141 194
93 76 112 127 160 171
93 17 21 28 74 93
93 69 161 177 192 196
93 7 17 75 96
93 18 50 63 142
93 22 82 83 170
93 33 88 139 149
93 52 83 134
93 33 47 133
93 90 173
93 155 161
93 13 32
93 155 178
93 124 165
93 157
93 50
94 16 47 126 146 152 159 189
94 20 67 111 119 134 167 181
94 26 55 110 127 144 151
94 53 71 113 128 176
94 46 92 93 102 112
94 20 30 53 108 196
94 14 71 105 128 166
94 24 62 68 166
94 30 89 123 198
94 35 138 146 197
94 26 117 143 151
94 12 31 155 164
94 26 39 143
94 65 186 197
94 21 51 52
94 45 74 152
94 91 155 177
94 21 159
94 139 170
94 96 102
94 135
95 74 75 108 119 123 199
95 53 104 109 118 132 138
95 6 108 136 147 189
95 36 48 96 173 192
95 1 21 147 155 173
95 39 59 155 182 188
95 30 85 107 159
95 57 70 71 193
95 48 121 143 156
95 34 124 140 167
95 53 69 98
95 113 180 185
95 37 73 189
95 49 124
95 113 192
95 95
96 29 43 95 99 104 152 176
96 23 49 69 72 90 140 145
96 10 48 91 97 130 173
96 1 123 138 140 158 192
96 0 38 65 70 77 102
96 29 125 174 175 177
96 83 86 125 143 156
96 13 98 100 104 133
96 14 34 172 186
96 19 29 143 180
96 96 98 169
96 37 44 58
96 87 146 163
96 101 111 133
96 63 117 154
96 28 87
96 16 42
96 175
97 28 43 60 67 106 117 130 185
97 16 17 19 79 183 197
97 42 78 111 137 140 144
97 46 49 96 99 125
97 1 113 120 158 176
97 60 62 96 99 186
97 0 7 62 88 168
97 106 120 135 196
97 78 141 198 199
97 18 33 96 99
97 45 103 145 180
97 35 89 137 174
97 37 72 103 126
97 50 52 182
97 44 113 134
97 48 56 194
97 79 150 192
97 65 102
97 63
97 73
98 48 92 107 138 172 176 184
98 4 8 33 80 151 163 196
98 44 86 94 139 146 199
98 42 102 130 148 161 191
98 51 53 55 77 170
98 42 110 130 140 170
98 44 93 98 187
98 1 78 109 141
98 9 31 162 190
98 66 77 147 194
98 44 51 67 105
98 19 69 105 166
98 25 85 96 129
98 88 106 111 141
98 46 93 114 184
98 49 58 67
98 13 153 160
98 78 160 194
98 104 134 141
98 35 46 71
98 22 143 185
98 75 97
98 0 39
98 152
99 2 27 54 70 112 117 134 164 175 179
99 29 121 124 163 176 179
99 97 105 124 135 170
99 10 28 59 95 127
99 34 76 112 133 171
99 55 59 65 142 147
99 64 111 157 175 178
99 21 55 85 110 154
99 71 91 128 192 199
99 29 120 133 189
99 125 129 153
99 99 119 178
99 45 145 150
99 82 90 124
99 70 87 98
99 8 70 178
99 121 157
99 7 170
99 35 101
99 117
99 80
100 53 95 122 139 152 163 167
100 35 45 71 83 100 142 190
100 21 24 140 145 157 192
100 32 103 154 173 195
100 8 51 67 123 156
100 18 20 80 174 188
100 0 55 66 143 170
100 70 91 94 98 103
100 81 116 117 118 140
100 36 71 97 147 190
100 43 80 113 160
100 76 116 125 132
100 7 33 46 114
100 76 132 148 167
100 101 170 192
100 5 19 96
100 113 129 143
100 60 70 123
100 38 50 68
100 112 141
100 20 119
100 99 124
100 188
100 51
100 53
