4608 2304
1 0 1 3 6 10 15 21 28
1 0 2 4 7 11 16 22 29
1 0 36 37 39 42 46 51 57
1 0 64 65 67 70 74 79 85
1 1 2 5 8 12 17 23 30
1 1 36 38 40 43 47 52 58
1 1 113 114 116 119 123 128 134
1 2 64 66 68 71 75 80 86
1 2 113 115 117 120 124 129 135
1 36 64 92 93 95 98 102 107
1 36 113 141 142 144 147 151 156
1 64 113 162 163 165 168 172 177
1 3 4 5 9 13 18 24 31
1 3 37 38 41 44 48 53 59
1 3 198 199 201 204 208 213 219
1 4 65 66 69 72 76 81 87
1 4 198 200 202 205 209 214 220
1 37 65 92 94 96 99 103 108
1 37 198 226 227 229 232 236 241
1 65 198 247 248 250 253 257 262
1 5 114 115 118 121 125 130 136
1 5 199 200 203 206 210 215 221
1 38 114 141 143 145 148 152 157
1 38 199 226 228 230 233 237 242
1 114 199 283 284 286 289 293 298
1 66 115 162 164 166 169 173 178
1 66 200 247 249 251 254 258 263
1 115 200 283 285 287 290 294 299
1 92 141 162 183 184 186 189 193
1 92 226 247 268 269 271 274 278
1 141 226 283 304 305 307 310 314
1 162 247 283 319 320 322 325 329
1 6 7 8 9 14 19 25 32
1 6 39 40 41 45 49 54 60
1 6 344 345 347 350 354 359 365
1 7 67 68 69 73 77 82 88
1 7 344 346 348 351 355 360 366
1 39 67 93 94 97 100 104 109
1 39 344 372 373 375 378 382 387
1 67 344 393 394 396 399 403 408
1 8 116 117 118 122 126 131 137
1 8 345 346 349 352 356 361 367
1 40 116 142 143 146 149 153 158
1 40 345 372 374 376 379 383 388
1 116 345 429 430 432 435 439 444
1 68 117 163 164 167 170 174 179
1 68 346 393 395 397 400 404 409
1 117 346 429 431 433 436 440 445
1 93 142 163 183 185 187 190 194
1 93 372 393 414 415 417 420 424
1 142 372 429 450 451 453 456 460
1 163 393 429 465 466 468 471 475
1 9 201 202 203 207 211 216 222
1 9 347 348 349 353 357 362 368
1 41 201 227 228 231 234 238 243
1 41 347 373 374 377 380 384 389
1 201 347 490 491 493 496 500 505
1 69 202 248 249 252 255 259 264
1 69 348 394 395 398 401 405 410
1 202 348 490 492 494 497 501 506
1 94 227 248 268 270 272 275 279
1 94 373 394 414 416 418 421 425
1 227 373 490 511 512 514 517 521
1 248 394 490 526 527 529 532 536
1 118 203 284 285 288 291 295 300
1 118 349 430 431 434 437 441 446
1 203 349 491 492 495 498 502 507
1 143 228 284 304 306 308 311 315
1 143 374 430 450 452 454 457 461
1 228 374 491 511 513 515 518 522
1 284 430 491 551 552 554 557 561
1 164 249 285 319 321 323 326 330
1 164 395 431 465 467 469 472 476
1 249 395 492 526 528 530 533 537
1 285 431 492 551 553 555 558 562
1 183 268 304 319 334 335 337 340
1 183 414 450 465 480 481 483 486
1 268 414 511 526 541 542 544 547
1 304 450 511 551 566 567 569 572
1 319 465 526 551 576 577 579 582
1 10 11 12 13 14 20 26 33
1 10 42 43 44 45 50 55 61
1 10 592 593 595 598 602 607 613
1 11 70 71 72 73 78 83 89
1 11 592 594 596 599 603 608 614
1 42 70 95 96 97 101 105 110
1 42 592 620 621 623 626 630 635
1 70 592 641 642 644 647 651 656
1 12 119 120 121 122 127 132 138
1 12 593 594 597 600 604 609 615
1 43 119 144 145 146 150 154 159
1 43 593 620 622 624 627 631 636
1 119 593 677 678 680 683 687 692
1 71 120 165 166 167 171 175 180
1 71 594 641 643 645 648 652 657
1 120 594 677 679 681 684 688 693
1 95 144 165 184 185 188 191 195
1 95 620 641 662 663 665 668 672
1 144 620 677 698 699 701 704 708
1 165 641 677 713 714 716 719 723
1 13 204 205 206 207 212 217 223
1 13 595 596 597 601 605 610 616
1 44 204 229 230 231 235 239 244
1 44 595 621 622 625 628 632 637
1 204 595 738 739 741 744 748 753
1 72 205 250 251 252 256 260 265
1 72 596 642 643 646 649 653 658
1 205 596 738 740 742 745 749 754
1 96 229 250 269 270 273 276 280
1 96 621 642 662 664 666 669 673
1 229 621 738 759 760 762 765 769
1 250 642 738 774 775 777 780 784
1 121 206 286 287 288 292 296 301
1 121 597 678 679 682 685 689 694
1 206 597 739 740 743 746 750 755
1 145 230 286 305 306 309 312 316
1 145 622 678 698 700 702 705 709
1 230 622 739 759 761 763 766 770
1 286 678 739 799 800 802 805 809
1 166 251 287 320 321 324 327 331
1 166 643 679 713 715 717 720 724
1 251 643 740 774 776 778 781 785
1 287 679 740 799 801 803 806 810
1 184 269 305 320 334 336 338 341
1 184 662 698 713 728 729 731 734
1 269 662 759 774 789 790 792 795
1 305 698 759 799 814 815 817 820
1 320 713 774 799 824 825 827 830
1 14 350 351 352 353 358 363 369
1 14 598 599 600 601 606 611 617
1 45 350 375 376 377 381 385 390
1 45 598 623 624 625 629 633 638
1 350 598 840 841 843 846 850 855
1 73 351 396 397 398 402 406 411
1 73 599 644 645 646 650 654 659
1 351 599 840 842 844 847 851 856
1 97 375 396 415 416 419 422 426
1 97 623 644 663 664 667 670 674
1 375 623 840 861 862 864 867 871
1 396 644 840 876 877 879 882 886
1 122 352 432 433 434 438 442 447
1 122 600 680 681 682 686 690 695
1 352 600 841 842 845 848 852 857
1 146 376 432 451 452 455 458 462
1 146 624 680 699 700 703 706 710
1 376 624 841 861 863 865 868 872
1 432 680 841 901 902 904 907 911
1 167 397 433 466 467 470 473 477
1 167 645 681 714 715 718 721 725
1 397 645 842 876 878 880 883 887
1 433 681 842 901 903 905 908 912
1 185 415 451 466 480 482 484 487
1 185 663 699 714 728 730 732 735
1 415 663 861 876 891 892 894 897
1 451 699 861 901 916 917 919 922
1 466 714 876 901 926 927 929 932
1 207 353 493 494 495 499 503 508
1 207 601 741 742 743 747 751 756
1 353 601 843 844 845 849 853 858
1 231 377 493 512 513 516 519 523
1 231 625 741 760 761 764 767 771
1 377 625 843 862 863 866 869 873
1 493 741 843 942 943 945 948 952
1 252 398 494 527 528 531 534 538
1 252 646 742 775 776 779 782 786
1 398 646 844 877 878 881 884 888
1 494 742 844 942 944 946 949 953
1 270 416 512 527 541 543 545 548
1 270 664 760 775 789 791 793 796
1 416 664 862 877 891 893 895 898
1 512 760 862 942 957 958 960 963
1 527 775 877 942 967 968 970 973
1 288 434 495 552 553 556 559 563
1 288 682 743 800 801 804 807 811
1 434 682 845 902 903 906 909 913
1 495 743 845 943 944 947 950 954
1 306 452 513 552 566 568 570 573
1 306 700 761 800 814 816 818 821
1 452 700 863 902 916 918 920 923
1 513 761 863 943 957 959 961 964
1 552 800 902 943 983 984 986 989
1 321 467 528 553 576 578 580 583
1 321 715 776 801 824 826 828 831
1 467 715 878 903 926 928 930 933
1 528 776 878 944 967 969 971 974
1 553 801 903 944 983 985 987 990
1 334 480 541 566 576 586 587 589
1 334 728 789 814 824 834 835 837
1 480 728 891 916 926 936 937 939
1 541 789 891 957 967 977 978 980
1 566 814 916 957 983 993 994 996
1 576 824 926 967 983 999 1000 1002
1 15 16 17 18 19 20 27 34
1 15 46 47 48 49 50 56 62
1 15 1008 1009 1011 1014 1018 1023 1029
1 16 74 75 76 77 78 84 90
1 16 1008 1010 1012 1015 1019 1024 1030
1 46 74 98 99 100 101 106 111
1 46 1008 1036 1037 1039 1042 1046 1051
1 74 1008 1057 1058 1060 1063 1067 1072
1 17 123 124 125 126 127 133 139
1 17 1009 1010 1013 1016 1020 1025 1031
1 47 123 147 148 149 150 155 160
1 47 1009 1036 1038 1040 1043 1047 1052
1 123 1009 1093 1094 1096 1099 1103 1108
1 75 124 168 169 170 171 176 181
1 75 1010 1057 1059 1061 1064 1068 1073
1 124 1010 1093 1095 1097 1100 1104 1109
1 98 147 168 186 187 188 192 196
1 98 1036 1057 1078 1079 1081 1084 1088
1 147 1036 1093 1114 1115 1117 1120 1124
1 168 1057 1093 1129 1130 1132 1135 1139
1 18 208 209 210 211 212 218 224
1 18 1011 1012 1013 1017 1021 1026 1032
1 48 208 232 233 234 235 240 245
1 48 1011 1037 1038 1041 1044 1048 1053
1 208 1011 1154 1155 1157 1160 1164 1169
1 76 209 253 254 255 256 261 266
1 76 1012 1058 1059 1062 1065 1069 1074
1 209 1012 1154 1156 1158 1161 1165 1170
1 99 232 253 271 272 273 277 281
1 99 1037 1058 1078 1080 1082 1085 1089
1 232 1037 1154 1175 1176 1178 1181 1185
1 253 1058 1154 1190 1191 1193 1196 1200
1 125 210 289 290 291 292 297 302
1 125 1013 1094 1095 1098 1101 1105 1110
1 210 1013 1155 1156 1159 1162 1166 1171
1 148 233 289 307 308 309 313 317
1 148 1038 1094 1114 1116 1118 1121 1125
1 233 1038 1155 1175 1177 1179 1182 1186
1 289 1094 1155 1215 1216 1218 1221 1225
1 169 254 290 322 323 324 328 332
1 169 1059 1095 1129 1131 1133 1136 1140
1 254 1059 1156 1190 1192 1194 1197 1201
1 290 1095 1156 1215 1217 1219 1222 1226
1 186 271 307 322 335 336 339 342
1 186 1078 1114 1129 1144 1145 1147 1150
1 271 1078 1175 1190 1205 1206 1208 1211
1 307 1114 1175 1215 1230 1231 1233 1236
1 322 1129 1190 1215 1240 1241 1243 1246
1 19 354 355 356 357 358 364 370
1 19 1014 1015 1016 1017 1022 1027 1033
1 49 354 378 379 380 381 386 391
1 49 1014 1039 1040 1041 1045 1049 1054
1 354 1014 1256 1257 1259 1262 1266 1271
1 77 355 399 400 401 402 407 412
1 77 1015 1060 1061 1062 1066 1070 1075
1 355 1015 1256 1258 1260 1263 1267 1272
1 100 378 399 417 418 419 423 427
1 100 1039 1060 1079 1080 1083 1086 1090
1 378 1039 1256 1277 1278 1280 1283 1287
1 399 1060 1256 1292 1293 1295 1298 1302
1 126 356 435 436 437 438 443 448
1 126 1016 1096 1097 1098 1102 1106 1111
1 356 1016 1257 1258 1261 1264 1268 1273
1 149 379 435 453 454 455 459 463
1 149 1040 1096 1115 1116 1119 1122 1126
1 379 1040 1257 1277 1279 1281 1284 1288
1 435 1096 1257 1317 1318 1320 1323 1327
1 170 400 436 468 469 470 474 478
1 170 1061 1097 1130 1131 1134 1137 1141
1 400 1061 1258 1292 1294 1296 1299 1303
1 436 1097 1258 1317 1319 1321 1324 1328
1 187 417 453 468 481 482 485 488
1 187 1079 1115 1130 1144 1146 1148 1151
1 417 1079 1277 1292 1307 1308 1310 1313
1 453 1115 1277 1317 1332 1333 1335 1338
1 468 1130 1292 1317 1342 1343 1345 1348
1 211 357 496 497 498 499 504 509
1 211 1017 1157 1158 1159 1163 1167 1172
1 357 1017 1259 1260 1261 1265 1269 1274
1 234 380 496 514 515 516 520 524
1 234 1041 1157 1176 1177 1180 1183 1187
1 380 1041 1259 1278 1279 1282 1285 1289
1 496 1157 1259 1358 1359 1361 1364 1368
1 255 401 497 529 530 531 535 539
1 255 1062 1158 1191 1192 1195 1198 1202
1 401 1062 1260 1293 1294 1297 1300 1304
1 497 1158 1260 1358 1360 1362 1365 1369
1 272 418 514 529 542 543 546 549
1 272 1080 1176 1191 1205 1207 1209 1212
1 418 1080 1278 1293 1307 1309 1311 1314
1 514 1176 1278 1358 1373 1374 1376 1379
1 529 1191 1293 1358 1383 1384 1386 1389
1 291 437 498 554 555 556 560 564
1 291 1098 1159 1216 1217 1220 1223 1227
1 437 1098 1261 1318 1319 1322 1325 1329
1 498 1159 1261 1359 1360 1363 1366 1370
1 308 454 515 554 567 568 571 574
1 308 1116 1177 1216 1230 1232 1234 1237
1 454 1116 1279 1318 1332 1334 1336 1339
1 515 1177 1279 1359 1373 1375 1377 1380
1 554 1216 1318 1359 1399 1400 1402 1405
1 323 469 530 555 577 578 581 584
1 323 1131 1192 1217 1240 1242 1244 1247
1 469 1131 1294 1319 1342 1344 1346 1349
1 530 1192 1294 1360 1383 1385 1387 1390
1 555 1217 1319 1360 1399 1401 1403 1406
1 335 481 542 567 577 586 588 590
1 335 1144 1205 1230 1240 1250 1251 1253
1 481 1144 1307 1332 1342 1352 1353 1355
1 542 1205 1307 1373 1383 1393 1394 1396
1 567 1230 1332 1373 1399 1409 1410 1412
1 577 1240 1342 1383 1399 1415 1416 1418
1 20 602 603 604 605 606 612 618
1 20 1018 1019 1020 1021 1022 1028 1034
1 50 602 626 627 628 629 634 639
1 50 1018 1042 1043 1044 1045 1050 1055
1 602 1018 1424 1425 1427 1430 1434 1439
1 78 603 647 648 649 650 655 660
1 78 1019 1063 1064 1065 1066 1071 1076
1 603 1019 1424 1426 1428 1431 1435 1440
1 101 626 647 665 666 667 671 675
1 101 1042 1063 1081 1082 1083 1087 1091
1 626 1042 1424 1445 1446 1448 1451 1455
1 647 1063 1424 1460 1461 1463 1466 1470
1 127 604 683 684 685 686 691 696
1 127 1020 1099 1100 1101 1102 1107 1112
1 604 1020 1425 1426 1429 1432 1436 1441
1 150 627 683 701 702 703 707 711
1 150 1043 1099 1117 1118 1119 1123 1127
1 627 1043 1425 1445 1447 1449 1452 1456
1 683 1099 1425 1485 1486 1488 1491 1495
1 171 648 684 716 717 718 722 726
1 171 1064 1100 1132 1133 1134 1138 1142
1 648 1064 1426 1460 1462 1464 1467 1471
1 684 1100 1426 1485 1487 1489 1492 1496
1 188 665 701 716 729 730 733 736
1 188 1081 1117 1132 1145 1146 1149 1152
1 665 1081 1445 1460 1475 1476 1478 1481
1 701 1117 1445 1485 1500 1501 1503 1506
1 716 1132 1460 1485 1510 1511 1513 1516
1 212 605 744 745 746 747 752 757
1 212 1021 1160 1161 1162 1163 1168 1173
1 605 1021 1427 1428 1429 1433 1437 1442
1 235 628 744 762 763 764 768 772
1 235 1044 1160 1178 1179 1180 1184 1188
1 628 1044 1427 1446 1447 1450 1453 1457
1 744 1160 1427 1526 1527 1529 1532 1536
1 256 649 745 777 778 779 783 787
1 256 1065 1161 1193 1194 1195 1199 1203
1 649 1065 1428 1461 1462 1465 1468 1472
1 745 1161 1428 1526 1528 1530 1533 1537
1 273 666 762 777 790 791 794 797
1 273 1082 1178 1193 1206 1207 1210 1213
1 666 1082 1446 1461 1475 1477 1479 1482
1 762 1178 1446 1526 1541 1542 1544 1547
1 777 1193 1461 1526 1551 1552 1554 1557
1 292 685 746 802 803 804 808 812
1 292 1101 1162 1218 1219 1220 1224 1228
1 685 1101 1429 1486 1487 1490 1493 1497
1 746 1162 1429 1527 1528 1531 1534 1538
1 309 702 763 802 815 816 819 822
1 309 1118 1179 1218 1231 1232 1235 1238
1 702 1118 1447 1486 1500 1502 1504 1507
1 763 1179 1447 1527 1541 1543 1545 1548
1 802 1218 1486 1527 1567 1568 1570 1573
1 324 717 778 803 825 826 829 832
1 324 1133 1194 1219 1241 1242 1245 1248
1 717 1133 1462 1487 1510 1512 1514 1517
1 778 1194 1462 1528 1551 1553 1555 1558
1 803 1219 1487 1528 1567 1569 1571 1574
1 336 729 790 815 825 834 836 838
1 336 1145 1206 1231 1241 1250 1252 1254
1 729 1145 1475 1500 1510 1520 1521 1523
1 790 1206 1475 1541 1551 1561 1562 1564
1 815 1231 1500 1541 1567 1577 1578 1580
1 825 1241 1510 1551 1567 1583 1584 1586
1 358 606 846 847 848 849 854 859
1 358 1022 1262 1263 1264 1265 1270 1275
1 606 1022 1430 1431 1432 1433 1438 1443
1 381 629 846 864 865 866 870 874
1 381 1045 1262 1280 1281 1282 1286 1290
1 629 1045 1430 1448 1449 1450 1454 1458
1 846 1262 1430 1592 1593 1595 1598 1602
1 402 650 847 879 880 881 885 889
1 402 1066 1263 1295 1296 1297 1301 1305
1 650 1066 1431 1463 1464 1465 1469 1473
1 847 1263 1431 1592 1594 1596 1599 1603
1 419 667 864 879 892 893 896 899
1 419 1083 1280 1295 1308 1309 1312 1315
1 667 1083 1448 1463 1476 1477 1480 1483
1 864 1280 1448 1592 1607 1608 1610 1613
1 879 1295 1463 1592 1617 1618 1620 1623
1 438 686 848 904 905 906 910 914
1 438 1102 1264 1320 1321 1322 1326 1330
1 686 1102 1432 1488 1489 1490 1494 1498
1 848 1264 1432 1593 1594 1597 1600 1604
1 455 703 865 904 917 918 921 924
1 455 1119 1281 1320 1333 1334 1337 1340
1 703 1119 1449 1488 1501 1502 1505 1508
1 865 1281 1449 1593 1607 1609 1611 1614
1 904 1320 1488 1593 1633 1634 1636 1639
1 470 718 880 905 927 928 931 934
1 470 1134 1296 1321 1343 1344 1347 1350
1 718 1134 1464 1489 1511 1512 1515 1518
1 880 1296 1464 1594 1617 1619 1621 1624
1 905 1321 1489 1594 1633 1635 1637 1640
1 482 730 892 917 927 936 938 940
1 482 1146 1308 1333 1343 1352 1354 1356
1 730 1146 1476 1501 1511 1520 1522 1524
1 892 1308 1476 1607 1617 1627 1628 1630
1 917 1333 1501 1607 1633 1643 1644 1646
1 927 1343 1511 1617 1633 1649 1650 1652
1 499 747 849 945 946 947 951 955
1 499 1163 1265 1361 1362 1363 1367 1371
1 747 1163 1433 1529 1530 1531 1535 1539
1 849 1265 1433 1595 1596 1597 1601 1605
1 516 764 866 945 958 959 962 965
1 516 1180 1282 1361 1374 1375 1378 1381
1 764 1180 1450 1529 1542 1543 1546 1549
1 866 1282 1450 1595 1608 1609 1612 1615
1 945 1361 1529 1595 1658 1659 1661 1664
1 531 779 881 946 968 969 972 975
1 531 1195 1297 1362 1384 1385 1388 1391
1 779 1195 1465 1530 1552 1553 1556 1559
1 881 1297 1465 1596 1618 1619 1622 1625
1 946 1362 1530 1596 1658 1660 1662 1665
1 543 791 893 958 968 977 979 981
1 543 1207 1309 1374 1384 1393 1395 1397
1 791 1207 1477 1542 1552 1561 1563 1565
1 893 1309 1477 1608 1618 1627 1629 1631
1 958 1374 1542 1608 1658 1668 1669 1671
1 968 1384 1552 1618 1658 1674 1675 1677
1 556 804 906 947 984 985 988 991
1 556 1220 1322 1363 1400 1401 1404 1407
1 804 1220 1490 1531 1568 1569 1572 1575
1 906 1322 1490 1597 1634 1635 1638 1641
1 947 1363 1531 1597 1659 1660 1663 1666
1 568 816 918 959 984 993 995 997
1 568 1232 1334 1375 1400 1409 1411 1413
1 816 1232 1502 1543 1568 1577 1579 1581
1 918 1334 1502 1609 1634 1643 1645 1647
1 959 1375 1543 1609 1659 1668 1670 1672
1 984 1400 1568 1634 1659 1683 1684 1686
1 578 826 928 969 985 999 1001 1003
1 578 1242 1344 1385 1401 1415 1417 1419
1 826 1242 1512 1553 1569 1583 1585 1587
1 928 1344 1512 1619 1635 1649 1651 1653
1 969 1385 1553 1619 1660 1674 1676 1678
1 985 1401 1569 1635 1660 1683 1685 1687
1 586 834 936 977 993 999 1005 1006
1 586 1250 1352 1393 1409 1415 1421 1422
1 834 1250 1520 1561 1577 1583 1589 1590
1 936 1352 1520 1627 1643 1649 1655 1656
1 977 1393 1561 1627 1668 1674 1680 1681
1 993 1409 1577 1643 1668 1683 1689 1690
1 999 1415 1583 1649 1674 1683 1692 1693
1 21 22 23 24 25 26 27 35
1 21 51 52 53 54 55 56 63
1 21 1696 1697 1699 1702 1706 1711 1717
1 22 79 80 81 82 83 84 91
1 22 1696 1698 1700 1703 1707 1712 1718
1 51 79 102 103 104 105 106 112
1 51 1696 1724 1725 1727 1730 1734 1739
1 79 1696 1745 1746 1748 1751 1755 1760
1 23 128 129 130 131 132 133 140
1 23 1697 1698 1701 1704 1708 1713 1719
1 52 128 151 152 153 154 155 161
1 52 1697 1724 1726 1728 1731 1735 1740
1 128 1697 1781 1782 1784 1787 1791 1796
1 80 129 172 173 174 175 176 182
1 80 1698 1745 1747 1749 1752 1756 1761
1 129 1698 1781 1783 1785 1788 1792 1797
1 102 151 172 189 190 191 192 197
1 102 1724 1745 1766 1767 1769 1772 1776
1 151 1724 1781 1802 1803 1805 1808 1812
1 172 1745 1781 1817 1818 1820 1823 1827
1 24 213 214 215 216 217 218 225
1 24 1699 1700 1701 1705 1709 1714 1720
1 53 213 236 237 238 239 240 246
1 53 1699 1725 1726 1729 1732 1736 1741
1 213 1699 1842 1843 1845 1848 1852 1857
1 81 214 257 258 259 260 261 267
1 81 1700 1746 1747 1750 1753 1757 1762
1 214 1700 1842 1844 1846 1849 1853 1858
1 103 236 257 274 275 276 277 282
1 103 1725 1746 1766 1768 1770 1773 1777
1 236 1725 1842 1863 1864 1866 1869 1873
1 257 1746 1842 1878 1879 1881 1884 1888
1 130 215 293 294 295 296 297 303
1 130 1701 1782 1783 1786 1789 1793 1798
1 215 1701 1843 1844 1847 1850 1854 1859
1 152 237 293 310 311 312 313 318
1 152 1726 1782 1802 1804 1806 1809 1813
1 237 1726 1843 1863 1865 1867 1870 1874
1 293 1782 1843 1903 1904 1906 1909 1913
1 173 258 294 325 326 327 328 333
1 173 1747 1783 1817 1819 1821 1824 1828
1 258 1747 1844 1878 1880 1882 1885 1889
1 294 1783 1844 1903 1905 1907 1910 1914
1 189 274 310 325 337 338 339 343
1 189 1766 1802 1817 1832 1833 1835 1838
1 274 1766 1863 1878 1893 1894 1896 1899
1 310 1802 1863 1903 1918 1919 1921 1924
1 325 1817 1878 1903 1928 1929 1931 1934
1 25 359 360 361 362 363 364 371
1 25 1702 1703 1704 1705 1710 1715 1721
1 54 359 382 383 384 385 386 392
1 54 1702 1727 1728 1729 1733 1737 1742
1 359 1702 1944 1945 1947 1950 1954 1959
1 82 360 403 404 405 406 407 413
1 82 1703 1748 1749 1750 1754 1758 1763
1 360 1703 1944 1946 1948 1951 1955 1960
1 104 382 403 420 421 422 423 428
1 104 1727 1748 1767 1768 1771 1774 1778
1 382 1727 1944 1965 1966 1968 1971 1975
1 403 1748 1944 1980 1981 1983 1986 1990
1 131 361 439 440 441 442 443 449
1 131 1704 1784 1785 1786 1790 1794 1799
1 361 1704 1945 1946 1949 1952 1956 1961
1 153 383 439 456 457 458 459 464
1 153 1728 1784 1803 1804 1807 1810 1814
1 383 1728 1945 1965 1967 1969 1972 1976
1 439 1784 1945 2005 2006 2008 2011 2015
1 174 404 440 471 472 473 474 479
1 174 1749 1785 1818 1819 1822 1825 1829
1 404 1749 1946 1980 1982 1984 1987 1991
1 440 1785 1946 2005 2007 2009 2012 2016
1 190 420 456 471 483 484 485 489
1 190 1767 1803 1818 1832 1834 1836 1839
1 420 1767 1965 1980 1995 1996 1998 2001
1 456 1803 1965 2005 2020 2021 2023 2026
1 471 1818 1980 2005 2030 2031 2033 2036
1 216 362 500 501 502 503 504 510
1 216 1705 1845 1846 1847 1851 1855 1860
1 362 1705 1947 1948 1949 1953 1957 1962
1 238 384 500 517 518 519 520 525
1 238 1729 1845 1864 1865 1868 1871 1875
1 384 1729 1947 1966 1967 1970 1973 1977
1 500 1845 1947 2046 2047 2049 2052 2056
1 259 405 501 532 533 534 535 540
1 259 1750 1846 1879 1880 1883 1886 1890
1 405 1750 1948 1981 1982 1985 1988 1992
1 501 1846 1948 2046 2048 2050 2053 2057
1 275 421 517 532 544 545 546 550
1 275 1768 1864 1879 1893 1895 1897 1900
1 421 1768 1966 1981 1995 1997 1999 2002
1 517 1864 1966 2046 2061 2062 2064 2067
1 532 1879 1981 2046 2071 2072 2074 2077
1 295 441 502 557 558 559 560 565
1 295 1786 1847 1904 1905 1908 1911 1915
1 441 1786 1949 2006 2007 2010 2013 2017
1 502 1847 1949 2047 2048 2051 2054 2058
1 311 457 518 557 569 570 571 575
1 311 1804 1865 1904 1918 1920 1922 1925
1 457 1804 1967 2006 2020 2022 2024 2027
1 518 1865 1967 2047 2061 2063 2065 2068
1 557 1904 2006 2047 2087 2088 2090 2093
1 326 472 533 558 579 580 581 585
1 326 1819 1880 1905 1928 1930 1932 1935
1 472 1819 1982 2007 2030 2032 2034 2037
1 533 1880 1982 2048 2071 2073 2075 2078
1 558 1905 2007 2048 2087 2089 2091 2094
1 337 483 544 569 579 587 588 591
1 337 1832 1893 1918 1928 1938 1939 1941
1 483 1832 1995 2020 2030 2040 2041 2043
1 544 1893 1995 2061 2071 2081 2082 2084
1 569 1918 2020 2061 2087 2097 2098 2100
1 579 1928 2030 2071 2087 2103 2104 2106
1 26 607 608 609 610 611 612 619
1 26 1706 1707 1708 1709 1710 1716 1722
1 55 607 630 631 632 633 634 640
1 55 1706 1730 1731 1732 1733 1738 1743
1 607 1706 2112 2113 2115 2118 2122 2127
1 83 608 651 652 653 654 655 661
1 83 1707 1751 1752 1753 1754 1759 1764
1 608 1707 2112 2114 2116 2119 2123 2128
1 105 630 651 668 669 670 671 676
1 105 1730 1751 1769 1770 1771 1775 1779
1 630 1730 2112 2133 2134 2136 2139 2143
1 651 1751 2112 2148 2149 2151 2154 2158
1 132 609 687 688 689 690 691 697
1 132 1708 1787 1788 1789 1790 1795 1800
1 609 1708 2113 2114 2117 2120 2124 2129
1 154 631 687 704 705 706 707 712
1 154 1731 1787 1805 1806 1807 1811 1815
1 631 1731 2113 2133 2135 2137 2140 2144
1 687 1787 2113 2173 2174 2176 2179 2183
1 175 652 688 719 720 721 722 727
1 175 1752 1788 1820 1821 1822 1826 1830
1 652 1752 2114 2148 2150 2152 2155 2159
1 688 1788 2114 2173 2175 2177 2180 2184
1 191 668 704 719 731 732 733 737
1 191 1769 1805 1820 1833 1834 1837 1840
1 668 1769 2133 2148 2163 2164 2166 2169
1 704 1805 2133 2173 2188 2189 2191 2194
1 719 1820 2148 2173 2198 2199 2201 2204
1 217 610 748 749 750 751 752 758
1 217 1709 1848 1849 1850 1851 1856 1861
1 610 1709 2115 2116 2117 2121 2125 2130
1 239 632 748 765 766 767 768 773
1 239 1732 1848 1866 1867 1868 1872 1876
1 632 1732 2115 2134 2135 2138 2141 2145
1 748 1848 2115 2214 2215 2217 2220 2224
1 260 653 749 780 781 782 783 788
1 260 1753 1849 1881 1882 1883 1887 1891
1 653 1753 2116 2149 2150 2153 2156 2160
1 749 1849 2116 2214 2216 2218 2221 2225
1 276 669 765 780 792 793 794 798
1 276 1770 1866 1881 1894 1895 1898 1901
1 669 1770 2134 2149 2163 2165 2167 2170
1 765 1866 2134 2214 2229 2230 2232 2235
1 780 1881 2149 2214 2239 2240 2242 2245
1 296 689 750 805 806 807 808 813
1 296 1789 1850 1906 1907 1908 1912 1916
1 689 1789 2117 2174 2175 2178 2181 2185
1 750 1850 2117 2215 2216 2219 2222 2226
1 312 705 766 805 817 818 819 823
1 312 1806 1867 1906 1919 1920 1923 1926
1 705 1806 2135 2174 2188 2190 2192 2195
1 766 1867 2135 2215 2229 2231 2233 2236
1 805 1906 2174 2215 2255 2256 2258 2261
1 327 720 781 806 827 828 829 833
1 327 1821 1882 1907 1929 1930 1933 1936
1 720 1821 2150 2175 2198 2200 2202 2205
1 781 1882 2150 2216 2239 2241 2243 2246
1 806 1907 2175 2216 2255 2257 2259 2262
1 338 731 792 817 827 835 836 839
1 338 1833 1894 1919 1929 1938 1940 1942
1 731 1833 2163 2188 2198 2208 2209 2211
1 792 1894 2163 2229 2239 2249 2250 2252
1 817 1919 2188 2229 2255 2265 2266 2268
1 827 1929 2198 2239 2255 2271 2272 2274
1 363 611 850 851 852 853 854 860
1 363 1710 1950 1951 1952 1953 1958 1963
1 611 1710 2118 2119 2120 2121 2126 2131
1 385 633 850 867 868 869 870 875
1 385 1733 1950 1968 1969 1970 1974 1978
1 633 1733 2118 2136 2137 2138 2142 2146
1 850 1950 2118 2280 2281 2283 2286 2290
1 406 654 851 882 883 884 885 890
1 406 1754 1951 1983 1984 1985 1989 1993
1 654 1754 2119 2151 2152 2153 2157 2161
1 851 1951 2119 2280 2282 2284 2287 2291
1 422 670 867 882 894 895 896 900
1 422 1771 1968 1983 1996 1997 2000 2003
1 670 1771 2136 2151 2164 2165 2168 2171
1 867 1968 2136 2280 2295 2296 2298 2301
1 882 1983 2151 2280 2305 2306 2308 2311
1 442 690 852 907 908 909 910 915
1 442 1790 1952 2008 2009 2010 2014 2018
1 690 1790 2120 2176 2177 2178 2182 2186
1 852 1952 2120 2281 2282 2285 2288 2292
1 458 706 868 907 919 920 921 925
1 458 1807 1969 2008 2021 2022 2025 2028
1 706 1807 2137 2176 2189 2190 2193 2196
1 868 1969 2137 2281 2295 2297 2299 2302
1 907 2008 2176 2281 2321 2322 2324 2327
1 473 721 883 908 929 930 931 935
1 473 1822 1984 2009 2031 2032 2035 2038
1 721 1822 2152 2177 2199 2200 2203 2206
1 883 1984 2152 2282 2305 2307 2309 2312
1 908 2009 2177 2282 2321 2323 2325 2328
1 484 732 894 919 929 937 938 941
1 484 1834 1996 2021 2031 2040 2042 2044
1 732 1834 2164 2189 2199 2208 2210 2212
1 894 1996 2164 2295 2305 2315 2316 2318
1 919 2021 2189 2295 2321 2331 2332 2334
1 929 2031 2199 2305 2321 2337 2338 2340
1 503 751 853 948 949 950 951 956
1 503 1851 1953 2049 2050 2051 2055 2059
1 751 1851 2121 2217 2218 2219 2223 2227
1 853 1953 2121 2283 2284 2285 2289 2293
1 519 767 869 948 960 961 962 966
1 519 1868 1970 2049 2062 2063 2066 2069
1 767 1868 2138 2217 2230 2231 2234 2237
1 869 1970 2138 2283 2296 2297 2300 2303
1 948 2049 2217 2283 2346 2347 2349 2352
1 534 782 884 949 970 971 972 976
1 534 1883 1985 2050 2072 2073 2076 2079
1 782 1883 2153 2218 2240 2241 2244 2247
1 884 1985 2153 2284 2306 2307 2310 2313
1 949 2050 2218 2284 2346 2348 2350 2353
1 545 793 895 960 970 978 979 982
1 545 1895 1997 2062 2072 2081 2083 2085
1 793 1895 2165 2230 2240 2249 2251 2253
1 895 1997 2165 2296 2306 2315 2317 2319
1 960 2062 2230 2296 2346 2356 2357 2359
1 970 2072 2240 2306 2346 2362 2363 2365
1 559 807 909 950 986 987 988 992
1 559 1908 2010 2051 2088 2089 2092 2095
1 807 1908 2178 2219 2256 2257 2260 2263
1 909 2010 2178 2285 2322 2323 2326 2329
1 950 2051 2219 2285 2347 2348 2351 2354
1 570 818 920 961 986 994 995 998
1 570 1920 2022 2063 2088 2097 2099 2101
1 818 1920 2190 2231 2256 2265 2267 2269
1 920 2022 2190 2297 2322 2331 2333 2335
1 961 2063 2231 2297 2347 2356 2358 2360
1 986 2088 2256 2322 2347 2371 2372 2374
1 580 828 930 971 987 1000 1001 1004
1 580 1930 2032 2073 2089 2103 2105 2107
1 828 1930 2200 2241 2257 2271 2273 2275
1 930 2032 2200 2307 2323 2337 2339 2341
1 971 2073 2241 2307 2348 2362 2364 2366
1 987 2089 2257 2323 2348 2371 2373 2375
1 587 835 937 978 994 1000 1005 1007
1 587 1938 2040 2081 2097 2103 2109 2110
1 835 1938 2208 2249 2265 2271 2277 2278
1 937 2040 2208 2315 2331 2337 2343 2344
1 978 2081 2249 2315 2356 2362 2368 2369
1 994 2097 2265 2331 2356 2371 2377 2378
1 1000 2103 2271 2337 2362 2371 2380 2381
1 27 1023 1024 1025 1026 1027 1028 1035
1 27 1711 1712 1713 1714 1715 1716 1723
1 56 1023 1046 1047 1048 1049 1050 1056
1 56 1711 1734 1735 1736 1737 1738 1744
1 1023 1711 2384 2385 2387 2390 2394 2399
1 84 1024 1067 1068 1069 1070 1071 1077
1 84 1712 1755 1756 1757 1758 1759 1765
1 1024 1712 2384 2386 2388 2391 2395 2400
1 106 1046 1067 1084 1085 1086 1087 1092
1 106 1734 1755 1772 1773 1774 1775 1780
1 1046 1734 2384 2405 2406 2408 2411 2415
1 1067 1755 2384 2420 2421 2423 2426 2430
1 133 1025 1103 1104 1105 1106 1107 1113
1 133 1713 1791 1792 1793 1794 1795 1801
1 1025 1713 2385 2386 2389 2392 2396 2401
1 155 1047 1103 1120 1121 1122 1123 1128
1 155 1735 1791 1808 1809 1810 1811 1816
1 1047 1735 2385 2405 2407 2409 2412 2416
1 1103 1791 2385 2445 2446 2448 2451 2455
1 176 1068 1104 1135 1136 1137 1138 1143
1 176 1756 1792 1823 1824 1825 1826 1831
1 1068 1756 2386 2420 2422 2424 2427 2431
1 1104 1792 2386 2445 2447 2449 2452 2456
1 192 1084 1120 1135 1147 1148 1149 1153
1 192 1772 1808 1823 1835 1836 1837 1841
1 1084 1772 2405 2420 2435 2436 2438 2441
1 1120 1808 2405 2445 2460 2461 2463 2466
1 1135 1823 2420 2445 2470 2471 2473 2476
1 218 1026 1164 1165 1166 1167 1168 1174
1 218 1714 1852 1853 1854 1855 1856 1862
1 1026 1714 2387 2388 2389 2393 2397 2402
1 240 1048 1164 1181 1182 1183 1184 1189
1 240 1736 1852 1869 1870 1871 1872 1877
1 1048 1736 2387 2406 2407 2410 2413 2417
1 1164 1852 2387 2486 2487 2489 2492 2496
1 261 1069 1165 1196 1197 1198 1199 1204
1 261 1757 1853 1884 1885 1886 1887 1892
1 1069 1757 2388 2421 2422 2425 2428 2432
1 1165 1853 2388 2486 2488 2490 2493 2497
1 277 1085 1181 1196 1208 1209 1210 1214
1 277 1773 1869 1884 1896 1897 1898 1902
1 1085 1773 2406 2421 2435 2437 2439 2442
1 1181 1869 2406 2486 2501 2502 2504 2507
1 1196 1884 2421 2486 2511 2512 2514 2517
1 297 1105 1166 1221 1222 1223 1224 1229
1 297 1793 1854 1909 1910 1911 1912 1917
1 1105 1793 2389 2446 2447 2450 2453 2457
1 1166 1854 2389 2487 2488 2491 2494 2498
1 313 1121 1182 1221 1233 1234 1235 1239
1 313 1809 1870 1909 1921 1922 1923 1927
1 1121 1809 2407 2446 2460 2462 2464 2467
1 1182 1870 2407 2487 2501 2503 2505 2508
1 1221 1909 2446 2487 2527 2528 2530 2533
1 328 1136 1197 1222 1243 1244 1245 1249
1 328 1824 1885 1910 1931 1932 1933 1937
1 1136 1824 2422 2447 2470 2472 2474 2477
1 1197 1885 2422 2488 2511 2513 2515 2518
1 1222 1910 2447 2488 2527 2529 2531 2534
1 339 1147 1208 1233 1243 1251 1252 1255
1 339 1835 1896 1921 1931 1939 1940 1943
1 1147 1835 2435 2460 2470 2480 2481 2483
1 1208 1896 2435 2501 2511 2521 2522 2524
1 1233 1921 2460 2501 2527 2537 2538 2540
1 1243 1931 2470 2511 2527 2543 2544 2546
1 364 1027 1266 1267 1268 1269 1270 1276
1 364 1715 1954 1955 1956 1957 1958 1964
1 1027 1715 2390 2391 2392 2393 2398 2403
1 386 1049 1266 1283 1284 1285 1286 1291
1 386 1737 1954 1971 1972 1973 1974 1979
1 1049 1737 2390 2408 2409 2410 2414 2418
1 1266 1954 2390 2552 2553 2555 2558 2562
1 407 1070 1267 1298 1299 1300 1301 1306
1 407 1758 1955 1986 1987 1988 1989 1994
1 1070 1758 2391 2423 2424 2425 2429 2433
1 1267 1955 2391 2552 2554 2556 2559 2563
1 423 1086 1283 1298 1310 1311 1312 1316
1 423 1774 1971 1986 1998 1999 2000 2004
1 1086 1774 2408 2423 2436 2437 2440 2443
1 1283 1971 2408 2552 2567 2568 2570 2573
1 1298 1986 2423 2552 2577 2578 2580 2583
1 443 1106 1268 1323 1324 1325 1326 1331
1 443 1794 1956 2011 2012 2013 2014 2019
1 1106 1794 2392 2448 2449 2450 2454 2458
1 1268 1956 2392 2553 2554 2557 2560 2564
1 459 1122 1284 1323 1335 1336 1337 1341
1 459 1810 1972 2011 2023 2024 2025 2029
1 1122 1810 2409 2448 2461 2462 2465 2468
1 1284 1972 2409 2553 2567 2569 2571 2574
1 1323 2011 2448 2553 2593 2594 2596 2599
1 474 1137 1299 1324 1345 1346 1347 1351
1 474 1825 1987 2012 2033 2034 2035 2039
1 1137 1825 2424 2449 2471 2472 2475 2478
1 1299 1987 2424 2554 2577 2579 2581 2584
1 1324 2012 2449 2554 2593 2595 2597 2600
1 485 1148 1310 1335 1345 1353 1354 1357
1 485 1836 1998 2023 2033 2041 2042 2045
1 1148 1836 2436 2461 2471 2480 2482 2484
1 1310 1998 2436 2567 2577 2587 2588 2590
1 1335 2023 2461 2567 2593 2603 2604 2606
1 1345 2033 2471 2577 2593 2609 2610 2612
1 504 1167 1269 1364 1365 1366 1367 1372
1 504 1855 1957 2052 2053 2054 2055 2060
1 1167 1855 2393 2489 2490 2491 2495 2499
1 1269 1957 2393 2555 2556 2557 2561 2565
1 520 1183 1285 1364 1376 1377 1378 1382
1 520 1871 1973 2052 2064 2065 2066 2070
1 1183 1871 2410 2489 2502 2503 2506 2509
1 1285 1973 2410 2555 2568 2569 2572 2575
1 1364 2052 2489 2555 2618 2619 2621 2624
1 535 1198 1300 1365 1386 1387 1388 1392
1 535 1886 1988 2053 2074 2075 2076 2080
1 1198 1886 2425 2490 2512 2513 2516 2519
1 1300 1988 2425 2556 2578 2579 2582 2585
1 1365 2053 2490 2556 2618 2620 2622 2625
1 546 1209 1311 1376 1386 1394 1395 1398
1 546 1897 1999 2064 2074 2082 2083 2086
1 1209 1897 2437 2502 2512 2521 2523 2525
1 1311 1999 2437 2568 2578 2587 2589 2591
1 1376 2064 2502 2568 2618 2628 2629 2631
1 1386 2074 2512 2578 2618 2634 2635 2637
1 560 1223 1325 1366 1402 1403 1404 1408
1 560 1911 2013 2054 2090 2091 2092 2096
1 1223 1911 2450 2491 2528 2529 2532 2535
1 1325 2013 2450 2557 2594 2595 2598 2601
1 1366 2054 2491 2557 2619 2620 2623 2626
1 571 1234 1336 1377 1402 1410 1411 1414
1 571 1922 2024 2065 2090 2098 2099 2102
1 1234 1922 2462 2503 2528 2537 2539 2541
1 1336 2024 2462 2569 2594 2603 2605 2607
1 1377 2065 2503 2569 2619 2628 2630 2632
1 1402 2090 2528 2594 2619 2643 2644 2646
1 581 1244 1346 1387 1403 1416 1417 1420
1 581 1932 2034 2075 2091 2104 2105 2108
1 1244 1932 2472 2513 2529 2543 2545 2547
1 1346 2034 2472 2579 2595 2609 2611 2613
1 1387 2075 2513 2579 2620 2634 2636 2638
1 1403 2091 2529 2595 2620 2643 2645 2647
1 588 1251 1353 1394 1410 1416 1421 1423
1 588 1939 2041 2082 2098 2104 2109 2111
1 1251 1939 2480 2521 2537 2543 2549 2550
1 1353 2041 2480 2587 2603 2609 2615 2616
1 1394 2082 2521 2587 2628 2634 2640 2641
1 1410 2098 2537 2603 2628 2643 2649 2650
1 1416 2104 2543 2609 2634 2643 2652 2653
1 612 1028 1434 1435 1436 1437 1438 1444
1 612 1716 2122 2123 2124 2125 2126 2132
1 1028 1716 2394 2395 2396 2397 2398 2404
1 634 1050 1434 1451 1452 1453 1454 1459
1 634 1738 2122 2139 2140 2141 2142 2147
1 1050 1738 2394 2411 2412 2413 2414 2419
1 1434 2122 2394 2656 2657 2659 2662 2666
1 655 1071 1435 1466 1467 1468 1469 1474
1 655 1759 2123 2154 2155 2156 2157 2162
1 1071 1759 2395 2426 2427 2428 2429 2434
1 1435 2123 2395 2656 2658 2660 2663 2667
1 671 1087 1451 1466 1478 1479 1480 1484
1 671 1775 2139 2154 2166 2167 2168 2172
1 1087 1775 2411 2426 2438 2439 2440 2444
1 1451 2139 2411 2656 2671 2672 2674 2677
1 1466 2154 2426 2656 2681 2682 2684 2687
1 691 1107 1436 1491 1492 1493 1494 1499
1 691 1795 2124 2179 2180 2181 2182 2187
1 1107 1795 2396 2451 2452 2453 2454 2459
1 1436 2124 2396 2657 2658 2661 2664 2668
1 707 1123 1452 1491 1503 1504 1505 1509
1 707 1811 2140 2179 2191 2192 2193 2197
1 1123 1811 2412 2451 2463 2464 2465 2469
1 1452 2140 2412 2657 2671 2673 2675 2678
1 1491 2179 2451 2657 2697 2698 2700 2703
1 722 1138 1467 1492 1513 1514 1515 1519
1 722 1826 2155 2180 2201 2202 2203 2207
1 1138 1826 2427 2452 2473 2474 2475 2479
1 1467 2155 2427 2658 2681 2683 2685 2688
1 1492 2180 2452 2658 2697 2699 2701 2704
1 733 1149 1478 1503 1513 1521 1522 1525
1 733 1837 2166 2191 2201 2209 2210 2213
1 1149 1837 2438 2463 2473 2481 2482 2485
1 1478 2166 2438 2671 2681 2691 2692 2694
1 1503 2191 2463 2671 2697 2707 2708 2710
1 1513 2201 2473 2681 2697 2713 2714 2716
1 752 1168 1437 1532 1533 1534 1535 1540
1 752 1856 2125 2220 2221 2222 2223 2228
1 1168 1856 2397 2492 2493 2494 2495 2500
1 1437 2125 2397 2659 2660 2661 2665 2669
1 768 1184 1453 1532 1544 1545 1546 1550
1 768 1872 2141 2220 2232 2233 2234 2238
1 1184 1872 2413 2492 2504 2505 2506 2510
1 1453 2141 2413 2659 2672 2673 2676 2679
1 1532 2220 2492 2659 2722 2723 2725 2728
1 783 1199 1468 1533 1554 1555 1556 1560
1 783 1887 2156 2221 2242 2243 2244 2248
1 1199 1887 2428 2493 2514 2515 2516 2520
1 1468 2156 2428 2660 2682 2683 2686 2689
1 1533 2221 2493 2660 2722 2724 2726 2729
1 794 1210 1479 1544 1554 1562 1563 1566
1 794 1898 2167 2232 2242 2250 2251 2254
1 1210 1898 2439 2504 2514 2522 2523 2526
1 1479 2167 2439 2672 2682 2691 2693 2695
1 1544 2232 2504 2672 2722 2732 2733 2735
1 1554 2242 2514 2682 2722 2738 2739 2741
1 808 1224 1493 1534 1570 1571 1572 1576
1 808 1912 2181 2222 2258 2259 2260 2264
1 1224 1912 2453 2494 2530 2531 2532 2536
1 1493 2181 2453 2661 2698 2699 2702 2705
1 1534 2222 2494 2661 2723 2724 2727 2730
1 819 1235 1504 1545 1570 1578 1579 1582
1 819 1923 2192 2233 2258 2266 2267 2270
1 1235 1923 2464 2505 2530 2538 2539 2542
1 1504 2192 2464 2673 2698 2707 2709 2711
1 1545 2233 2505 2673 2723 2732 2734 2736
1 1570 2258 2530 2698 2723 2747 2748 2750
1 829 1245 1514 1555 1571 1584 1585 1588
1 829 1933 2202 2243 2259 2272 2273 2276
1 1245 1933 2474 2515 2531 2544 2545 2548
1 1514 2202 2474 2683 2699 2713 2715 2717
1 1555 2243 2515 2683 2724 2738 2740 2742
1 1571 2259 2531 2699 2724 2747 2749 2751
1 836 1252 1521 1562 1578 1584 1589 1591
1 836 1940 2209 2250 2266 2272 2277 2279
1 1252 1940 2481 2522 2538 2544 2549 2551
1 1521 2209 2481 2691 2707 2713 2719 2720
1 1562 2250 2522 2691 2732 2738 2744 2745
1 1578 2266 2538 2707 2732 2747 2753 2754
1 1584 2272 2544 2713 2738 2747 2756 2757
1 854 1270 1438 1598 1599 1600 1601 1606
1 854 1958 2126 2286 2287 2288 2289 2294
1 1270 1958 2398 2558 2559 2560 2561 2566
1 1438 2126 2398 2662 2663 2664 2665 2670
1 870 1286 1454 1598 1610 1611 1612 1616
1 870 1974 2142 2286 2298 2299 2300 2304
1 1286 1974 2414 2558 2570 2571 2572 2576
1 1454 2142 2414 2662 2674 2675 2676 2680
1 1598 2286 2558 2662 2760 2761 2763 2766
1 885 1301 1469 1599 1620 1621 1622 1626
1 885 1989 2157 2287 2308 2309 2310 2314
1 1301 1989 2429 2559 2580 2581 2582 2586
1 1469 2157 2429 2663 2684 2685 2686 2690
1 1599 2287 2559 2663 2760 2762 2764 2767
1 896 1312 1480 1610 1620 1628 1629 1632
1 896 2000 2168 2298 2308 2316 2317 2320
1 1312 2000 2440 2570 2580 2588 2589 2592
1 1480 2168 2440 2674 2684 2692 2693 2696
1 1610 2298 2570 2674 2760 2770 2771 2773
1 1620 2308 2580 2684 2760 2776 2777 2779
1 910 1326 1494 1600 1636 1637 1638 1642
1 910 2014 2182 2288 2324 2325 2326 2330
1 1326 2014 2454 2560 2596 2597 2598 2602
1 1494 2182 2454 2664 2700 2701 2702 2706
1 1600 2288 2560 2664 2761 2762 2765 2768
1 921 1337 1505 1611 1636 1644 1645 1648
1 921 2025 2193 2299 2324 2332 2333 2336
1 1337 2025 2465 2571 2596 2604 2605 2608
1 1505 2193 2465 2675 2700 2708 2709 2712
1 1611 2299 2571 2675 2761 2770 2772 2774
1 1636 2324 2596 2700 2761 2785 2786 2788
1 931 1347 1515 1621 1637 1650 1651 1654
1 931 2035 2203 2309 2325 2338 2339 2342
1 1347 2035 2475 2581 2597 2610 2611 2614
1 1515 2203 2475 2685 2701 2714 2715 2718
1 1621 2309 2581 2685 2762 2776 2778 2780
1 1637 2325 2597 2701 2762 2785 2787 2789
1 938 1354 1522 1628 1644 1650 1655 1657
1 938 2042 2210 2316 2332 2338 2343 2345
1 1354 2042 2482 2588 2604 2610 2615 2617
1 1522 2210 2482 2692 2708 2714 2719 2721
1 1628 2316 2588 2692 2770 2776 2782 2783
1 1644 2332 2604 2708 2770 2785 2791 2792
1 1650 2338 2610 2714 2776 2785 2794 2795
1 951 1367 1535 1601 1661 1662 1663 1667
1 951 2055 2223 2289 2349 2350 2351 2355
1 1367 2055 2495 2561 2621 2622 2623 2627
1 1535 2223 2495 2665 2725 2726 2727 2731
1 1601 2289 2561 2665 2763 2764 2765 2769
1 962 1378 1546 1612 1661 1669 1670 1673
1 962 2066 2234 2300 2349 2357 2358 2361
1 1378 2066 2506 2572 2621 2629 2630 2633
1 1546 2234 2506 2676 2725 2733 2734 2737
1 1612 2300 2572 2676 2763 2771 2772 2775
1 1661 2349 2621 2725 2763 2798 2799 2801
1 972 1388 1556 1622 1662 1675 1676 1679
1 972 2076 2244 2310 2350 2363 2364 2367
1 1388 2076 2516 2582 2622 2635 2636 2639
1 1556 2244 2516 2686 2726 2739 2740 2743
1 1622 2310 2582 2686 2764 2777 2778 2781
1 1662 2350 2622 2726 2764 2798 2800 2802
1 979 1395 1563 1629 1669 1675 1680 1682
1 979 2083 2251 2317 2357 2363 2368 2370
1 1395 2083 2523 2589 2629 2635 2640 2642
1 1563 2251 2523 2693 2733 2739 2744 2746
1 1629 2317 2589 2693 2771 2777 2782 2784
1 1669 2357 2629 2733 2771 2798 2804 2805
1 1675 2363 2635 2739 2777 2798 2807 2808
1 988 1404 1572 1638 1663 1684 1685 1688
1 988 2092 2260 2326 2351 2372 2373 2376
1 1404 2092 2532 2598 2623 2644 2645 2648
1 1572 2260 2532 2702 2727 2748 2749 2752
1 1638 2326 2598 2702 2765 2786 2787 2790
1 1663 2351 2623 2727 2765 2799 2800 2803
1 995 1411 1579 1645 1670 1684 1689 1691
1 995 2099 2267 2333 2358 2372 2377 2379
1 1411 2099 2539 2605 2630 2644 2649 2651
1 1579 2267 2539 2709 2734 2748 2753 2755
1 1645 2333 2605 2709 2772 2786 2791 2793
1 1670 2358 2630 2734 2772 2799 2804 2806
1 1684 2372 2644 2748 2786 2799 2811 2812
1 1001 1417 1585 1651 1676 1685 1692 1694
1 1001 2105 2273 2339 2364 2373 2380 2382
1 1417 2105 2545 2611 2636 2645 2652 2654
1 1585 2273 2545 2715 2740 2749 2756 2758
1 1651 2339 2611 2715 2778 2787 2794 2796
1 1676 2364 2636 2740 2778 2800 2807 2809
1 1685 2373 2645 2749 2787 2800 2811 2813
1 1005 1421 1589 1655 1680 1689 1692 1695
1 1005 2109 2277 2343 2368 2377 2380 2383
1 1421 2109 2549 2615 2640 2649 2652 2655
1 1589 2277 2549 2719 2744 2753 2756 2759
1 1655 2343 2615 2719 2782 2791 2794 2797
1 1680 2368 2640 2744 2782 2804 2807 2810
1 1689 2377 2649 2753 2791 2804 2811 2814
1 1692 2380 2652 2756 2794 2807 2811 2815
1 28 29 30 31 32 33 34 35
1 28 57 58 59 60 61 62 63
1 28 2816 2817 2819 2822 2826 2831 2837
1 29 85 86 87 88 89 90 91
1 29 2816 2818 2820 2823 2827 2832 2838
1 57 85 107 108 109 110 111 112
1 57 2816 2844 2845 2847 2850 2854 2859
1 85 2816 2865 2866 2868 2871 2875 2880
1 30 134 135 136 137 138 139 140
1 30 2817 2818 2821 2824 2828 2833 2839
1 58 134 156 157 158 159 160 161
1 58 2817 2844 2846 2848 2851 2855 2860
1 134 2817 2901 2902 2904 2907 2911 2916
1 86 135 177 178 179 180 181 182
1 86 2818 2865 2867 2869 2872 2876 2881
1 135 2818 2901 2903 2905 2908 2912 2917
1 107 156 177 193 194 195 196 197
1 107 2844 2865 2886 2887 2889 2892 2896
1 156 2844 2901 2922 2923 2925 2928 2932
1 177 2865 2901 2937 2938 2940 2943 2947
1 31 219 220 221 222 223 224 225
1 31 2819 2820 2821 2825 2829 2834 2840
1 59 219 241 242 243 244 245 246
1 59 2819 2845 2846 2849 2852 2856 2861
1 219 2819 2962 2963 2965 2968 2972 2977
1 87 220 262 263 264 265 266 267
1 87 2820 2866 2867 2870 2873 2877 2882
1 220 2820 2962 2964 2966 2969 2973 2978
1 108 241 262 278 279 280 281 282
1 108 2845 2866 2886 2888 2890 2893 2897
1 241 2845 2962 2983 2984 2986 2989 2993
1 262 2866 2962 2998 2999 3001 3004 3008
1 136 221 298 299 300 301 302 303
1 136 2821 2902 2903 2906 2909 2913 2918
1 221 2821 2963 2964 2967 2970 2974 2979
1 157 242 298 314 315 316 317 318
1 157 2846 2902 2922 2924 2926 2929 2933
1 242 2846 2963 2983 2985 2987 2990 2994
1 298 2902 2963 3023 3024 3026 3029 3033
1 178 263 299 329 330 331 332 333
1 178 2867 2903 2937 2939 2941 2944 2948
1 263 2867 2964 2998 3000 3002 3005 3009
1 299 2903 2964 3023 3025 3027 3030 3034
1 193 278 314 329 340 341 342 343
1 193 2886 2922 2937 2952 2953 2955 2958
1 278 2886 2983 2998 3013 3014 3016 3019
1 314 2922 2983 3023 3038 3039 3041 3044
1 329 2937 2998 3023 3048 3049 3051 3054
1 32 365 366 367 368 369 370 371
1 32 2822 2823 2824 2825 2830 2835 2841
1 60 365 387 388 389 390 391 392
1 60 2822 2847 2848 2849 2853 2857 2862
1 365 2822 3064 3065 3067 3070 3074 3079
1 88 366 408 409 410 411 412 413
1 88 2823 2868 2869 2870 2874 2878 2883
1 366 2823 3064 3066 3068 3071 3075 3080
1 109 387 408 424 425 426 427 428
1 109 2847 2868 2887 2888 2891 2894 2898
1 387 2847 3064 3085 3086 3088 3091 3095
1 408 2868 3064 3100 3101 3103 3106 3110
1 137 367 444 445 446 447 448 449
1 137 2824 2904 2905 2906 2910 2914 2919
1 367 2824 3065 3066 3069 3072 3076 3081
1 158 388 444 460 461 462 463 464
1 158 2848 2904 2923 2924 2927 2930 2934
1 388 2848 3065 3085 3087 3089 3092 3096
1 444 2904 3065 3125 3126 3128 3131 3135
1 179 409 445 475 476 477 478 479
1 179 2869 2905 2938 2939 2942 2945 2949
1 409 2869 3066 3100 3102 3104 3107 3111
1 445 2905 3066 3125 3127 3129 3132 3136
1 194 424 460 475 486 487 488 489
1 194 2887 2923 2938 2952 2954 2956 2959
1 424 2887 3085 3100 3115 3116 3118 3121
1 460 2923 3085 3125 3140 3141 3143 3146
1 475 2938 3100 3125 3150 3151 3153 3156
1 222 368 505 506 507 508 509 510
1 222 2825 2965 2966 2967 2971 2975 2980
1 368 2825 3067 3068 3069 3073 3077 3082
1 243 389 505 521 522 523 524 525
1 243 2849 2965 2984 2985 2988 2991 2995
1 389 2849 3067 3086 3087 3090 3093 3097
1 505 2965 3067 3166 3167 3169 3172 3176
1 264 410 506 536 537 538 539 540
1 264 2870 2966 2999 3000 3003 3006 3010
1 410 2870 3068 3101 3102 3105 3108 3112
1 506 2966 3068 3166 3168 3170 3173 3177
1 279 425 521 536 547 548 549 550
1 279 2888 2984 2999 3013 3015 3017 3020
1 425 2888 3086 3101 3115 3117 3119 3122
1 521 2984 3086 3166 3181 3182 3184 3187
1 536 2999 3101 3166 3191 3192 3194 3197
1 300 446 507 561 562 563 564 565
1 300 2906 2967 3024 3025 3028 3031 3035
1 446 2906 3069 3126 3127 3130 3133 3137
1 507 2967 3069 3167 3168 3171 3174 3178
1 315 461 522 561 572 573 574 575
1 315 2924 2985 3024 3038 3040 3042 3045
1 461 2924 3087 3126 3140 3142 3144 3147
1 522 2985 3087 3167 3181 3183 3185 3188
1 561 3024 3126 3167 3207 3208 3210 3213
1 330 476 537 562 582 583 584 585
1 330 2939 3000 3025 3048 3050 3052 3055
1 476 2939 3102 3127 3150 3152 3154 3157
1 537 3000 3102 3168 3191 3193 3195 3198
1 562 3025 3127 3168 3207 3209 3211 3214
1 340 486 547 572 582 589 590 591
1 340 2952 3013 3038 3048 3058 3059 3061
1 486 2952 3115 3140 3150 3160 3161 3163
1 547 3013 3115 3181 3191 3201 3202 3204
1 572 3038 3140 3181 3207 3217 3218 3220
1 582 3048 3150 3191 3207 3223 3224 3226
1 33 613 614 615 616 617 618 619
1 33 2826 2827 2828 2829 2830 2836 2842
1 61 613 635 636 637 638 639 640
1 61 2826 2850 2851 2852 2853 2858 2863
1 613 2826 3232 3233 3235 3238 3242 3247
1 89 614 656 657 658 659 660 661
1 89 2827 2871 2872 2873 2874 2879 2884
1 614 2827 3232 3234 3236 3239 3243 3248
1 110 635 656 672 673 674 675 676
1 110 2850 2871 2889 2890 2891 2895 2899
1 635 2850 3232 3253 3254 3256 3259 3263
1 656 2871 3232 3268 3269 3271 3274 3278
1 138 615 692 693 694 695 696 697
1 138 2828 2907 2908 2909 2910 2915 2920
1 615 2828 3233 3234 3237 3240 3244 3249
1 159 636 692 708 709 710 711 712
1 159 2851 2907 2925 2926 2927 2931 2935
1 636 2851 3233 3253 3255 3257 3260 3264
1 692 2907 3233 3293 3294 3296 3299 3303
1 180 657 693 723 724 725 726 727
1 180 2872 2908 2940 2941 2942 2946 2950
1 657 2872 3234 3268 3270 3272 3275 3279
1 693 2908 3234 3293 3295 3297 3300 3304
1 195 672 708 723 734 735 736 737
1 195 2889 2925 2940 2953 2954 2957 2960
1 672 2889 3253 3268 3283 3284 3286 3289
1 708 2925 3253 3293 3308 3309 3311 3314
1 723 2940 3268 3293 3318 3319 3321 3324
1 223 616 753 754 755 756 757 758
1 223 2829 2968 2969 2970 2971 2976 2981
1 616 2829 3235 3236 3237 3241 3245 3250
1 244 637 753 769 770 771 772 773
1 244 2852 2968 2986 2987 2988 2992 2996
1 637 2852 3235 3254 3255 3258 3261 3265
1 753 2968 3235 3334 3335 3337 3340 3344
1 265 658 754 784 785 786 787 788
1 265 2873 2969 3001 3002 3003 3007 3011
1 658 2873 3236 3269 3270 3273 3276 3280
1 754 2969 3236 3334 3336 3338 3341 3345
1 280 673 769 784 795 796 797 798
1 280 2890 2986 3001 3014 3015 3018 3021
1 673 2890 3254 3269 3283 3285 3287 3290
1 769 2986 3254 3334 3349 3350 3352 3355
1 784 3001 3269 3334 3359 3360 3362 3365
1 301 694 755 809 810 811 812 813
1 301 2909 2970 3026 3027 3028 3032 3036
1 694 2909 3237 3294 3295 3298 3301 3305
1 755 2970 3237 3335 3336 3339 3342 3346
1 316 709 770 809 820 821 822 823
1 316 2926 2987 3026 3039 3040 3043 3046
1 709 2926 3255 3294 3308 3310 3312 3315
1 770 2987 3255 3335 3349 3351 3353 3356
1 809 3026 3294 3335 3375 3376 3378 3381
1 331 724 785 810 830 831 832 833
1 331 2941 3002 3027 3049 3050 3053 3056
1 724 2941 3270 3295 3318 3320 3322 3325
1 785 3002 3270 3336 3359 3361 3363 3366
1 810 3027 3295 3336 3375 3377 3379 3382
1 341 734 795 820 830 837 838 839
1 341 2953 3014 3039 3049 3058 3060 3062
1 734 2953 3283 3308 3318 3328 3329 3331
1 795 3014 3283 3349 3359 3369 3370 3372
1 820 3039 3308 3349 3375 3385 3386 3388
1 830 3049 3318 3359 3375 3391 3392 3394
1 369 617 855 856 857 858 859 860
1 369 2830 3070 3071 3072 3073 3078 3083
1 617 2830 3238 3239 3240 3241 3246 3251
1 390 638 855 871 872 873 874 875
1 390 2853 3070 3088 3089 3090 3094 3098
1 638 2853 3238 3256 3257 3258 3262 3266
1 855 3070 3238 3400 3401 3403 3406 3410
1 411 659 856 886 887 888 889 890
1 411 2874 3071 3103 3104 3105 3109 3113
1 659 2874 3239 3271 3272 3273 3277 3281
1 856 3071 3239 3400 3402 3404 3407 3411
1 426 674 871 886 897 898 899 900
1 426 2891 3088 3103 3116 3117 3120 3123
1 674 2891 3256 3271 3284 3285 3288 3291
1 871 3088 3256 3400 3415 3416 3418 3421
1 886 3103 3271 3400 3425 3426 3428 3431
1 447 695 857 911 912 913 914 915
1 447 2910 3072 3128 3129 3130 3134 3138
1 695 2910 3240 3296 3297 3298 3302 3306
1 857 3072 3240 3401 3402 3405 3408 3412
1 462 710 872 911 922 923 924 925
1 462 2927 3089 3128 3141 3142 3145 3148
1 710 2927 3257 3296 3309 3310 3313 3316
1 872 3089 3257 3401 3415 3417 3419 3422
1 911 3128 3296 3401 3441 3442 3444 3447
1 477 725 887 912 932 933 934 935
1 477 2942 3104 3129 3151 3152 3155 3158
1 725 2942 3272 3297 3319 3320 3323 3326
1 887 3104 3272 3402 3425 3427 3429 3432
1 912 3129 3297 3402 3441 3443 3445 3448
1 487 735 897 922 932 939 940 941
1 487 2954 3116 3141 3151 3160 3162 3164
1 735 2954 3284 3309 3319 3328 3330 3332
1 897 3116 3284 3415 3425 3435 3436 3438
1 922 3141 3309 3415 3441 3451 3452 3454
1 932 3151 3319 3425 3441 3457 3458 3460
1 508 756 858 952 953 954 955 956
1 508 2971 3073 3169 3170 3171 3175 3179
1 756 2971 3241 3337 3338 3339 3343 3347
1 858 3073 3241 3403 3404 3405 3409 3413
1 523 771 873 952 963 964 965 966
1 523 2988 3090 3169 3182 3183 3186 3189
1 771 2988 3258 3337 3350 3351 3354 3357
1 873 3090 3258 3403 3416 3417 3420 3423
1 952 3169 3337 3403 3466 3467 3469 3472
1 538 786 888 953 973 974 975 976
1 538 3003 3105 3170 3192 3193 3196 3199
1 786 3003 3273 3338 3360 3361 3364 3367
1 888 3105 3273 3404 3426 3427 3430 3433
1 953 3170 3338 3404 3466 3468 3470 3473
1 548 796 898 963 973 980 981 982
1 548 3015 3117 3182 3192 3201 3203 3205
1 796 3015 3285 3350 3360 3369 3371 3373
1 898 3117 3285 3416 3426 3435 3437 3439
1 963 3182 3350 3416 3466 3476 3477 3479
1 973 3192 3360 3426 3466 3482 3483 3485
1 563 811 913 954 989 990 991 992
1 563 3028 3130 3171 3208 3209 3212 3215
1 811 3028 3298 3339 3376 3377 3380 3383
1 913 3130 3298 3405 3442 3443 3446 3449
1 954 3171 3339 3405 3467 3468 3471 3474
1 573 821 923 964 989 996 997 998
1 573 3040 3142 3183 3208 3217 3219 3221
1 821 3040 3310 3351 3376 3385 3387 3389
1 923 3142 3310 3417 3442 3451 3453 3455
1 964 3183 3351 3417 3467 3476 3478 3480
1 989 3208 3376 3442 3467 3491 3492 3494
1 583 831 933 974 990 1002 1003 1004
1 583 3050 3152 3193 3209 3223 3225 3227
1 831 3050 3320 3361 3377 3391 3393 3395
1 933 3152 3320 3427 3443 3457 3459 3461
1 974 3193 3361 3427 3468 3482 3484 3486
1 990 3209 3377 3443 3468 3491 3493 3495
1 589 837 939 980 996 1002 1006 1007
1 589 3058 3160 3201 3217 3223 3229 3230
1 837 3058 3328 3369 3385 3391 3397 3398
1 939 3160 3328 3435 3451 3457 3463 3464
1 980 3201 3369 3435 3476 3482 3488 3489
1 996 3217 3385 3451 3476 3491 3497 3498
1 1002 3223 3391 3457 3482 3491 3500 3501
1 34 1029 1030 1031 1032 1033 1034 1035
1 34 2831 2832 2833 2834 2835 2836 2843
1 62 1029 1051 1052 1053 1054 1055 1056
1 62 2831 2854 2855 2856 2857 2858 2864
1 1029 2831 3504 3505 3507 3510 3514 3519
1 90 1030 1072 1073 1074 1075 1076 1077
1 90 2832 2875 2876 2877 2878 2879 2885
1 1030 2832 3504 3506 3508 3511 3515 3520
1 111 1051 1072 1088 1089 1090 1091 1092
1 111 2854 2875 2892 2893 2894 2895 2900
1 1051 2854 3504 3525 3526 3528 3531 3535
1 1072 2875 3504 3540 3541 3543 3546 3550
1 139 1031 1108 1109 1110 1111 1112 1113
1 139 2833 2911 2912 2913 2914 2915 2921
1 1031 2833 3505 3506 3509 3512 3516 3521
1 160 1052 1108 1124 1125 1126 1127 1128
1 160 2855 2911 2928 2929 2930 2931 2936
1 1052 2855 3505 3525 3527 3529 3532 3536
1 1108 2911 3505 3565 3566 3568 3571 3575
1 181 1073 1109 1139 1140 1141 1142 1143
1 181 2876 2912 2943 2944 2945 2946 2951
1 1073 2876 3506 3540 3542 3544 3547 3551
1 1109 2912 3506 3565 3567 3569 3572 3576
1 196 1088 1124 1139 1150 1151 1152 1153
1 196 2892 2928 2943 2955 2956 2957 2961
1 1088 2892 3525 3540 3555 3556 3558 3561
1 1124 2928 3525 3565 3580 3581 3583 3586
1 1139 2943 3540 3565 3590 3591 3593 3596
1 224 1032 1169 1170 1171 1172 1173 1174
1 224 2834 2972 2973 2974 2975 2976 2982
1 1032 2834 3507 3508 3509 3513 3517 3522
1 245 1053 1169 1185 1186 1187 1188 1189
1 245 2856 2972 2989 2990 2991 2992 2997
1 1053 2856 3507 3526 3527 3530 3533 3537
1 1169 2972 3507 3606 3607 3609 3612 3616
1 266 1074 1170 1200 1201 1202 1203 1204
1 266 2877 2973 3004 3005 3006 3007 3012
1 1074 2877 3508 3541 3542 3545 3548 3552
1 1170 2973 3508 3606 3608 3610 3613 3617
1 281 1089 1185 1200 1211 1212 1213 1214
1 281 2893 2989 3004 3016 3017 3018 3022
1 1089 2893 3526 3541 3555 3557 3559 3562
1 1185 2989 3526 3606 3621 3622 3624 3627
1 1200 3004 3541 3606 3631 3632 3634 3637
1 302 1110 1171 1225 1226 1227 1228 1229
1 302 2913 2974 3029 3030 3031 3032 3037
1 1110 2913 3509 3566 3567 3570 3573 3577
1 1171 2974 3509 3607 3608 3611 3614 3618
1 317 1125 1186 1225 1236 1237 1238 1239
1 317 2929 2990 3029 3041 3042 3043 3047
1 1125 2929 3527 3566 3580 3582 3584 3587
1 1186 2990 3527 3607 3621 3623 3625 3628
1 1225 3029 3566 3607 3647 3648 3650 3653
1 332 1140 1201 1226 1246 1247 1248 1249
1 332 2944 3005 3030 3051 3052 3053 3057
1 1140 2944 3542 3567 3590 3592 3594 3597
1 1201 3005 3542 3608 3631 3633 3635 3638
1 1226 3030 3567 3608 3647 3649 3651 3654
1 342 1150 1211 1236 1246 1253 1254 1255
1 342 2955 3016 3041 3051 3059 3060 3063
1 1150 2955 3555 3580 3590 3600 3601 3603
1 1211 3016 3555 3621 3631 3641 3642 3644
1 1236 3041 3580 3621 3647 3657 3658 3660
1 1246 3051 3590 3631 3647 3663 3664 3666
1 370 1033 1271 1272 1273 1274 1275 1276
1 370 2835 3074 3075 3076 3077 3078 3084
1 1033 2835 3510 3511 3512 3513 3518 3523
1 391 1054 1271 1287 1288 1289 1290 1291
1 391 2857 3074 3091 3092 3093 3094 3099
1 1054 2857 3510 3528 3529 3530 3534 3538
1 1271 3074 3510 3672 3673 3675 3678 3682
1 412 1075 1272 1302 1303 1304 1305 1306
1 412 2878 3075 3106 3107 3108 3109 3114
1 1075 2878 3511 3543 3544 3545 3549 3553
1 1272 3075 3511 3672 3674 3676 3679 3683
1 427 1090 1287 1302 1313 1314 1315 1316
1 427 2894 3091 3106 3118 3119 3120 3124
1 1090 2894 3528 3543 3556 3557 3560 3563
1 1287 3091 3528 3672 3687 3688 3690 3693
1 1302 3106 3543 3672 3697 3698 3700 3703
1 448 1111 1273 1327 1328 1329 1330 1331
1 448 2914 3076 3131 3132 3133 3134 3139
1 1111 2914 3512 3568 3569 3570 3574 3578
1 1273 3076 3512 3673 3674 3677 3680 3684
1 463 1126 1288 1327 1338 1339 1340 1341
1 463 2930 3092 3131 3143 3144 3145 3149
1 1126 2930 3529 3568 3581 3582 3585 3588
1 1288 3092 3529 3673 3687 3689 3691 3694
1 1327 3131 3568 3673 3713 3714 3716 3719
1 478 1141 1303 1328 1348 1349 1350 1351
1 478 2945 3107 3132 3153 3154 3155 3159
1 1141 2945 3544 3569 3591 3592 3595 3598
1 1303 3107 3544 3674 3697 3699 3701 3704
1 1328 3132 3569 3674 3713 3715 3717 3720
1 488 1151 1313 1338 1348 1355 1356 1357
1 488 2956 3118 3143 3153 3161 3162 3165
1 1151 2956 3556 3581 3591 3600 3602 3604
1 1313 3118 3556 3687 3697 3707 3708 3710
1 1338 3143 3581 3687 3713 3723 3724 3726
1 1348 3153 3591 3697 3713 3729 3730 3732
1 509 1172 1274 1368 1369 1370 1371 1372
1 509 2975 3077 3172 3173 3174 3175 3180
1 1172 2975 3513 3609 3610 3611 3615 3619
1 1274 3077 3513 3675 3676 3677 3681 3685
1 524 1187 1289 1368 1379 1380 1381 1382
1 524 2991 3093 3172 3184 3185 3186 3190
1 1187 2991 3530 3609 3622 3623 3626 3629
1 1289 3093 3530 3675 3688 3689 3692 3695
1 1368 3172 3609 3675 3738 3739 3741 3744
1 539 1202 1304 1369 1389 1390 1391 1392
1 539 3006 3108 3173 3194 3195 3196 3200
1 1202 3006 3545 3610 3632 3633 3636 3639
1 1304 3108 3545 3676 3698 3699 3702 3705
1 1369 3173 3610 3676 3738 3740 3742 3745
1 549 1212 1314 1379 1389 1396 1397 1398
1 549 3017 3119 3184 3194 3202 3203 3206
1 1212 3017 3557 3622 3632 3641 3643 3645
1 1314 3119 3557 3688 3698 3707 3709 3711
1 1379 3184 3622 3688 3738 3748 3749 3751
1 1389 3194 3632 3698 3738 3754 3755 3757
1 564 1227 1329 1370 1405 1406 1407 1408
1 564 3031 3133 3174 3210 3211 3212 3216
1 1227 3031 3570 3611 3648 3649 3652 3655
1 1329 3133 3570 3677 3714 3715 3718 3721
1 1370 3174 3611 3677 3739 3740 3743 3746
1 574 1237 1339 1380 1405 1412 1413 1414
1 574 3042 3144 3185 3210 3218 3219 3222
1 1237 3042 3582 3623 3648 3657 3659 3661
1 1339 3144 3582 3689 3714 3723 3725 3727
1 1380 3185 3623 3689 3739 3748 3750 3752
1 1405 3210 3648 3714 3739 3763 3764 3766
1 584 1247 1349 1390 1406 1418 1419 1420
1 584 3052 3154 3195 3211 3224 3225 3228
1 1247 3052 3592 3633 3649 3663 3665 3667
1 1349 3154 3592 3699 3715 3729 3731 3733
1 1390 3195 3633 3699 3740 3754 3756 3758
1 1406 3211 3649 3715 3740 3763 3765 3767
1 590 1253 1355 1396 1412 1418 1422 1423
1 590 3059 3161 3202 3218 3224 3229 3231
1 1253 3059 3600 3641 3657 3663 3669 3670
1 1355 3161 3600 3707 3723 3729 3735 3736
1 1396 3202 3641 3707 3748 3754 3760 3761
1 1412 3218 3657 3723 3748 3763 3769 3770
1 1418 3224 3663 3729 3754 3763 3772 3773
1 618 1034 1439 1440 1441 1442 1443 1444
1 618 2836 3242 3243 3244 3245 3246 3252
1 1034 2836 3514 3515 3516 3517 3518 3524
1 639 1055 1439 1455 1456 1457 1458 1459
1 639 2858 3242 3259 3260 3261 3262 3267
1 1055 2858 3514 3531 3532 3533 3534 3539
1 1439 3242 3514 3776 3777 3779 3782 3786
1 660 1076 1440 1470 1471 1472 1473 1474
1 660 2879 3243 3274 3275 3276 3277 3282
1 1076 2879 3515 3546 3547 3548 3549 3554
1 1440 3243 3515 3776 3778 3780 3783 3787
1 675 1091 1455 1470 1481 1482 1483 1484
1 675 2895 3259 3274 3286 3287 3288 3292
1 1091 2895 3531 3546 3558 3559 3560 3564
1 1455 3259 3531 3776 3791 3792 3794 3797
1 1470 3274 3546 3776 3801 3802 3804 3807
1 696 1112 1441 1495 1496 1497 1498 1499
1 696 2915 3244 3299 3300 3301 3302 3307
1 1112 2915 3516 3571 3572 3573 3574 3579
1 1441 3244 3516 3777 3778 3781 3784 3788
1 711 1127 1456 1495 1506 1507 1508 1509
1 711 2931 3260 3299 3311 3312 3313 3317
1 1127 2931 3532 3571 3583 3584 3585 3589
1 1456 3260 3532 3777 3791 3793 3795 3798
1 1495 3299 3571 3777 3817 3818 3820 3823
1 726 1142 1471 1496 1516 1517 1518 1519
1 726 2946 3275 3300 3321 3322 3323 3327
1 1142 2946 3547 3572 3593 3594 3595 3599
1 1471 3275 3547 3778 3801 3803 3805 3808
1 1496 3300 3572 3778 3817 3819 3821 3824
1 736 1152 1481 1506 1516 1523 1524 1525
1 736 2957 3286 3311 3321 3329 3330 3333
1 1152 2957 3558 3583 3593 3601 3602 3605
1 1481 3286 3558 3791 3801 3811 3812 3814
1 1506 3311 3583 3791 3817 3827 3828 3830
1 1516 3321 3593 3801 3817 3833 3834 3836
1 757 1173 1442 1536 1537 1538 1539 1540
1 757 2976 3245 3340 3341 3342 3343 3348
1 1173 2976 3517 3612 3613 3614 3615 3620
1 1442 3245 3517 3779 3780 3781 3785 3789
1 772 1188 1457 1536 1547 1548 1549 1550
1 772 2992 3261 3340 3352 3353 3354 3358
1 1188 2992 3533 3612 3624 3625 3626 3630
1 1457 3261 3533 3779 3792 3793 3796 3799
1 1536 3340 3612 3779 3842 3843 3845 3848
1 787 1203 1472 1537 1557 1558 1559 1560
1 787 3007 3276 3341 3362 3363 3364 3368
1 1203 3007 3548 3613 3634 3635 3636 3640
1 1472 3276 3548 3780 3802 3803 3806 3809
1 1537 3341 3613 3780 3842 3844 3846 3849
1 797 1213 1482 1547 1557 1564 1565 1566
1 797 3018 3287 3352 3362 3370 3371 3374
1 1213 3018 3559 3624 3634 3642 3643 3646
1 1482 3287 3559 3792 3802 3811 3813 3815
1 1547 3352 3624 3792 3842 3852 3853 3855
1 1557 3362 3634 3802 3842 3858 3859 3861
1 812 1228 1497 1538 1573 1574 1575 1576
1 812 3032 3301 3342 3378 3379 3380 3384
1 1228 3032 3573 3614 3650 3651 3652 3656
1 1497 3301 3573 3781 3818 3819 3822 3825
1 1538 3342 3614 3781 3843 3844 3847 3850
1 822 1238 1507 1548 1573 1580 1581 1582
1 822 3043 3312 3353 3378 3386 3387 3390
1 1238 3043 3584 3625 3650 3658 3659 3662
1 1507 3312 3584 3793 3818 3827 3829 3831
1 1548 3353 3625 3793 3843 3852 3854 3856
1 1573 3378 3650 3818 3843 3867 3868 3870
1 832 1248 1517 1558 1574 1586 1587 1588
1 832 3053 3322 3363 3379 3392 3393 3396
1 1248 3053 3594 3635 3651 3664 3665 3668
1 1517 3322 3594 3803 3819 3833 3835 3837
1 1558 3363 3635 3803 3844 3858 3860 3862
1 1574 3379 3651 3819 3844 3867 3869 3871
1 838 1254 1523 1564 1580 1586 1590 1591
1 838 3060 3329 3370 3386 3392 3397 3399
1 1254 3060 3601 3642 3658 3664 3669 3671
1 1523 3329 3601 3811 3827 3833 3839 3840
1 1564 3370 3642 3811 3852 3858 3864 3865
1 1580 3386 3658 3827 3852 3867 3873 3874
1 1586 3392 3664 3833 3858 3867 3876 3877
1 859 1275 1443 1602 1603 1604 1605 1606
1 859 3078 3246 3406 3407 3408 3409 3414
1 1275 3078 3518 3678 3679 3680 3681 3686
1 1443 3246 3518 3782 3783 3784 3785 3790
1 874 1290 1458 1602 1613 1614 1615 1616
1 874 3094 3262 3406 3418 3419 3420 3424
1 1290 3094 3534 3678 3690 3691 3692 3696
1 1458 3262 3534 3782 3794 3795 3796 3800
1 1602 3406 3678 3782 3880 3881 3883 3886
1 889 1305 1473 1603 1623 1624 1625 1626
1 889 3109 3277 3407 3428 3429 3430 3434
1 1305 3109 3549 3679 3700 3701 3702 3706
1 1473 3277 3549 3783 3804 3805 3806 3810
1 1603 3407 3679 3783 3880 3882 3884 3887
1 899 1315 1483 1613 1623 1630 1631 1632
1 899 3120 3288 3418 3428 3436 3437 3440
1 1315 3120 3560 3690 3700 3708 3709 3712
1 1483 3288 3560 3794 3804 3812 3813 3816
1 1613 3418 3690 3794 3880 3890 3891 3893
1 1623 3428 3700 3804 3880 3896 3897 3899
1 914 1330 1498 1604 1639 1640 1641 1642
1 914 3134 3302 3408 3444 3445 3446 3450
1 1330 3134 3574 3680 3716 3717 3718 3722
1 1498 3302 3574 3784 3820 3821 3822 3826
1 1604 3408 3680 3784 3881 3882 3885 3888
1 924 1340 1508 1614 1639 1646 1647 1648
1 924 3145 3313 3419 3444 3452 3453 3456
1 1340 3145 3585 3691 3716 3724 3725 3728
1 1508 3313 3585 3795 3820 3828 3829 3832
1 1614 3419 3691 3795 3881 3890 3892 3894
1 1639 3444 3716 3820 3881 3905 3906 3908
1 934 1350 1518 1624 1640 1652 1653 1654
1 934 3155 3323 3429 3445 3458 3459 3462
1 1350 3155 3595 3701 3717 3730 3731 3734
1 1518 3323 3595 3805 3821 3834 3835 3838
1 1624 3429 3701 3805 3882 3896 3898 3900
1 1640 3445 3717 3821 3882 3905 3907 3909
1 940 1356 1524 1630 1646 1652 1656 1657
1 940 3162 3330 3436 3452 3458 3463 3465
1 1356 3162 3602 3708 3724 3730 3735 3737
1 1524 3330 3602 3812 3828 3834 3839 3841
1 1630 3436 3708 3812 3890 3896 3902 3903
1 1646 3452 3724 3828 3890 3905 3911 3912
1 1652 3458 3730 3834 3896 3905 3914 3915
1 955 1371 1539 1605 1664 1665 1666 1667
1 955 3175 3343 3409 3469 3470 3471 3475
1 1371 3175 3615 3681 3741 3742 3743 3747
1 1539 3343 3615 3785 3845 3846 3847 3851
1 1605 3409 3681 3785 3883 3884 3885 3889
1 965 1381 1549 1615 1664 1671 1672 1673
1 965 3186 3354 3420 3469 3477 3478 3481
1 1381 3186 3626 3692 3741 3749 3750 3753
1 1549 3354 3626 3796 3845 3853 3854 3857
1 1615 3420 3692 3796 3883 3891 3892 3895
1 1664 3469 3741 3845 3883 3918 3919 3921
1 975 1391 1559 1625 1665 1677 1678 1679
1 975 3196 3364 3430 3470 3483 3484 3487
1 1391 3196 3636 3702 3742 3755 3756 3759
1 1559 3364 3636 3806 3846 3859 3860 3863
1 1625 3430 3702 3806 3884 3897 3898 3901
1 1665 3470 3742 3846 3884 3918 3920 3922
1 981 1397 1565 1631 1671 1677 1681 1682
1 981 3203 3371 3437 3477 3483 3488 3490
1 1397 3203 3643 3709 3749 3755 3760 3762
1 1565 3371 3643 3813 3853 3859 3864 3866
1 1631 3437 3709 3813 3891 3897 3902 3904
1 1671 3477 3749 3853 3891 3918 3924 3925
1 1677 3483 3755 3859 3897 3918 3927 3928
1 991 1407 1575 1641 1666 1686 1687 1688
1 991 3212 3380 3446 3471 3492 3493 3496
1 1407 3212 3652 3718 3743 3764 3765 3768
1 1575 3380 3652 3822 3847 3868 3869 3872
1 1641 3446 3718 3822 3885 3906 3907 3910
1 1666 3471 3743 3847 3885 3919 3920 3923
1 997 1413 1581 1647 1672 1686 1690 1691
1 997 3219 3387 3453 3478 3492 3497 3499
1 1413 3219 3659 3725 3750 3764 3769 3771
1 1581 3387 3659 3829 3854 3868 3873 3875
1 1647 3453 3725 3829 3892 3906 3911 3913
1 1672 3478 3750 3854 3892 3919 3924 3926
1 1686 3492 3764 3868 3906 3919 3931 3932
1 1003 1419 1587 1653 1678 1687 1693 1694
1 1003 3225 3393 3459 3484 3493 3500 3502
1 1419 3225 3665 3731 3756 3765 3772 3774
1 1587 3393 3665 3835 3860 3869 3876 3878
1 1653 3459 3731 3835 3898 3907 3914 3916
1 1678 3484 3756 3860 3898 3920 3927 3929
1 1687 3493 3765 3869 3907 3920 3931 3933
1 1006 1422 1590 1656 1681 1690 1693 1695
1 1006 3229 3397 3463 3488 3497 3500 3503
1 1422 3229 3669 3735 3760 3769 3772 3775
1 1590 3397 3669 3839 3864 3873 3876 3879
1 1656 3463 3735 3839 3902 3911 3914 3917
1 1681 3488 3760 3864 3902 3924 3927 3930
1 1690 3497 3769 3873 3911 3924 3931 3934
1 1693 3500 3772 3876 3914 3927 3931 3935
1 35 1717 1718 1719 1720 1721 1722 1723
1 35 2837 2838 2839 2840 2841 2842 2843
1 63 1717 1739 1740 1741 1742 1743 1744
1 63 2837 2859 2860 2861 2862 2863 2864
1 1717 2837 3936 3937 3939 3942 3946 3951
1 91 1718 1760 1761 1762 1763 1764 1765
1 91 2838 2880 2881 2882 2883 2884 2885
1 1718 2838 3936 3938 3940 3943 3947 3952
1 112 1739 1760 1776 1777 1778 1779 1780
1 112 2859 2880 2896 2897 2898 2899 2900
1 1739 2859 3936 3957 3958 3960 3963 3967
1 1760 2880 3936 3972 3973 3975 3978 3982
1 140 1719 1796 1797 1798 1799 1800 1801
1 140 2839 2916 2917 2918 2919 2920 2921
1 1719 2839 3937 3938 3941 3944 3948 3953
1 161 1740 1796 1812 1813 1814 1815 1816
1 161 2860 2916 2932 2933 2934 2935 2936
1 1740 2860 3937 3957 3959 3961 3964 3968
1 1796 2916 3937 3997 3998 4000 4003 4007
1 182 1761 1797 1827 1828 1829 1830 1831
1 182 2881 2917 2947 2948 2949 2950 2951
1 1761 2881 3938 3972 3974 3976 3979 3983
1 1797 2917 3938 3997 3999 4001 4004 4008
1 197 1776 1812 1827 1838 1839 1840 1841
1 197 2896 2932 2947 2958 2959 2960 2961
1 1776 2896 3957 3972 3987 3988 3990 3993
1 1812 2932 3957 3997 4012 4013 4015 4018
1 1827 2947 3972 3997 4022 4023 4025 4028
1 225 1720 1857 1858 1859 1860 1861 1862
1 225 2840 2977 2978 2979 2980 2981 2982
1 1720 2840 3939 3940 3941 3945 3949 3954
1 246 1741 1857 1873 1874 1875 1876 1877
1 246 2861 2977 2993 2994 2995 2996 2997
1 1741 2861 3939 3958 3959 3962 3965 3969
1 1857 2977 3939 4038 4039 4041 4044 4048
1 267 1762 1858 1888 1889 1890 1891 1892
1 267 2882 2978 3008 3009 3010 3011 3012
1 1762 2882 3940 3973 3974 3977 3980 3984
1 1858 2978 3940 4038 4040 4042 4045 4049
1 282 1777 1873 1888 1899 1900 1901 1902
1 282 2897 2993 3008 3019 3020 3021 3022
1 1777 2897 3958 3973 3987 3989 3991 3994
1 1873 2993 3958 4038 4053 4054 4056 4059
1 1888 3008 3973 4038 4063 4064 4066 4069
1 303 1798 1859 1913 1914 1915 1916 1917
1 303 2918 2979 3033 3034 3035 3036 3037
1 1798 2918 3941 3998 3999 4002 4005 4009
1 1859 2979 3941 4039 4040 4043 4046 4050
1 318 1813 1874 1913 1924 1925 1926 1927
1 318 2933 2994 3033 3044 3045 3046 3047
1 1813 2933 3959 3998 4012 4014 4016 4019
1 1874 2994 3959 4039 4053 4055 4057 4060
1 1913 3033 3998 4039 4079 4080 4082 4085
1 333 1828 1889 1914 1934 1935 1936 1937
1 333 2948 3009 3034 3054 3055 3056 3057
1 1828 2948 3974 3999 4022 4024 4026 4029
1 1889 3009 3974 4040 4063 4065 4067 4070
1 1914 3034 3999 4040 4079 4081 4083 4086
1 343 1838 1899 1924 1934 1941 1942 1943
1 343 2958 3019 3044 3054 3061 3062 3063
1 1838 2958 3987 4012 4022 4032 4033 4035
1 1899 3019 3987 4053 4063 4073 4074 4076
1 1924 3044 4012 4053 4079 4089 4090 4092
1 1934 3054 4022 4063 4079 4095 4096 4098
1 371 1721 1959 1960 1961 1962 1963 1964
1 371 2841 3079 3080 3081 3082 3083 3084
1 1721 2841 3942 3943 3944 3945 3950 3955
1 392 1742 1959 1975 1976 1977 1978 1979
1 392 2862 3079 3095 3096 3097 3098 3099
1 1742 2862 3942 3960 3961 3962 3966 3970
1 1959 3079 3942 4104 4105 4107 4110 4114
1 413 1763 1960 1990 1991 1992 1993 1994
1 413 2883 3080 3110 3111 3112 3113 3114
1 1763 2883 3943 3975 3976 3977 3981 3985
1 1960 3080 3943 4104 4106 4108 4111 4115
1 428 1778 1975 1990 2001 2002 2003 2004
1 428 2898 3095 3110 3121 3122 3123 3124
1 1778 2898 3960 3975 3988 3989 3992 3995
1 1975 3095 3960 4104 4119 4120 4122 4125
1 1990 3110 3975 4104 4129 4130 4132 4135
1 449 1799 1961 2015 2016 2017 2018 2019
1 449 2919 3081 3135 3136 3137 3138 3139
1 1799 2919 3944 4000 4001 4002 4006 4010
1 1961 3081 3944 4105 4106 4109 4112 4116
1 464 1814 1976 2015 2026 2027 2028 2029
1 464 2934 3096 3135 3146 3147 3148 3149
1 1814 2934 3961 4000 4013 4014 4017 4020
1 1976 3096 3961 4105 4119 4121 4123 4126
1 2015 3135 4000 4105 4145 4146 4148 4151
1 479 1829 1991 2016 2036 2037 2038 2039
1 479 2949 3111 3136 3156 3157 3158 3159
1 1829 2949 3976 4001 4023 4024 4027 4030
1 1991 3111 3976 4106 4129 4131 4133 4136
1 2016 3136 4001 4106 4145 4147 4149 4152
1 489 1839 2001 2026 2036 2043 2044 2045
1 489 2959 3121 3146 3156 3163 3164 3165
1 1839 2959 3988 4013 4023 4032 4034 4036
1 2001 3121 3988 4119 4129 4139 4140 4142
1 2026 3146 4013 4119 4145 4155 4156 4158
1 2036 3156 4023 4129 4145 4161 4162 4164
1 510 1860 1962 2056 2057 2058 2059 2060
1 510 2980 3082 3176 3177 3178 3179 3180
1 1860 2980 3945 4041 4042 4043 4047 4051
1 1962 3082 3945 4107 4108 4109 4113 4117
1 525 1875 1977 2056 2067 2068 2069 2070
1 525 2995 3097 3176 3187 3188 3189 3190
1 1875 2995 3962 4041 4054 4055 4058 4061
1 1977 3097 3962 4107 4120 4121 4124 4127
1 2056 3176 4041 4107 4170 4171 4173 4176
1 540 1890 1992 2057 2077 2078 2079 2080
1 540 3010 3112 3177 3197 3198 3199 3200
1 1890 3010 3977 4042 4064 4065 4068 4071
1 1992 3112 3977 4108 4130 4131 4134 4137
1 2057 3177 4042 4108 4170 4172 4174 4177
1 550 1900 2002 2067 2077 2084 2085 2086
1 550 3020 3122 3187 3197 3204 3205 3206
1 1900 3020 3989 4054 4064 4073 4075 4077
1 2002 3122 3989 4120 4130 4139 4141 4143
1 2067 3187 4054 4120 4170 4180 4181 4183
1 2077 3197 4064 4130 4170 4186 4187 4189
1 565 1915 2017 2058 2093 2094 2095 2096
1 565 3035 3137 3178 3213 3214 3215 3216
1 1915 3035 4002 4043 4080 4081 4084 4087
1 2017 3137 4002 4109 4146 4147 4150 4153
1 2058 3178 4043 4109 4171 4172 4175 4178
1 575 1925 2027 2068 2093 2100 2101 2102
1 575 3045 3147 3188 3213 3220 3221 3222
1 1925 3045 4014 4055 4080 4089 4091 4093
1 2027 3147 4014 4121 4146 4155 4157 4159
1 2068 3188 4055 4121 4171 4180 4182 4184
1 2093 3213 4080 4146 4171 4195 4196 4198
1 585 1935 2037 2078 2094 2106 2107 2108
1 585 3055 3157 3198 3214 3226 3227 3228
1 1935 3055 4024 4065 4081 4095 4097 4099
1 2037 3157 4024 4131 4147 4161 4163 4165
1 2078 3198 4065 4131 4172 4186 4188 4190
1 2094 3214 4081 4147 4172 4195 4197 4199
1 591 1941 2043 2084 2100 2106 2110 2111
1 591 3061 3163 3204 3220 3226 3230 3231
1 1941 3061 4032 4073 4089 4095 4101 4102
1 2043 3163 4032 4139 4155 4161 4167 4168
1 2084 3204 4073 4139 4180 4186 4192 4193
1 2100 3220 4089 4155 4180 4195 4201 4202
1 2106 3226 4095 4161 4186 4195 4204 4205
1 619 1722 2127 2128 2129 2130 2131 2132
1 619 2842 3247 3248 3249 3250 3251 3252
1 1722 2842 3946 3947 3948 3949 3950 3956
1 640 1743 2127 2143 2144 2145 2146 2147
1 640 2863 3247 3263 3264 3265 3266 3267
1 1743 2863 3946 3963 3964 3965 3966 3971
1 2127 3247 3946 4208 4209 4211 4214 4218
1 661 1764 2128 2158 2159 2160 2161 2162
1 661 2884 3248 3278 3279 3280 3281 3282
1 1764 2884 3947 3978 3979 3980 3981 3986
1 2128 3248 3947 4208 4210 4212 4215 4219
1 676 1779 2143 2158 2169 2170 2171 2172
1 676 2899 3263 3278 3289 3290 3291 3292
1 1779 2899 3963 3978 3990 3991 3992 3996
1 2143 3263 3963 4208 4223 4224 4226 4229
1 2158 3278 3978 4208 4233 4234 4236 4239
1 697 1800 2129 2183 2184 2185 2186 2187
1 697 2920 3249 3303 3304 3305 3306 3307
1 1800 2920 3948 4003 4004 4005 4006 4011
1 2129 3249 3948 4209 4210 4213 4216 4220
1 712 1815 2144 2183 2194 2195 2196 2197
1 712 2935 3264 3303 3314 3315 3316 3317
1 1815 2935 3964 4003 4015 4016 4017 4021
1 2144 3264 3964 4209 4223 4225 4227 4230
1 2183 3303 4003 4209 4249 4250 4252 4255
1 727 1830 2159 2184 2204 2205 2206 2207
1 727 2950 3279 3304 3324 3325 3326 3327
1 1830 2950 3979 4004 4025 4026 4027 4031
1 2159 3279 3979 4210 4233 4235 4237 4240
1 2184 3304 4004 4210 4249 4251 4253 4256
1 737 1840 2169 2194 2204 2211 2212 2213
1 737 2960 3289 3314 3324 3331 3332 3333
1 1840 2960 3990 4015 4025 4033 4034 4037
1 2169 3289 3990 4223 4233 4243 4244 4246
1 2194 3314 4015 4223 4249 4259 4260 4262
1 2204 3324 4025 4233 4249 4265 4266 4268
1 758 1861 2130 2224 2225 2226 2227 2228
1 758 2981 3250 3344 3345 3346 3347 3348
1 1861 2981 3949 4044 4045 4046 4047 4052
1 2130 3250 3949 4211 4212 4213 4217 4221
1 773 1876 2145 2224 2235 2236 2237 2238
1 773 2996 3265 3344 3355 3356 3357 3358
1 1876 2996 3965 4044 4056 4057 4058 4062
1 2145 3265 3965 4211 4224 4225 4228 4231
1 2224 3344 4044 4211 4274 4275 4277 4280
1 788 1891 2160 2225 2245 2246 2247 2248
1 788 3011 3280 3345 3365 3366 3367 3368
1 1891 3011 3980 4045 4066 4067 4068 4072
1 2160 3280 3980 4212 4234 4235 4238 4241
1 2225 3345 4045 4212 4274 4276 4278 4281
1 798 1901 2170 2235 2245 2252 2253 2254
1 798 3021 3290 3355 3365 3372 3373 3374
1 1901 3021 3991 4056 4066 4074 4075 4078
1 2170 3290 3991 4224 4234 4243 4245 4247
1 2235 3355 4056 4224 4274 4284 4285 4287
1 2245 3365 4066 4234 4274 4290 4291 4293
1 813 1916 2185 2226 2261 2262 2263 2264
1 813 3036 3305 3346 3381 3382 3383 3384
1 1916 3036 4005 4046 4082 4083 4084 4088
1 2185 3305 4005 4213 4250 4251 4254 4257
1 2226 3346 4046 4213 4275 4276 4279 4282
1 823 1926 2195 2236 2261 2268 2269 2270
1 823 3046 3315 3356 3381 3388 3389 3390
1 1926 3046 4016 4057 4082 4090 4091 4094
1 2195 3315 4016 4225 4250 4259 4261 4263
1 2236 3356 4057 4225 4275 4284 4286 4288
1 2261 3381 4082 4250 4275 4299 4300 4302
1 833 1936 2205 2246 2262 2274 2275 2276
1 833 3056 3325 3366 3382 3394 3395 3396
1 1936 3056 4026 4067 4083 4096 4097 4100
1 2205 3325 4026 4235 4251 4265 4267 4269
1 2246 3366 4067 4235 4276 4290 4292 4294
1 2262 3382 4083 4251 4276 4299 4301 4303
1 839 1942 2211 2252 2268 2274 2278 2279
1 839 3062 3331 3372 3388 3394 3398 3399
1 1942 3062 4033 4074 4090 4096 4101 4103
1 2211 3331 4033 4243 4259 4265 4271 4272
1 2252 3372 4074 4243 4284 4290 4296 4297
1 2268 3388 4090 4259 4284 4299 4305 4306
1 2274 3394 4096 4265 4290 4299 4308 4309
1 860 1963 2131 2290 2291 2292 2293 2294
1 860 3083 3251 3410 3411 3412 3413 3414
1 1963 3083 3950 4110 4111 4112 4113 4118
1 2131 3251 3950 4214 4215 4216 4217 4222
1 875 1978 2146 2290 2301 2302 2303 2304
1 875 3098 3266 3410 3421 3422 3423 3424
1 1978 3098 3966 4110 4122 4123 4124 4128
1 2146 3266 3966 4214 4226 4227 4228 4232
1 2290 3410 4110 4214 4312 4313 4315 4318
1 890 1993 2161 2291 2311 2312 2313 2314
1 890 3113 3281 3411 3431 3432 3433 3434
1 1993 3113 3981 4111 4132 4133 4134 4138
1 2161 3281 3981 4215 4236 4237 4238 4242
1 2291 3411 4111 4215 4312 4314 4316 4319
1 900 2003 2171 2301 2311 2318 2319 2320
1 900 3123 3291 3421 3431 3438 3439 3440
1 2003 3123 3992 4122 4132 4140 4141 4144
1 2171 3291 3992 4226 4236 4244 4245 4248
1 2301 3421 4122 4226 4312 4322 4323 4325
1 2311 3431 4132 4236 4312 4328 4329 4331
1 915 2018 2186 2292 2327 2328 2329 2330
1 915 3138 3306 3412 3447 3448 3449 3450
1 2018 3138 4006 4112 4148 4149 4150 4154
1 2186 3306 4006 4216 4252 4253 4254 4258
1 2292 3412 4112 4216 4313 4314 4317 4320
1 925 2028 2196 2302 2327 2334 2335 2336
1 925 3148 3316 3422 3447 3454 3455 3456
1 2028 3148 4017 4123 4148 4156 4157 4160
1 2196 3316 4017 4227 4252 4260 4261 4264
1 2302 3422 4123 4227 4313 4322 4324 4326
1 2327 3447 4148 4252 4313 4337 4338 4340
1 935 2038 2206 2312 2328 2340 2341 2342
1 935 3158 3326 3432 3448 3460 3461 3462
1 2038 3158 4027 4133 4149 4162 4163 4166
1 2206 3326 4027 4237 4253 4266 4267 4270
1 2312 3432 4133 4237 4314 4328 4330 4332
1 2328 3448 4149 4253 4314 4337 4339 4341
1 941 2044 2212 2318 2334 2340 2344 2345
1 941 3164 3332 3438 3454 3460 3464 3465
1 2044 3164 4034 4140 4156 4162 4167 4169
1 2212 3332 4034 4244 4260 4266 4271 4273
1 2318 3438 4140 4244 4322 4328 4334 4335
1 2334 3454 4156 4260 4322 4337 4343 4344
1 2340 3460 4162 4266 4328 4337 4346 4347
1 956 2059 2227 2293 2352 2353 2354 2355
1 956 3179 3347 3413 3472 3473 3474 3475
1 2059 3179 4047 4113 4173 4174 4175 4179
1 2227 3347 4047 4217 4277 4278 4279 4283
1 2293 3413 4113 4217 4315 4316 4317 4321
1 966 2069 2237 2303 2352 2359 2360 2361
1 966 3189 3357 3423 3472 3479 3480 3481
1 2069 3189 4058 4124 4173 4181 4182 4185
1 2237 3357 4058 4228 4277 4285 4286 4289
1 2303 3423 4124 4228 4315 4323 4324 4327
1 2352 3472 4173 4277 4315 4350 4351 4353
1 976 2079 2247 2313 2353 2365 2366 2367
1 976 3199 3367 3433 3473 3485 3486 3487
1 2079 3199 4068 4134 4174 4187 4188 4191
1 2247 3367 4068 4238 4278 4291 4292 4295
1 2313 3433 4134 4238 4316 4329 4330 4333
1 2353 3473 4174 4278 4316 4350 4352 4354
1 982 2085 2253 2319 2359 2365 2369 2370
1 982 3205 3373 3439 3479 3485 3489 3490
1 2085 3205 4075 4141 4181 4187 4192 4194
1 2253 3373 4075 4245 4285 4291 4296 4298
1 2319 3439 4141 4245 4323 4329 4334 4336
1 2359 3479 4181 4285 4323 4350 4356 4357
1 2365 3485 4187 4291 4329 4350 4359 4360
1 992 2095 2263 2329 2354 2374 2375 2376
1 992 3215 3383 3449 3474 3494 3495 3496
1 2095 3215 4084 4150 4175 4196 4197 4200
1 2263 3383 4084 4254 4279 4300 4301 4304
1 2329 3449 4150 4254 4317 4338 4339 4342
1 2354 3474 4175 4279 4317 4351 4352 4355
1 998 2101 2269 2335 2360 2374 2378 2379
1 998 3221 3389 3455 3480 3494 3498 3499
1 2101 3221 4091 4157 4182 4196 4201 4203
1 2269 3389 4091 4261 4286 4300 4305 4307
1 2335 3455 4157 4261 4324 4338 4343 4345
1 2360 3480 4182 4286 4324 4351 4356 4358
1 2374 3494 4196 4300 4338 4351 4363 4364
1 1004 2107 2275 2341 2366 2375 2381 2382
1 1004 3227 3395 3461 3486 3495 3501 3502
1 2107 3227 4097 4163 4188 4197 4204 4206
1 2275 3395 4097 4267 4292 4301 4308 4310
1 2341 3461 4163 4267 4330 4339 4346 4348
1 2366 3486 4188 4292 4330 4352 4359 4361
1 2375 3495 4197 4301 4339 4352 4363 4365
1 1007 2110 2278 2344 2369 2378 2381 2383
1 1007 3230 3398 3464 3489 3498 3501 3503
1 2110 3230 4101 4167 4192 4201 4204 4207
1 2278 3398 4101 4271 4296 4305 4308 4311
1 2344 3464 4167 4271 4334 4343 4346 4349
1 2369 3489 4192 4296 4334 4356 4359 4362
1 2378 3498 4201 4305 4343 4356 4363 4366
1 2381 3501 4204 4308 4346 4359 4363 4367
1 1035 1723 2399 2400 2401 2402 2403 2404
1 1035 2843 3519 3520 3521 3522 3523 3524
1 1723 2843 3951 3952 3953 3954 3955 3956
1 1056 1744 2399 2415 2416 2417 2418 2419
1 1056 2864 3519 3535 3536 3537 3538 3539
1 1744 2864 3951 3967 3968 3969 3970 3971
1 2399 3519 3951 4368 4369 4371 4374 4378
1 1077 1765 2400 2430 2431 2432 2433 2434
1 1077 2885 3520 3550 3551 3552 3553 3554
1 1765 2885 3952 3982 3983 3984 3985 3986
1 2400 3520 3952 4368 4370 4372 4375 4379
1 1092 1780 2415 2430 2441 2442 2443 2444
1 1092 2900 3535 3550 3561 3562 3563 3564
1 1780 2900 3967 3982 3993 3994 3995 3996
1 2415 3535 3967 4368 4383 4384 4386 4389
1 2430 3550 3982 4368 4393 4394 4396 4399
1 1113 1801 2401 2455 2456 2457 2458 2459
1 1113 2921 3521 3575 3576 3577 3578 3579
1 1801 2921 3953 4007 4008 4009 4010 4011
1 2401 3521 3953 4369 4370 4373 4376 4380
1 1128 1816 2416 2455 2466 2467 2468 2469
1 1128 2936 3536 3575 3586 3587 3588 3589
1 1816 2936 3968 4007 4018 4019 4020 4021
1 2416 3536 3968 4369 4383 4385 4387 4390
1 2455 3575 4007 4369 4409 4410 4412 4415
1 1143 1831 2431 2456 2476 2477 2478 2479
1 1143 2951 3551 3576 3596 3597 3598 3599
1 1831 2951 3983 4008 4028 4029 4030 4031
1 2431 3551 3983 4370 4393 4395 4397 4400
1 2456 3576 4008 4370 4409 4411 4413 4416
1 1153 1841 2441 2466 2476 2483 2484 2485
1 1153 2961 3561 3586 3596 3603 3604 3605
1 1841 2961 3993 4018 4028 4035 4036 4037
1 2441 3561 3993 4383 4393 4403 4404 4406
1 2466 3586 4018 4383 4409 4419 4420 4422
1 2476 3596 4028 4393 4409 4425 4426 4428
1 1174 1862 2402 2496 2497 2498 2499 2500
1 1174 2982 3522 3616 3617 3618 3619 3620
1 1862 2982 3954 4048 4049 4050 4051 4052
1 2402 3522 3954 4371 4372 4373 4377 4381
1 1189 1877 2417 2496 2507 2508 2509 2510
1 1189 2997 3537 3616 3627 3628 3629 3630
1 1877 2997 3969 4048 4059 4060 4061 4062
1 2417 3537 3969 4371 4384 4385 4388 4391
1 2496 3616 4048 4371 4434 4435 4437 4440
1 1204 1892 2432 2497 2517 2518 2519 2520
1 1204 3012 3552 3617 3637 3638 3639 3640
1 1892 3012 3984 4049 4069 4070 4071 4072
1 2432 3552 3984 4372 4394 4395 4398 4401
1 2497 3617 4049 4372 4434 4436 4438 4441
1 1214 1902 2442 2507 2517 2524 2525 2526
1 1214 3022 3562 3627 3637 3644 3645 3646
1 1902 3022 3994 4059 4069 4076 4077 4078
1 2442 3562 3994 4384 4394 4403 4405 4407
1 2507 3627 4059 4384 4434 4444 4445 4447
1 2517 3637 4069 4394 4434 4450 4451 4453
1 1229 1917 2457 2498 2533 2534 2535 2536
1 1229 3037 3577 3618 3653 3654 3655 3656
1 1917 3037 4009 4050 4085 4086 4087 4088
1 2457 3577 4009 4373 4410 4411 4414 4417
1 2498 3618 4050 4373 4435 4436 4439 4442
1 1239 1927 2467 2508 2533 2540 2541 2542
1 1239 3047 3587 3628 3653 3660 3661 3662
1 1927 3047 4019 4060 4085 4092 4093 4094
1 2467 3587 4019 4385 4410 4419 4421 4423
1 2508 3628 4060 4385 4435 4444 4446 4448
1 2533 3653 4085 4410 4435 4459 4460 4462
1 1249 1937 2477 2518 2534 2546 2547 2548
1 1249 3057 3597 3638 3654 3666 3667 3668
1 1937 3057 4029 4070 4086 4098 4099 4100
1 2477 3597 4029 4395 4411 4425 4427 4429
1 2518 3638 4070 4395 4436 4450 4452 4454
1 2534 3654 4086 4411 4436 4459 4461 4463
1 1255 1943 2483 2524 2540 2546 2550 2551
1 1255 3063 3603 3644 3660 3666 3670 3671
1 1943 3063 4035 4076 4092 4098 4102 4103
1 2483 3603 4035 4403 4419 4425 4431 4432
1 2524 3644 4076 4403 4444 4450 4456 4457
1 2540 3660 4092 4419 4444 4459 4465 4466
1 2546 3666 4098 4425 4450 4459 4468 4469
1 1276 1964 2403 2562 2563 2564 2565 2566
1 1276 3084 3523 3682 3683 3684 3685 3686
1 1964 3084 3955 4114 4115 4116 4117 4118
1 2403 3523 3955 4374 4375 4376 4377 4382
1 1291 1979 2418 2562 2573 2574 2575 2576
1 1291 3099 3538 3682 3693 3694 3695 3696
1 1979 3099 3970 4114 4125 4126 4127 4128
1 2418 3538 3970 4374 4386 4387 4388 4392
1 2562 3682 4114 4374 4472 4473 4475 4478
1 1306 1994 2433 2563 2583 2584 2585 2586
1 1306 3114 3553 3683 3703 3704 3705 3706
1 1994 3114 3985 4115 4135 4136 4137 4138
1 2433 3553 3985 4375 4396 4397 4398 4402
1 2563 3683 4115 4375 4472 4474 4476 4479
1 1316 2004 2443 2573 2583 2590 2591 2592
1 1316 3124 3563 3693 3703 3710 3711 3712
1 2004 3124 3995 4125 4135 4142 4143 4144
1 2443 3563 3995 4386 4396 4404 4405 4408
1 2573 3693 4125 4386 4472 4482 4483 4485
1 2583 3703 4135 4396 4472 4488 4489 4491
1 1331 2019 2458 2564 2599 2600 2601 2602
1 1331 3139 3578 3684 3719 3720 3721 3722
1 2019 3139 4010 4116 4151 4152 4153 4154
1 2458 3578 4010 4376 4412 4413 4414 4418
1 2564 3684 4116 4376 4473 4474 4477 4480
1 1341 2029 2468 2574 2599 2606 2607 2608
1 1341 3149 3588 3694 3719 3726 3727 3728
1 2029 3149 4020 4126 4151 4158 4159 4160
1 2468 3588 4020 4387 4412 4420 4421 4424
1 2574 3694 4126 4387 4473 4482 4484 4486
1 2599 3719 4151 4412 4473 4497 4498 4500
1 1351 2039 2478 2584 2600 2612 2613 2614
1 1351 3159 3598 3704 3720 3732 3733 3734
1 2039 3159 4030 4136 4152 4164 4165 4166
1 2478 3598 4030 4397 4413 4426 4427 4430
1 2584 3704 4136 4397 4474 4488 4490 4492
1 2600 3720 4152 4413 4474 4497 4499 4501
1 1357 2045 2484 2590 2606 2612 2616 2617
1 1357 3165 3604 3710 3726 3732 3736 3737
1 2045 3165 4036 4142 4158 4164 4168 4169
1 2484 3604 4036 4404 4420 4426 4431 4433
1 2590 3710 4142 4404 4482 4488 4494 4495
1 2606 3726 4158 4420 4482 4497 4503 4504
1 2612 3732 4164 4426 4488 4497 4506 4507
1 1372 2060 2499 2565 2624 2625 2626 2627
1 1372 3180 3619 3685 3744 3745 3746 3747
1 2060 3180 4051 4117 4176 4177 4178 4179
1 2499 3619 4051 4377 4437 4438 4439 4443
1 2565 3685 4117 4377 4475 4476 4477 4481
1 1382 2070 2509 2575 2624 2631 2632 2633
1 1382 3190 3629 3695 3744 3751 3752 3753
1 2070 3190 4061 4127 4176 4183 4184 4185
1 2509 3629 4061 4388 4437 4445 4446 4449
1 2575 3695 4127 4388 4475 4483 4484 4487
1 2624 3744 4176 4437 4475 4510 4511 4513
1 1392 2080 2519 2585 2625 2637 2638 2639
1 1392 3200 3639 3705 3745 3757 3758 3759
1 2080 3200 4071 4137 4177 4189 4190 4191
1 2519 3639 4071 4398 4438 4451 4452 4455
1 2585 3705 4137 4398 4476 4489 4490 4493
1 2625 3745 4177 4438 4476 4510 4512 4514
1 1398 2086 2525 2591 2631 2637 2641 2642
1 1398 3206 3645 3711 3751 3757 3761 3762
1 2086 3206 4077 4143 4183 4189 4193 4194
1 2525 3645 4077 4405 4445 4451 4456 4458
1 2591 3711 4143 4405 4483 4489 4494 4496
1 2631 3751 4183 4445 4483 4510 4516 4517
1 2637 3757 4189 4451 4489 4510 4519 4520
1 1408 2096 2535 2601 2626 2646 2647 2648
1 1408 3216 3655 3721 3746 3766 3767 3768
1 2096 3216 4087 4153 4178 4198 4199 4200
1 2535 3655 4087 4414 4439 4460 4461 4464
1 2601 3721 4153 4414 4477 4498 4499 4502
1 2626 3746 4178 4439 4477 4511 4512 4515
1 1414 2102 2541 2607 2632 2646 2650 2651
1 1414 3222 3661 3727 3752 3766 3770 3771
1 2102 3222 4093 4159 4184 4198 4202 4203
1 2541 3661 4093 4421 4446 4460 4465 4467
1 2607 3727 4159 4421 4484 4498 4503 4505
1 2632 3752 4184 4446 4484 4511 4516 4518
1 2646 3766 4198 4460 4498 4511 4523 4524
1 1420 2108 2547 2613 2638 2647 2653 2654
1 1420 3228 3667 3733 3758 3767 3773 3774
1 2108 3228 4099 4165 4190 4199 4205 4206
1 2547 3667 4099 4427 4452 4461 4468 4470
1 2613 3733 4165 4427 4490 4499 4506 4508
1 2638 3758 4190 4452 4490 4512 4519 4521
1 2647 3767 4199 4461 4499 4512 4523 4525
1 1423 2111 2550 2616 2641 2650 2653 2655
1 1423 3231 3670 3736 3761 3770 3773 3775
1 2111 3231 4102 4168 4193 4202 4205 4207
1 2550 3670 4102 4431 4456 4465 4468 4471
1 2616 3736 4168 4431 4494 4503 4506 4509
1 2641 3761 4193 4456 4494 4516 4519 4522
1 2650 3770 4202 4465 4503 4516 4523 4526
1 2653 3773 4205 4468 4506 4519 4523 4527
1 1444 2132 2404 2666 2667 2668 2669 2670
1 1444 3252 3524 3786 3787 3788 3789 3790
1 2132 3252 3956 4218 4219 4220 4221 4222
1 2404 3524 3956 4378 4379 4380 4381 4382
1 1459 2147 2419 2666 2677 2678 2679 2680
1 1459 3267 3539 3786 3797 3798 3799 3800
1 2147 3267 3971 4218 4229 4230 4231 4232
1 2419 3539 3971 4378 4389 4390 4391 4392
1 2666 3786 4218 4378 4528 4529 4531 4534
1 1474 2162 2434 2667 2687 2688 2689 2690
1 1474 3282 3554 3787 3807 3808 3809 3810
1 2162 3282 3986 4219 4239 4240 4241 4242
1 2434 3554 3986 4379 4399 4400 4401 4402
1 2667 3787 4219 4379 4528 4530 4532 4535
1 1484 2172 2444 2677 2687 2694 2695 2696
1 1484 3292 3564 3797 3807 3814 3815 3816
1 2172 3292 3996 4229 4239 4246 4247 4248
1 2444 3564 3996 4389 4399 4406 4407 4408
1 2677 3797 4229 4389 4528 4538 4539 4541
1 2687 3807 4239 4399 4528 4544 4545 4547
1 1499 2187 2459 2668 2703 2704 2705 2706
1 1499 3307 3579 3788 3823 3824 3825 3826
1 2187 3307 4011 4220 4255 4256 4257 4258
1 2459 3579 4011 4380 4415 4416 4417 4418
1 2668 3788 4220 4380 4529 4530 4533 4536
1 1509 2197 2469 2678 2703 2710 2711 2712
1 1509 3317 3589 3798 3823 3830 3831 3832
1 2197 3317 4021 4230 4255 4262 4263 4264
1 2469 3589 4021 4390 4415 4422 4423 4424
1 2678 3798 4230 4390 4529 4538 4540 4542
1 2703 3823 4255 4415 4529 4553 4554 4556
1 1519 2207 2479 2688 2704 2716 2717 2718
1 1519 3327 3599 3808 3824 3836 3837 3838
1 2207 3327 4031 4240 4256 4268 4269 4270
1 2479 3599 4031 4400 4416 4428 4429 4430
1 2688 3808 4240 4400 4530 4544 4546 4548
1 2704 3824 4256 4416 4530 4553 4555 4557
1 1525 2213 2485 2694 2710 2716 2720 2721
1 1525 3333 3605 3814 3830 3836 3840 3841
1 2213 3333 4037 4246 4262 4268 4272 4273
1 2485 3605 4037 4406 4422 4428 4432 4433
1 2694 3814 4246 4406 4538 4544 4550 4551
1 2710 3830 4262 4422 4538 4553 4559 4560
1 2716 3836 4268 4428 4544 4553 4562 4563
1 1540 2228 2500 2669 2728 2729 2730 2731
1 1540 3348 3620 3789 3848 3849 3850 3851
1 2228 3348 4052 4221 4280 4281 4282 4283
1 2500 3620 4052 4381 4440 4441 4442 4443
1 2669 3789 4221 4381 4531 4532 4533 4537
1 1550 2238 2510 2679 2728 2735 2736 2737
1 1550 3358 3630 3799 3848 3855 3856 3857
1 2238 3358 4062 4231 4280 4287 4288 4289
1 2510 3630 4062 4391 4440 4447 4448 4449
1 2679 3799 4231 4391 4531 4539 4540 4543
1 2728 3848 4280 4440 4531 4566 4567 4569
1 1560 2248 2520 2689 2729 2741 2742 2743
1 1560 3368 3640 3809 3849 3861 3862 3863
1 2248 3368 4072 4241 4281 4293 4294 4295
1 2520 3640 4072 4401 4441 4453 4454 4455
1 2689 3809 4241 4401 4532 4545 4546 4549
1 2729 3849 4281 4441 4532 4566 4568 4570
1 1566 2254 2526 2695 2735 2741 2745 2746
1 1566 3374 3646 3815 3855 3861 3865 3866
1 2254 3374 4078 4247 4287 4293 4297 4298
1 2526 3646 4078 4407 4447 4453 4457 4458
1 2695 3815 4247 4407 4539 4545 4550 4552
1 2735 3855 4287 4447 4539 4566 4572 4573
1 2741 3861 4293 4453 4545 4566 4575 4576
1 1576 2264 2536 2705 2730 2750 2751 2752
1 1576 3384 3656 3825 3850 3870 3871 3872
1 2264 3384 4088 4257 4282 4302 4303 4304
1 2536 3656 4088 4417 4442 4462 4463 4464
1 2705 3825 4257 4417 4533 4554 4555 4558
1 2730 3850 4282 4442 4533 4567 4568 4571
1 1582 2270 2542 2711 2736 2750 2754 2755
1 1582 3390 3662 3831 3856 3870 3874 3875
1 2270 3390 4094 4263 4288 4302 4306 4307
1 2542 3662 4094 4423 4448 4462 4466 4467
1 2711 3831 4263 4423 4540 4554 4559 4561
1 2736 3856 4288 4448 4540 4567 4572 4574
1 2750 3870 4302 4462 4554 4567 4579 4580
1 1588 2276 2548 2717 2742 2751 2757 2758
1 1588 3396 3668 3837 3862 3871 3877 3878
1 2276 3396 4100 4269 4294 4303 4309 4310
1 2548 3668 4100 4429 4454 4463 4469 4470
1 2717 3837 4269 4429 4546 4555 4562 4564
1 2742 3862 4294 4454 4546 4568 4575 4577
1 2751 3871 4303 4463 4555 4568 4579 4581
1 1591 2279 2551 2720 2745 2754 2757 2759
1 1591 3399 3671 3840 3865 3874 3877 3879
1 2279 3399 4103 4272 4297 4306 4309 4311
1 2551 3671 4103 4432 4457 4466 4469 4471
1 2720 3840 4272 4432 4550 4559 4562 4565
1 2745 3865 4297 4457 4550 4572 4575 4578
1 2754 3874 4306 4466 4559 4572 4579 4582
1 2757 3877 4309 4469 4562 4575 4579 4583
1 1606 2294 2566 2670 2766 2767 2768 2769
1 1606 3414 3686 3790 3886 3887 3888 3889
1 2294 3414 4118 4222 4318 4319 4320 4321
1 2566 3686 4118 4382 4478 4479 4480 4481
1 2670 3790 4222 4382 4534 4535 4536 4537
1 1616 2304 2576 2680 2766 2773 2774 2775
1 1616 3424 3696 3800 3886 3893 3894 3895
1 2304 3424 4128 4232 4318 4325 4326 4327
1 2576 3696 4128 4392 4478 4485 4486 4487
1 2680 3800 4232 4392 4534 4541 4542 4543
1 2766 3886 4318 4478 4534 4584 4585 4587
1 1626 2314 2586 2690 2767 2779 2780 2781
1 1626 3434 3706 3810 3887 3899 3900 3901
1 2314 3434 4138 4242 4319 4331 4332 4333
1 2586 3706 4138 4402 4479 4491 4492 4493
1 2690 3810 4242 4402 4535 4547 4548 4549
1 2767 3887 4319 4479 4535 4584 4586 4588
1 1632 2320 2592 2696 2773 2779 2783 2784
1 1632 3440 3712 3816 3893 3899 3903 3904
1 2320 3440 4144 4248 4325 4331 4335 4336
1 2592 3712 4144 4408 4485 4491 4495 4496
1 2696 3816 4248 4408 4541 4547 4551 4552
1 2773 3893 4325 4485 4541 4584 4590 4591
1 2779 3899 4331 4491 4547 4584 4593 4594
1 1642 2330 2602 2706 2768 2788 2789 2790
1 1642 3450 3722 3826 3888 3908 3909 3910
1 2330 3450 4154 4258 4320 4340 4341 4342
1 2602 3722 4154 4418 4480 4500 4501 4502
1 2706 3826 4258 4418 4536 4556 4557 4558
1 2768 3888 4320 4480 4536 4585 4586 4589
1 1648 2336 2608 2712 2774 2788 2792 2793
1 1648 3456 3728 3832 3894 3908 3912 3913
1 2336 3456 4160 4264 4326 4340 4344 4345
1 2608 3728 4160 4424 4486 4500 4504 4505
1 2712 3832 4264 4424 4542 4556 4560 4561
1 2774 3894 4326 4486 4542 4585 4590 4592
1 2788 3908 4340 4500 4556 4585 4597 4598
1 1654 2342 2614 2718 2780 2789 2795 2796
1 1654 3462 3734 3838 3900 3909 3915 3916
1 2342 3462 4166 4270 4332 4341 4347 4348
1 2614 3734 4166 4430 4492 4501 4507 4508
1 2718 3838 4270 4430 4548 4557 4563 4564
1 2780 3900 4332 4492 4548 4586 4593 4595
1 2789 3909 4341 4501 4557 4586 4597 4599
1 1657 2345 2617 2721 2783 2792 2795 2797
1 1657 3465 3737 3841 3903 3912 3915 3917
1 2345 3465 4169 4273 4335 4344 4347 4349
1 2617 3737 4169 4433 4495 4504 4507 4509
1 2721 3841 4273 4433 4551 4560 4563 4565
1 2783 3903 4335 4495 4551 4590 4593 4596
1 2792 3912 4344 4504 4560 4590 4597 4600
1 2795 3915 4347 4507 4563 4593 4597 4601
1 1667 2355 2627 2731 2769 2801 2802 2803
1 1667 3475 3747 3851 3889 3921 3922 3923
1 2355 3475 4179 4283 4321 4353 4354 4355
1 2627 3747 4179 4443 4481 4513 4514 4515
1 2731 3851 4283 4443 4537 4569 4570 4571
1 2769 3889 4321 4481 4537 4587 4588 4589
1 1673 2361 2633 2737 2775 2801 2805 2806
1 1673 3481 3753 3857 3895 3921 3925 3926
1 2361 3481 4185 4289 4327 4353 4357 4358
1 2633 3753 4185 4449 4487 4513 4517 4518
1 2737 3857 4289 4449 4543 4569 4573 4574
1 2775 3895 4327 4487 4543 4587 4591 4592
1 2801 3921 4353 4513 4569 4587 4602 4603
1 1679 2367 2639 2743 2781 2802 2808 2809
1 1679 3487 3759 3863 3901 3922 3928 3929
1 2367 3487 4191 4295 4333 4354 4360 4361
1 2639 3759 4191 4455 4493 4514 4520 4521
1 2743 3863 4295 4455 4549 4570 4576 4577
1 2781 3901 4333 4493 4549 4588 4594 4595
1 2802 3922 4354 4514 4570 4588 4602 4604
1 1682 2370 2642 2746 2784 2805 2808 2810
1 1682 3490 3762 3866 3904 3925 3928 3930
1 2370 3490 4194 4298 4336 4357 4360 4362
1 2642 3762 4194 4458 4496 4517 4520 4522
1 2746 3866 4298 4458 4552 4573 4576 4578
1 2784 3904 4336 4496 4552 4591 4594 4596
1 2805 3925 4357 4517 4573 4591 4602 4605
1 2808 3928 4360 4520 4576 4594 4602 4606
1 1688 2376 2648 2752 2790 2803 2812 2813
1 1688 3496 3768 3872 3910 3923 3932 3933
1 2376 3496 4200 4304 4342 4355 4364 4365
1 2648 3768 4200 4464 4502 4515 4524 4525
1 2752 3872 4304 4464 4558 4571 4580 4581
1 2790 3910 4342 4502 4558 4589 4598 4599
1 2803 3923 4355 4515 4571 4589 4603 4604
1 1691 2379 2651 2755 2793 2806 2812 2814
1 1691 3499 3771 3875 3913 3926 3932 3934
1 2379 3499 4203 4307 4345 4358 4364 4366
1 2651 3771 4203 4467 4505 4518 4524 4526
1 2755 3875 4307 4467 4561 4574 4580 4582
1 2793 3913 4345 4505 4561 4592 4598 4600
1 2806 3926 4358 4518 4574 4592 4603 4605
1 2812 3932 4364 4524 4580 4598 4603 4607
1 1694 2382 2654 2758 2796 2809 2813 2815
1 1694 3502 3774 3878 3916 3929 3933 3935
1 2382 3502 4206 4310 4348 4361 4365 4367
1 2654 3774 4206 4470 4508 4521 4525 4527
1 2758 3878 4310 4470 4564 4577 4581 4583
1 2796 3916 4348 4508 4564 4595 4599 4601
1 2809 3929 4361 4521 4577 4595 4604 4606
1 2813 3933 4365 4525 4581 4599 4604 4607
1 1695 2383 2655 2759 2797 2810 2814 2815
1 1695 3503 3775 3879 3917 3930 3934 3935
1 2383 3503 4207 4311 4349 4362 4366 4367
1 2655 3775 4207 4471 4509 4522 4526 4527
1 2759 3879 4311 4471 4565 4578 4582 4583
1 2797 3917 4349 4509 4565 4596 4600 4601
1 2810 3930 4362 4522 4578 4596 4605 4606
1 2814 3934 4366 4526 4582 4600 4605 4607
1 2815 3935 4367 4527 4583 4601 4606 4607
