200 2000
1 17 36 75 87 94 95 128 195
1 18 24 48 74 104 111 132
1 18 84 85 118 129 163 181
1 5 10 95 103 136 171
1 14 53 54 72 85 147
1 10 26 33 89 187
1 32 50 92 123 184
1 38 148 170 192
1 66 144 181 184
1 8 15 49 153
1 8 42 52 121
1 7 34 85 164
1 33 62 79 130
1 37 119 182 192
1 111 117 172 191
1 36 55 60 157
1 39 54 116 156
1 73 74 177
1 58 62 93
1 4 37 99
1 29 87 131
1 1 130 198
1 135 175 191
1 40 71 140
1 64 75
1 64 75
1 72 100
1 172
1 127
1 22
2 39 93 111 123 127 165 191 192
2 6 11 51 94 101 104 134 192
2 6 54 57 58 64 89 107
2 15 17 19 72 79 125 181
2 9 19 81 130 162
2 28 48 83 97 156
2 29 70 73 125 136
2 18 114 126 132 166
2 22 100 158 186 194
2 31 49 105 113
2 30 74 107 163
2 33 94 170 181
2 3 51 107
2 11 23 149
2 34 100 107
2 1 49 124
2 19 25 139
2 27 186
2 133
2 56
3 60 75 76 140 146 181 192
3 22 62 63 77 118 127
3 24 49 115 116 134 158
3 44 90 106 127 137 177
3 4 85 101 137 153 192
3 22 26 40 83 117 194
3 69 94 97 143 191
3 67 76 113 190 194
3 88 109 124 178 191
3 25 103 106 121 180
3 7 46 99 106 149
3 89 93 161 187
3 21 131 174 188
3 61 64 76 117
3 40 51 85 190
3 22 59 132 149
3 77 78 120 180
3 21 40 196
3 0 161 171
3 9 21 186
3 50 80 116
3 45 149
3 118 147
3 17 189
3 5
4 12 20 30 48 90 141 147 164
4 2 11 12 65 76 125 127
4 4 100 149 163 184 194
4 43 47 52 118 128 162
4 26 35 113 133 138 173
4 81 153 168 188 189
4 24 96 105 123 127
4 17 25 46 77 82
4 10 86 116 163 172
4 2 59 115 179 198
4 40 74 78 133
4 35 51 152 175
4 16 25 66 193
4 83 117 165 188
4 84 114 115
4 34 105 166
4 24 96 157
4 34 113
4 18 180
4 6 159
4 9 170
4 107
5 60 77 135 140 146 150 152 162 190
5 15 28 78 94 145 166 183
5 28 52 79 119 138 154
5 24 35 85 127 163 174
5 46 48 83 86 179
5 20 59 96 159 179
5 70 102 109 113 139
5 62 75 89 167
5 9 15 26 112
5 1 105 111 137
5 42 108 130
5 26 64 161
5 45 50 102
5 1 50 179
5 48 128
5 92 162
5 17 29
5 15 103
5 20 61
5 7 147
5 32 120
5 91
5 134
6 53 94 116 127 180 186
6 7 38 73 81 85 177
6 75 121 136 151 176
6 45 73 179 180
6 97 145 152 179
6 1 67 112 177
6 7 35 112 184
6 50 83 145 197
6 26 64 125 126
6 62 135 175
6 68 139 178
6 46 98 155
6 19 137 142
6 2 95 172
6 10 39 134
6 35 63 132
6 12 112 125
6 116 178
6 60 129
6 101 155
6 125 177
6 156
6 147
7 23 27 32 34 110 172 173
7 63 78 95 161 167 181 183
7 39 65 71 118 170
7 45 68 115 130 146
7 7 9 19 26
7 16 108 139
7 77 147 171
7 30 95
7 146 192
7 123 136
7 1 176
7 186
7 173
8 2 11 13 147 160 165 170 175
8 16 29 37 69 77 87 101
8 39 109 130 144 152 181
8 111 126 180 183 197
8 33 77 91 143 199
8 57 109 132 155
8 94 95 104 161
8 75 102 115
8 142 165 180
8 42 51 60
8 30 76
8 41 53
8 127
9 0 7 32 40 68 101 133 162 172
9 26 44 108 126 165 175
9 5 7 74 99 112 172
9 16 31 47 88 97 150
9 59 113 131 155 170
9 7 63 147 175 184
9 57 78 127 139
9 49 82 153 178
9 3 47 57 132
9 66 92 95
9 59 175 197
9 38 124 198
9 18 60 95
9 35 71 198
9 74 84 91
9 142 177
9 108 158
9 45 116
10 2 11 19 88 143 170 194
10 71 94 111 112 135 174 199
10 31 53 97 132 155 176
10 49 72 106 134 155 158
10 14 15 24 66 73
10 40 55 129 147 199
10 50 58 128 135 193
10 48 141 158 184 190
10 26 47 88 109 181
10 27 58 87 121
10 74 120 137 172
10 30 46 49 152
10 0 50 123
10 10 30 70
10 37 59 174
10 14 102 196
10 74 102 144
10 22 67 169
10 82 193
10 13 167
10 109 184
10 47 135
10 53 146
10 53
11 27 86 132 144 160 170 179 193
11 6 100 105 143 156 170
11 11 67 111 136 149 165
11 23 32 141 145 181
11 9 108 117 152 164
11 60 91 99 148 197
11 12 15 32 163
11 85 96 97 183
11 122 174 180 185
11 83 90 188
11 79 82 122
11 69 100 183
11 44 63 151
11 23 177 183
11 45 61 62
11 29 130
11 122 151
11 25 178
11 69
11 132
11 67
12 71 87 89 96 102 121 175
12 7 91 144 157 158 182
12 21 59 79 117 176 194
12 21 75 151 164 188
12 30 45 51 56 78
12 162 164 169 193
12 2 26 66 173
12 11 95 99 144
12 60 91 162
12 42 151 192
12 53 141 195
12 85 107 126
12 61 167
12 60 97
12 169 182
12 49 118
13 3 53 56 116 122 157 169
13 11 48 100 113 142
13 36 46 60 81 175
13 18 75 99 117
13 23 34 39 183
13 63 108 128
13 41 140 188
13 55 107 196
13 109 126 163
13 73 130 189
13 141 156
13 140 167
13 99 162
13 123 128
14 16 44 49 51 89 103 137 173 198
14 10 49 60 65 83 135 136
14 8 49 53 60 136 140 147
14 24 30 37 67 79 146
14 34 58 142 157 171 191
14 3 24 43 77 141 192
14 15 19 120 147 195
14 45 48 100 120 153
14 72 137 170 180 193
14 47 83 168 182
14 24 64 100 134
14 62 121 154 190
14 28 30 122 170
14 7 21 62 137
14 74 106 141 150
14 71 134 149
14 9 89 141
14 37 86 197
14 60 68 77
14 71 134 160
14 32 141
14 27 53
14 50 115
14 109 110
14 32 157
14 61 109
15 3 10 41 43 46 106 115 125 137
15 10 33 118 134 179 188
15 3 14 19 58 102 157
15 58 132 140 150 161 177
15 58 62 102 103 170
15 0 73 187 191
15 67 70 75 169
15 29 98 144 193
15 106 163 180
15 48 62 186
15 84 85 90
15 103 150 195
15 34 103 109
15 32 177 190
15 3 18
15 55 82
15 29 149
16 16 24 59 83 109 184 186 188
16 5 10 34 48 117 148 188
16 45 80 121 156 180 195
16 13 37 44 114 146
16 3 9 119 163 179
16 39 59 95 109 192
16 68 95 117 132 165
16 4 117 122 182
16 60 140 164 180
16 81 84 111 133
16 9 85 129 158
16 11 145 169 186
16 15 30 39
16 1 33 40
16 22 91 116
16 14 17 104
16 75 161 170
16 14 143 193
16 98 104 119
16 63 119 162
16 84 99 179
16 15 148
16 37 93
16 27 52
16 32 138
16 81 93
17 8 63 79 84 144 156
17 19 32 48 130 139 175
17 70 81 87 89 129 148
17 7 32 48 129 162 166
17 37 40 47 116 170 171
17 94 119 165 180 182
17 34 68 125 162 182
17 41 78 82 147 153
17 62 100 157 181 198
17 15 97 103 148 171
17 74 89 100 109 133
17 2 85 174 178
17 27 61 103 170
17 41 63 162 194
17 63 189 191 197
17 25 29 144 167
17 16 34 174
17 68 130 146
17 73 126 134
17 98 115 187
17 32 91 117
17 99 174 194
17 34 92 182
17 30 134
17 3 105
17 190
17 179
18 45 67 71 78 124 163 165 196
18 29 44 102 114 164 171
18 39 61 149 173 181 195
18 80 100 117 136 160
18 38 109 129 150 152
18 23 48 56 128 199
18 76 89 117 151
18 18 59 96 129
18 19 69 81 97
18 19 20 107 164
18 24 82 173
18 27 32 86
18 66 128 185
18 71 93 99
18 24 85 148
18 129 166
18 51 102
18 81
18 153
18 121
19 74 103 122 156 169 199
19 32 87 96 101 167
19 7 16 46 72 105
19 43 81 82 120 175
19 67 69 71 75 199
19 30 74 75 176
19 43 71 88 126
19 9 39 101 122
19 99 106 139
19 64 143 164
19 115 166 169
19 46 75 183
19 39 87
19 114 131
19 18 36
19 88 134
19 36 181
19 155 158
19 95
19 143
20 10 44 45 51 90 109 124 142 162 185 198
20 41 61 89 118 122 171 182
20 2 40 44 76 98 129
20 24 97 103 135 190
20 14 35 49 106 173
20 68 90 143 199
20 64 96 99 125
20 61 74 178 195
20 22 89 196
20 32 99 129
20 67 92 196
20 80 186
20 91 115
20 112 181
20 23
21 24 37 47 119 139 159 187
21 28 37 75 81 83 116 127
21 22 34 69 80 86 146
21 34 60 79 106 168
21 27 67 175 183 195
21 38 96 143 163 165
21 40 41 53 140
21 0 39 88
21 14 85 87
21 40 53 161
21 61 89
21 63 164
21 50 101
21 126 128
21 143 172
21 32 190
21 11
22 1 5 15 65 68 110 180
22 38 46 68 160 162 194 198
22 0 16 72 89 109 138 156
22 14 117 142 186 193
22 0 31 38 58 194
22 26 69 79 96 113
22 4 72 76 102 155
22 55 165 177 187
22 24 28 116 151
22 7 152 173 187
22 79 167 199
22 14 104 127
22 68 89 110
22 4 172 185
22 9 100
22 12 185
22 118 190
22 127 188
22 170 172
22 42 133
22 8
22 62
22 135
23 70 88 125 151 163 190 193
23 5 60 94 102 127 156 195
23 19 44 53 66 83 143
23 56 61 75 87 137 184
23 18 50 51 93 99 182
23 14 99 111 131 168
23 33 68 124 198
23 20 50 71 190
23 38 70 77 89
23 24 66 73
23 39 92 189
23 124 135 178
23 16 137 171
23 62 84 95
23 79 93 113
23 4 141
23 97 167
23 47 55
24 8 14 27 31 54 61 73 131 172 175
24 43 79 118 131 133 155 161
24 22 53 81 108 127 163 178
24 8 15 42 47 76 145
24 15 38 67 91 164 176
24 6 58 119 146 164
24 10 67 90 106 192
24 29 55 84 166 172
24 13 48 100 130 181
24 17 132 144 155
24 87 148 164 180
24 45 65 75 147
24 90 126 175
24 6 11 136
24 56 157 186
24 1 37 164
24 50 66 182
24 155 161 187
24 61 79 91
24 82 98
24 22
25 85 106 140 154 173 194 196
25 7 19 75 78 83 92
25 15 34 51 116 126 175
25 14 33 51 129 137 146
25 0 11 42 122 149 191
25 21 69 133 141 158 196
25 25 52 59 134 157 184
25 2 20 50 72 168
25 51 63 73 77 150
25 23 26 67 134 173
25 34 63 135 143
25 13 26 84 149
25 28 45 62 98
25 15 56 90 161
25 6 82 110 170
25 6 150 158
25 0 138 153
25 95 165 171
25 16 24 60
25 102 139 178
25 153 168 185
25 125 156 161
25 33 39 131
25 151 161 199
25 26 96 198
25 59 142
25 114 154
25 47 117
25 92 197
26 4 83 106 110 143 165 172
26 41 55 71 83 141 183 184
26 8 11 19 89 129 150
26 17 22 76 140 174 194
26 66 68 83 88 143 179
26 7 11 43 82 136 182
26 89 111 152 158 181
26 37 72 129 160
26 49 83 149
26 83 90 168
26 36 106 129
26 145 147
26 17 155
26 30 157
26 121
27 9 47 119 139 166 175 186
27 25 37 80 135 178 179
27 63 103 107 133 192
27 31 49 140 165 167
27 34 35 54 140
27 0 51 96 186
27 26 42 131 149
27 103 111 140 153
27 7 51 84 95
27 135 174 177
27 76 156 180
27 130 145 180
27 12 80 183
27 6 40 105
27 51 75 90
27 142 191
27 75 147
27 52 198
27 175
27 141
28 21 52 72 126 179 193
28 23 42 71 127 170
28 34 41 102 125 186
28 27 65 129 134 172
28 11 38 43 196
28 27 106 135 184
28 23 39 81 110
28 117 190 191
28 17 82 163
28 15 88 101
28 24 163
28 81 116
28 5 97
28 44 85
29 21 31 37 39 54 117 132 147
29 0 33 107 118 147 179
29 40 47 93 140 179 182
29 53 75 92 100 185
29 11 56 88 119
29 24 90 109 145
29 26 49 74 126
29 145 166 174 199
29 38 101 155
29 75 129 151
29 73 167 185
29 128 146
29 156 173
29 101
29 118
30 25 46 72 113 187
30 29 62 64 80 160
30 3 89 113 132
30 85 110 134 142
30 28 103 106 190
30 22 103 113 116
30 21 64 97 147
30 50 147 151
30 55 71 156
30 27 48 62
30 7 61
30 90 109
30 68 71
30 36
31 56 57 72 98 109 119 144 172 196
31 2 6 68 90 120 126
31 6 68 125 140 154 175
31 54 75 104 151 152
31 14 15 116 155 175
31 7 24 36 133
31 52 156 157 192
31 28 42 61 129
31 50 97 100 188
31 43 158 162 184
31 1 39 106 191
31 14 34 46 160
31 41 70 71
31 58 71 131
31 16 43 75
31 1 21 80
31 10 24 112
31 72 126 190
31 134 153 173
31 43 65 144
31 23 129 190
31 30 129
31 54 114
32 12 23 25 32 105 123 149 176
32 0 21 70 78 100 149
32 93 96 107 131 150 163
32 19 22 48 163 176
32 3 38 98 132 138
32 49 112 124 158 189
32 69 107 144 172
32 123 161 180 198
32 93 113 179
32 74 112 176
32 39 99 149
32 29 162 171
32 108 177 197
32 48 102 192
32 5 11 162
32 18 71 163
32 59 70
32 105 119
32 63
33 44 50 78 112 120 186 191
33 61 68 90 99 112 153 196
33 4 11 53 98 99 183
33 100 117 126 139 157 199
33 63 69 79 129 137 195
33 12 61 152 181 189
33 106 108 119 133 146
33 106 185 187 192 199
33 24 71 92 160 184
33 35 42 104 129 167
33 84 85 97 117 153
33 41 55 87 93 94
33 19 81 101 115 128
33 13 50 59 121
33 47 57 82 154
33 3 34 141 151
33 22 30 179 186
33 23 61 83 159
33 184 191 197
33 125 177 188
33 81 177 194
33 27 100 199
33 25 29 94
33 123 189
33 128 183
33 73 108
33 76 82
33 55 143
33 55
34 3 4 15 16 57 91 120 131 160
34 29 30 103 132 134 154 182 197
34 52 69 75 86 94 173
34 45 57 58 158 162
34 55 69 87 155 180
34 23 103 138 139 182
34 9 20 91 154 191
34 31 42 71 86 175
34 6 9 120 127
34 48 81 110 134
34 89 96 100 120
34 20 80 102 173
34 45 118 191
34 80 144 168
34 7 31 134
35 22 40 95 119 124 130 135
35 12 99 140 162 177
35 0 43 86 132 169
35 53 64 82 94 102
35 36 54 86 144 145
35 96 113 116 152 185
35 50 79 81 136 192
35 71 114 136 145
35 31 105 132 154
35 74 102 109 124
35 94 140 143 144
35 0 4 42 66
35 0 100 130 140
35 97 150 183
35 105 163 193
35 31 53 185
35 98 118 128
35 129 153 158
35 5 193
35 0 100
35 32 192
35 72 170
35 83
36 18 38 40 41 52 60 140 141 183
36 11 20 29 81 141 171 184
36 4 58 85 120 176
36 108 123 124 156 174
36 30 117 151 157 181
36 62 85 141 146 175
36 64 74 80 126
36 41 63 102 179
36 22 54 130 172
36 125 163 166 198
36 18 19 198
36 10 56 179
36 31 109 159
36 1 5 118
36 35 75 113
36 3
36 45
36 2
37 17 37 129 168 183 188 195
37 21 30 76 110 130 186 188
37 6 8 12 113 181 195
37 72 97 150 160 198
37 10 96 108 115 140
37 25 75 136 194
37 125 132 165 193
37 111 146 180 193
37 12 42 104 159
37 10 36 154
37 25 44 75
37 135 176 198
37 49 59 189
38 0 32 62 85 110 138 155 179
38 5 39 55 82 178 179 190
38 36 76 100 134 162 182 185
38 3 9 58 77 102 122
38 61 65 76 77 124 172
38 41 82 95 102 163 184
38 57 58 165 181 185
38 10 64 81 99 139
38 45 46 108 141 182
38 37 39 143 192
38 23 74 123 131
38 106 147 159 178
38 2 92 108 132
38 16 43 96 144
38 86 126 154
38 53 93 152
38 49 115 117
38 6 48 169
38 103 160
38 16 143
38 62 127
38 97 182
38 143 146
38 128
38 196
38 101
38 149
39 27 59 61 93 122 153 185 191
39 41 61 102 116 124 189
39 25 27 120 130 137 182
39 27 103 120 137 148 187
39 2 70 114 127 151
39 75 131 140 148 170
39 64 87 136 176
39 13 95 100 198
39 77 80 84 111
39 37 107 155
39 13 79 165
39 55 97 136
39 42 71 109
39 34 196
39 155 181
39 136
40 12 39 96 140 168 199
40 47 69 108 117 150 199
40 45 66 98 141 190
40 12 60 161 168 190
40 78 90 124 185 192
40 10 75 102 118 148
40 64 90 143 149
40 19 104 139 174
40 10 117 150
40 43 47 125
40 56 138 154
40 31 77 128
40 14 124 171
40 75 101
40 90 173
40 56 119
40 120 174
40 32 57
40 139
41 40 88 107 121 131 140 174 186 188 195
41 58 84 98 136 151 181
41 7 9 126 130 140
41 4 30 37 146 179
41 37 90 124 191
41 52 102 141 178
41 0 11 45 85
41 40 41 49 122
41 22 59 77 100
41 35 69 85 187
41 11 28 75 183
41 42 156 194
41 1 90 154
41 74 83
41 16 162
41 37 85
41 152
42 2 17 21 42 84 90 162 198
42 50 69 102 112 138 183 195
42 33 43 64 85 164 192 196
42 10 44 122 145 152 190
42 21 58 137 139 142
42 47 70 126 129 145
42 84 103 117 133 140
42 38 121 145 147
42 21 28 56 156
42 4 33 62 82
42 17 60 85 151
42 16 58 101 128
42 32 78 110 111
42 52 64 155 178
42 13 51 83 143
42 63 120 140
42 45 130 172
42 20 49 152
42 61 113
42 37 142
42 96 183
43 48 54 70 77 120 153 169 187
43 11 14 61 88 108 117 129
43 84 93 114 130 145 153
43 6 65 93 115 130 177
43 2 20 25 87 119
43 57 73 111 125 135
43 11 37 94 176 197
43 35 79 90 135 179
43 23 86 157 199
43 46 141 190 195
43 102 137 140 178
43 4 106 171 183
43 44 132 161 188
43 31 77 80 140
43 92 151 195
43 57 95 191
43 50 68 120
43 63 102 177
43 22 136 197
43 0 92
43 112 192
43 30 141
43 65 111
44 50 93 105 112 114 146 153 160 180 199
44 40 56 65 68 118 128 173
44 21 77 83 187 198
44 2 42 62 105 112
44 99 113 146 147 158
44 11 37 95 149
44 33 57 189 195
44 82 96 105 122
44 68 100 176
44 79 89 95
44 37 47
44 112 113
44 35 36
44 77 197
44 77 164
44 131
44 135
44 69
45 33 37 60 112 129 152 157 168 187
45 49 97 110 155 166 173 194
45 17 98 108 174 179
45 73 101 111 156
45 23 32 70 170
45 53 55 169 176
45 101 115 174
45 33 182 186
45 124 151 157
45 4 51 157
45 26 115 128
45 112 114
45 88 193
45 3 9
45 183
45 14
46 22 74 75 102 122 124 157 163 174
46 2 27 79 99 143 166 171 188
46 11 12 65 85 135 156 166
46 14 37 52 108 151
46 33 63 121 167
46 69 75 81 196
46 46 120 143 145
46 27 65 72 178
46 58 105 167 187
46 88 104 120 136
46 0 11 82 84
46 50 78 132 145
46 116 138 178
46 43 93 176
46 32 86
46 16 92
46 128
46 62
47 23 35 55 91 97 120 178
47 13 19 79 81 88 127
47 68 71 76 79 100 184
47 52 119 158 159 171 174
47 64 118 142 166 182 197
47 10 17 98 102 188
47 49 123 127 187 191
47 48 106 139 156 161
47 12 79 110 129 179
47 53 75 81 153 198
47 44 86 93 99 194
47 41 44 66 91
47 6 104 120 151
47 36 91 161 198
47 64 80 86 183
47 42 137 144
47 1 44 109
47 13 34 68
47 4 128 163
47 29 164 180
47 43 124 131
47 29 47 187
47 15 88
47 51
48 13 37 71 78 91 126
48 7 32 148 179 180
48 5 15 90 148 197
48 11 47 84 86 115
48 56 138 142 180
48 53 79 160 197
48 26 65 107 136
48 34 152 180 186
48 23 56 115 196
48 16 70 132 135
48 4 85 86
48 51 127 154
48 24 56 161
48 1 41 140
48 21 111
48 9
49 53 67 98 99 109 121 169 186
49 6 67 131 145 168
49 25 30 37 125 192
49 15 21 55 139 160
49 4 17 76 79 198
49 4 41 50 68 113
49 44 117 125 139 146
49 4 10 48 109
49 37 62 88 184
49 6 49 61 141
49 10 38 127 133
49 78 172 187
49 140 144 158
49 115 119 161
49 18 25
49 47
49 60
49 48
50 4 54 104 110 136 148 151 165 180
50 2 4 23 38 79 145 152 180
50 72 80 81 145 146 188
50 22 26 31 46 89 179
50 78 129 152 156 171 188
50 31 87 134 157 186 191
50 4 18 70 102 187
50 40 75 112 183 194
50 1 26 30 103
50 65 72 133 151
50 1 87 126 159
50 55 82 107 141
50 63 118 156
50 35 88 111
50 17 154 195
50 2 69 117
50 143 192
50 71 146
51 25 33 57 96 100 131 155
51 25 54 70 83 126 193
51 11 25 120 177 194 196
51 24 82 116 122 142 152
51 15 67 69 118 121
51 71 81 86 110 197
51 28 60 105 113 139
51 4 44 141 144 177
51 22 45 61 184 188
51 33 49 69 114 198
51 7 32 43 111
51 5 84 154 197
51 31 46 84 168
51 15 76 105
51 6 40 96
51 52 146 187
51 105 140
51 40 144
51 190
52 10 20 39 51 61 105 181
52 5 80 130 135 136 164 176
52 8 42 54 71 88 168
52 22 29 71 91 105 197
52 21 30 31 79 196
52 26 66 149 184 195
52 65 105 165 172
52 3 34 40 101
52 2 154 166 167
52 34 113 132 161
52 49 84 88
52 23 26 85
52 145 157 163
52 1 149 178
52 57 126 139
52 88 157 182
52 53 108
52 150 199
52 56 188
52 176 188
52 120
53 14 60 122 128 149 160 167 184
53 3 99 101 123 197
53 2 75 142 158 188
53 65 94 95 178 197
53 39 50 60 110 153
53 42 105 109 128 146
53 18 57 152 174
53 12 85 124 140
53 0 16 19 116
53 36 50 176
53 6 65 101
53 61 63 94
53 25 39 120
53 25 30 121
53 67 68 81
53 9 34
53 133 147
53 2 36
53 47 119
53 45 150
53 140
53 16
53 71
54 24 58 74 128 161 174 187 194
54 15 33 79 84 85 161 162
54 40 60 101 115 118 185
54 7 13 18 54 71 134
54 87 129 150 178 197
54 36 51 71 172 176
54 121 125 157 160 167
54 9 37 48 106 147
54 58 95 98 171
54 10 24 102 104
54 74 116 155 175
54 30 44 135 152
54 30 86 170 185
54 22 67 91 191
54 11 75 145
54 20 69 168
54 40 70
54 49 169
54 98 131
54 54
54 62
54 189
55 11 15 17 41 107 126 178
55 15 44 56 99 113 153 193
55 12 64 126 149 161
55 0 60 76 141 173
55 3 29 107 134 159
55 14 57 66 97 148
55 120 130 152 164
55 35 155 167 194
55 17 103 132 163
55 32 39 126 149
55 14 39 124 194
55 3 22 77 104
55 6 33 40 149
55 52 66 195
55 27 183 197
55 25 134 177
55 78 148 173
55 100 198
55 28 83
55 97 173
55 54 113
55 147
56 17 31 88 102 161 168 192
56 20 26 57 104 109 164 186
56 27 33 94 115 151 187
56 29 58 89 148 168 190
56 25 42 50 68 170 197
56 55 115 129 182 194
56 34 117 141 148 166
56 3 50 80 101 174
56 100 172 191 195
56 44 122 154 186
56 79 166 181 195
56 44 68 104 172
56 97 134 172
56 105 134 180
56 88 156
56 183 196
56 141
56 78
57 1 35 43 65 69 90 111 191
57 14 63 99 108 142 155
57 28 35 40 103 157 194
57 85 139 143 189 199
57 107 155 165 175 177
57 15 73 81 116 196
57 15 23 33 148
57 79 132 137 185
57 6 120 157 168
57 63 67 163 189
57 66 92 102 184
57 8 38 156 193
57 23 70 138
57 42 45 118
57 10 49 65
57 144
57 67
58 24 69 95 132 139 185 191
58 68 78 93 100 155 171
58 42 107 119 127 152 156
58 58 102 114 136 160 180
58 10 25 38 48 122 176
58 12 35 91 162 168
58 41 61 65 167
58 25 30 74 90
58 113 115 184 190
58 49 58 79 150
58 22 47 125 174
58 46 79 165 172
58 21 37 126
58 101 105 113
58 30 72 139
58 100 110
58 37 131
58 25 92
58 121
58 11
59 53 69 90 121 127 181
59 1 17 92 128 137 167
59 13 66 96 155 169
59 23 27 48 93 110
59 35 51 124 146 160
59 5 24 76 192
59 47 134 142 189
59 6 27 45 90
59 37 93 193
59 26 47 161
59 83 186 189
59 34
60 14 23 54 59 137 160 195
60 3 8 71 81 108 114 183
60 110 117 147 152 180 184
60 40 42 54 96 113
60 9 83 92 130 148
60 55 63 142 185
60 45 69 90 117
60 71 79 163 182
60 49 71 97 164
60 4 66 102
60 106 153 184
60 63 180 183
60 66 87 132
60 29 184
60 4 21
60 54 150
60 26 162
60 57 124
60 13 145
60 68 172
61 24 46 57 80 111 126 137
61 14 101 104 108 185 187
61 20 31 63 93 102 156
61 51 56 74 110 185
61 2 53 170 190 197
61 66 77 98 103
61 29 51 104 172
61 44 72 141 182
61 8 39 79
61 57 86 132
61 72 156 178
61 38 186 189
61 58 141 170
61 17 30 94
61 46 73
61 144 152
61 195
62 18 35 57 98 138 154 165
62 50 85 111 137 144 190
62 57 66 73 94 143
62 101 133 157 177 181
62 0 40 131 132 140
62 110 127 130 142 175
62 48 86 100 143 156
62 15 102 109 152
62 53 56 97 178
62 4 7 72 93
62 0 44 66 184
62 1 38 64 189
62 16 106 199
62 22 80 113
62 184 197
62 10 99
62 100
62 199
63 10 15 32 81 132 162
63 5 22 53 92 96 142
63 6 88 106 149 167
63 14 74 96 117 177
63 60 106 107 183
63 12 59 78 118
63 13 104 107 160
63 45 110 134 155
63 62 80 116
63 0 60 79
63 89 171
63 40 141
63 55 151
64 86 90 91 119 135 172 181
64 44 55 78 124 141 156 173
64 7 38 63 77 93 133
64 34 83 146 176 194
64 25 63 142 150 198
64 36 53 117 164 172
64 55 131 138 144 158
64 41 57 58 82 135
64 9 38 67 172 187
64 49 77 129 134 165
64 21 82 106 150
64 112 131 147 190
64 21 40 64 84
64 66 143 146 170
64 54 96 102 179
64 72 117 134
64 55 117 187
64 44 91 193
64 12 70 95
64 109 170
64 70 180
64 64 146
64 13 95
64 160 196
64 136 172
65 18 66 73 75 150 183
65 31 47 69 107 168 182
65 18 25 32 91 141
65 22 34 50 98 153
65 97 104 119 167 185
65 19 82 120 161 182
65 29 71 140 158
65 30 50 74 167
65 49 60 68 126
65 5 32 168 198
65 110 114 137 170
65 42 49 59 109
65 39 58 154 162
65 95 125 165 182
65 48 118 127
65 60 131 159
65 26 52 157
65 3 39 119
65 17 41 186
65 23 152 175
65 106 169
65 42 43
65 33 168
66 5 22 79 107 169 174 175 178 181
66 0 10 28 55 71 86 154
66 33 49 98 99 138 139 178
66 9 49 136 155 157
66 7 13 23 58 115
66 64 75 92 93 192
66 35 79 92 114 144
66 12 22 26 58
66 79 89 129
66 53 120 169
66 111 156
66 7 20
66 58 108
66 24 82
66 70 145
66 129
67 6 16 42 58 73 82 104 128 164 171
67 54 147 154 156 157 192 195
67 89 119 136 147 155 171
67 6 41 59 100 176
67 78 113 168 175
67 105 118 144 185
67 62 100 116 182
67 43 91 103 161
67 94 164 180
67 36 90 93
67 49 91 140
67 7 53 176
67 100 162
67 155 192
67 102 111
68 7 55 96 104 129 131 141 172 183
68 13 37 48 100 122 125 150 166
68 54 55 77 116 118 168 175
68 3 16 32 90 102 193 198
68 8 53 100 134 153 175
68 85 106 129 141 170
68 13 96 102 178 187
68 1 13 40 179
68 24 143 159
68 75 103 181
68 17 63 76
68 83 99 199
68 31 179
68 42 177
68 75 158
68 87
69 31 33 35 48 52 135 144 198
69 3 30 89 131 140 166 197
69 0 36 45 79 83 123
69 26 52 132 142 192
69 81 129 163 166 188
69 24 28 143 179 185
69 2 39 86 137 148
69 37 141 157 168
69 129 137 147 174
69 117 134 137 184
69 147 176 187 197
69 4 27 129 163
69 53 105 121 160
69 40 58 111 175
69 83 135 169
69 6 63 125
69 12 155 189
69 117 154
69 66 124
69 104 135
69 43 147
69 15 98
69 52 143
69 3 137
69 80
69 2
69 70
70 23 24 115 153 187 192
70 2 30 39 55 138 172
70 11 40 61 118 125 129
70 9 95 111 184 196
70 5 7 80 126 194
70 4 95 121 130 162
70 40 45 78 148 190
70 6 80 117 122
70 2 24 125 169
70 54 118 123 155
70 56 141 178 182
70 143 170 179 185
70 72 101 117 124
70 94 130 187
70 1 73 197
70 44 90 111
70 83 84 162
70 131 153 191
70 15 172
70 35 138
70 31
70 55
71 67 115 118 164 169 186 196
71 23 97 104 116 132 178 179
71 9 78 88 101 171 187
71 72 85 91 155 158 165
71 5 43 48 91 122 141
71 62 63 73 83 116 143
71 1 6 21 58 88
71 7 99 100 115 157
71 53 121 122 132
71 72 172 179 188
71 14 44 113 188
71 32 101 116 175
71 23 98 128
71 10 84 85
71 1 71 115
71 4 118 172
71 2 69 161
71 44 46 186
71 26 48 197
71 11 179
71 45
71 81
72 17 19 43 79 94 137 143
72 15 109 127 165 191
72 6 95 107 121 198
72 10 64 118 164 187
72 3 33 35 110 158
72 35 54 72 105 119
72 19 22 107 154
72 38 43 66 72
72 65 87 174 195
72 115 134 185 187
72 9 38 76 190
72 53 73 131
72 12 49 92
72 66 148 152
72 12 58 151
72 19 89 190
72 63 81
72 141 151
72 38 78
72 174
73 15 32 45 86 107 138 179 186
73 21 78 94 142 165
73 31 46 51 91 170
73 38 83 107 171 187
73 30 57 93 130 131
73 3 10 104 153 192
73 56 108 127 153 156
73 33 136 165 173
73 0 37 41 70
73 5 50 59 149
73 12 23 51 92
73 53 92 93
73 124 169 198
73 158 161 165
73 52 142
73 64
73 144
74 33 67 72 92 142 153 197
74 0 10 80 99 171
74 16 18 24 40 53
74 10 69 131 181
74 31 51 176
74 27 80 174
74 67 158 179
74 161 173
74 3 195
74 56 160
75 16 20 50 55 91 169
75 38 44 66 80 120 137
75 13 149 153 193 194
75 0 20 43 79 195
75 1 13 163 172
75 7 14 126 169
75 95 131 168 180
75 5 26 132 165
75 24 35 107 184
75 40 79 148 166
75 4 139 165 187
75 32 55 105 188
75 30 119 188
75 114 148 170
75 112 142
75 140 142
75 71 146
75 64 184
76 26 45 50 57 89 134 162 182
76 20 38 71 87 113 118 156 174
76 26 32 38 74 82 137
76 24 84 100 103 131
76 9 20 39 67 84
76 28 32 97 199
76 110 118 175 178
76 24 52 67 195
76 17 23 34 76
76 37 57 63 163
76 131 162 195
76 6 43 78
76 53 82 139
76 118 149 199
76 60 115 176
76 55 118 138
76 26 135
76 20 183
76 146 198
76 128
76 3
77 42 79 96 139 144 159 168 195
77 13 76 89 105 124 144
77 31 58 136 159 183 185
77 10 58 74 102 124
77 11 23 59 62 95
77 8 48 143 161 163
77 80 98 148 159 165
77 2 84 147 199
77 21 35 58 170
77 58 71 82 190
77 52 83 90 140
77 13 35 38 139
77 8 173 197
77 15 142 164
77 39 88 101
77 79 136 147
77 4 53 159
77 146 196
77 44 164
77 2 75
77 55 82
78 3 54 93 107 146 158 197
78 0 81 122 155 162 163
78 7 38 83 107 120 157
78 32 62 72 156 160 175
78 25 37 45 51 126
78 5 89 120 134 141
78 23 90 110 112 199
78 19 37 115 138 165
78 10 77 121 146
78 102 114 138 157
78 38 51 58 125
78 24 64 98 194
78 38 59 66 102
78 87 110 153 154
78 22 46 141 151
78 9 59 158 160
78 12 25 51 62
78 71 111 160 192
78 44 45 178 195
78 14 99 157
78 6 104 159
78 73 140 176
78 1 68 130
78 8 158
78 3 53
78 166 170
78 0 105
78 161 197
78 3 179
78 19 146
79 5 38 69 81 122 170
79 51 55 68 163 174 195
79 37 40 121 124 185
79 17 113 162 177 199
79 66 92 151 159
79 41 83 131 167
79 70 72 104 150
79 53 73 123 187
79 7 12 125 163
79 130 143 159 162
79 62 112 121 166
79 59 126 152 177
79 4 27 58 160
79 12 27 43 149
79 63 109 189
79 5 162 186
79 13 94 166
79 103 194
79 54 118
79 32 57
80 13 28 35 47 102 111 178 185
80 31 76 85 88 147 183
80 10 90 110 114 152 169
80 19 70 101 114 175 189
80 34 128 139 173 175 184
80 18 33 84 131 177
80 7 20 111 132 155
80 158 164 184 189
80 61 72 86 128
80 6 43 138 185
80 11 12 32 92
80 50 67 147
80 79 82 105
80 66 94 124
80 103 132 138
80 4 69 76
80 6 12 71
80 31 45 145
80 26 117 155
80 26 32 46
80 81 184
80 24 62
81 24 55 61 73 83 93 94 161
81 29 39 142 162 182 184 199
81 20 51 76 96 107 111 197
81 57 83 112 124 166 199
81 18 21 32 41 131 134
81 41 71 87 91 94 96
81 35 102 139 144 173 181
81 8 44 45 50 90 136
81 2 3 12 131 159
81 103 106 119 123 192
81 2 36 73 136 141
81 4 42 43 131 164
81 22 23 58 128
81 11 54 81 162
81 123 127 137 168
81 28 53 179 184
81 38 128 129 146
81 65 102 127 156
81 11 18 62
81 40 69 126
81 49 173 183
81 145 168 180
81 64 95 187
81 30 136 143
81 60 61 89
81 28 112 118
81 84 91 187
81 25 82
81 24 173
81 125 141
81 16 17
81 70
82 0 24 69 74 81 172 174 196
82 48 53 100 102 182 198
82 27 30 42 102 188 194
82 25 73 139 148 152 188
82 109 121 168 176 181
82 45 70 71 78
82 43 48 100 158
82 48 111 163 168
82 14 51 172
82 80 94 197
82 118 124
82 85 145
82 4 177
82 142 187
82 0 176
83 5 57 85 93 145 148 154 184
83 62 73 83 114 137 156
83 24 53 63 81 108 183
83 22 33 99 130 139
83 4 83 140 180 189
83 34 95 122 135 167
83 10 28 81 120 197
83 46 89 93 106
83 6 24 90 94
83 32 100 152 197
83 17 43 98 104
83 101 103 148 151
83 50 120 122
83 75 104 197
83 1 29 184
83 16 97
83 139 151
83 131 183
83 70 150
83 48
84 22 69 73 103 175 181 186 196
84 31 36 61 85 102 119 169
84 26 112 116 145 151
84 24 39 101 149
84 71 93 172
84 4 103 187
84 40 99 169
84 73 114 117
84 1 76
84 167 177
84 6 130
84 78 96
84 197
84 20
85 6 15 19 73 94 120 145 172 191 193 198
85 12 85 108 121 131 135 147 175 197
85 31 33 40 47 116 155 181 183 186
85 31 99 100 107 115 128 170 179
85 111 129 139 155 177 182 183
85 26 30 52 144 151 153
85 22 101 127 167 175 180
85 28 104 160 172 195
85 6 78 103 132 195
85 14 27 81 141 151
85 15 22 43 60 124
85 16 147 159 167
85 73 117 169 181
85 9 68 74 180
85 50 75 85 149
85 19 20 63
85 56 90 118
85 24 94 151
85 150 183 198
85 49 171
85 77 167
85 66
85 70
85 48
86 5 41 55 100 122 151 163 198
86 13 29 63 72 122 130 171 192
86 118 125 134 161 194 197
86 21 133 156 175 182
86 31 76 97 197
86 69 138 142 162
86 1 37 76 124
86 32 104 134 135
86 2 10 120 122
86 26 124 165 193
86 83 86 109 165
86 15 53 110 158
86 58 61 131
86 57 113 198
86 38 91 181
86 36 181 183
87 24 25 26 59 91 135 177 182 194
87 20 23 39 50 56 69 156 199
87 0 20 21 32 174 187
87 3 4 67 185 189 190
87 14 18 59 60 108 123
87 66 69 87 126 130 194
87 2 20 26 28 193
87 4 65 74 160 179
87 20 48 101 186 197
87 27 37 77 96 172
87 100 131 147 187
87 48 85 124 147
87 45 60 157 175
87 5 17 53 150
87 4 6 58
87 16 156 194
87 59 171 182
87 126 182
87 43 121
87 115
88 29 65 104 115 131 138
88 48 61 71 109 113 123
88 12 35 51 172 178
88 22 38 40 77 86
88 29 59 76 103 151
88 98 168 179 183
88 8 117 150 197
88 91 96 125 171
88 40 54 182 189
88 7 15 23 53
88 95 137 157 164
88 63 152 160 174
88 13 87 95 108
88 23 52 57
88 27 118 170
88 43 83 104
88 48 198
88 100
89 22 44 48 56 70 156 197
89 18 32 50 113 134 186
89 6 15 74 80 84 133
89 6 112 149 183 185 195
89 18 25 40 43 115
89 28 48 74 120 181
89 18 28 62 152 196
89 3 29 79 131 173
89 39 68 150 165
89 52 84 166 170
89 94 142 146 178
89 40 104 121 125
89 61 78 90 109
89 2 59 114 190
89 31 135 153 192
89 55 95 139 174
89 10 50 91
89 10 98 129
89 54 68 108
89 22 30 117
89 52 116 163
89 55 112 196
89 28 148
89 6 173
89 65 145
90 76 111 113 144 155 157 188 189
90 8 45 66 81 86 163 173
90 57 58 78 111 124 156
90 111 128 151 179 180
90 55 100 122 147
90 14 59 112 183
90 71 88 157 170
90 2 14 16 176
90 63 76 108 155
90 11 27 80 117
90 4 5 63
90 12 62 197
90 26 155 199
90 97
90 8
90 66
90 49
91 13 14 21 42 82 94 110 158 194 197
91 38 52 92 110 113 120 198
91 3 15 47 59 84 142
91 23 100 102 154 175 191
91 52 74 75 77 125 155
91 116 124 136 173 185
91 49 50 94 99 171
91 16 125 150 159 188
91 23 71 126 149
91 129 177 181 182
91 56 62 81 183
91 65 98 147 167
91 28 37 78
91 12 153 174
91 49 95 140
91 5 120 130
91 37 96 101
91 96 104
91 68 153
91 121 159
91 66 83
91 179 199
91 27 67
91 63 158
91 165
92 22 57 65 107 138 149 150
92 80 82 99 104 145 196
92 33 35 50 114 183 189
92 5 61 132 141 155 186
92 44 46 48 68 93 181
92 17 55 86 95 121 194
92 18 30 78 159 170 188
92 2 20 30 39 40 154
92 112 133 143 157 196
92 37 114 138 165 181
92 46 66 88 187 198
92 41 44 50 89 171
92 75 94 159 181 188
92 41 47 82 124 173
92 6 40 60 111 177
92 98 107 141 185
92 81 165 180 190
92 24 73 132 173
92 42 82 139 178
92 28 49 76 113
92 4 40 145
92 1 10 85
92 43 143
92 51
92 87
93 20 26 27 50 68 106 139 165 173 191
93 36 43 50 66 95 127 138 165
93 17 43 56 130 132 134 173
93 17 29 76 85 139 142 188
93 58 88 93 149 168 177
93 26 84 87 110 117 123
93 32 55 85 92 181
93 56 65 85 116 191
93 12 23 32 84 134
93 68 108 162 191
93 68 103 128 179
93 129 145 146 170
93 90 123 176 199
93 74 127 150 181
93 20 146 187
93 63 66 168
93 55 81 123
93 35 46 86
93 10 29 180
93 72 169
93 177 191
94 31 126 155 165 174 176 197
94 27 50 115 116 128 141
94 61 79 123 125 133 163
94 10 38 108 115 119 143
94 18 52 61 112 187
94 5 28 40 114 144
94 27 40 55 117
94 37 76 108 192
94 12 37 144 182
94 32 139 146 162
94 32 34 53 152
94 28 40 117
94 69 71 76
94 65 84 159
94 34 199
94 12 120
94 15 84
94 178
95 13 14 86 90 104 128 138 173
95 11 89 109 134 148 164 181
95 15 79 87 149 153
95 66 78 96 119 149
95 42 63 117 121 195
95 29 105 143 159 199
95 7 123 150 160
95 40 101 187 189
95 60 98 123 177
95 70 141 160
95 32 145 197
95 15 110
95 48 106
95 88 114
95 71 113
95 1 124
95 106
95 88
95 80
96 45 52 64 85 95 156 187
96 40 91 104 130 131 177 192
96 37 72 132 154 174 184
96 18 76 95 108 121 160
96 85 96 102 116 137 152
96 36 58 67 98 154 193
96 87 106 130 184 196
96 5 65 73 148 192
96 55 70 147 174
96 18 74 97 190
96 130 139 141 163
96 6 96 164 194
96 12 59 119 130
96 80 89 118 148
96 81 135 177 179
96 48 92 193
96 23 179 191
96 31 102 171
96 3 27 39
96 63 69 135
96 46 78 129
96 6 20 149
96 7 15
96 11 94
96 21
97 21 40 99 100 115 121 176 181
97 21 22 37 65 125 131 190 196
97 5 19 71 94 134 145 171
97 0 19 58 97 153 170
97 20 39 44 62 174 186
97 38 61 71 96 141 167
97 83 101 114 148 162
97 51 83 151 173 185
97 9 23 29 36 46
97 30 51 67 163
97 60 62 129 147
97 87 91 141 183
97 4 38 75 181
97 12 73 104 193
97 81 94 172
97 52 66 149
97 130 131 181
97 46 115 174
97 26 175 176
97 10 57 69
97 86 150
97 53 55
97 69 164
97 27 114
97 24 30
98 15 26 32 47 114 132 142
98 11 22 43 107 113 118 136
98 83 107 114 140 172 175
98 34 67 115 128 177
98 8 91 110 177 181
98 57 72 78 98 123
98 45 47 95 125
98 34 48 83 174
98 15 17 46 117
98 46 60 84 89
98 19 91 122 191
98 6 13 48 56
98 18 72 152
98 30 154 170
98 3 73 126
98 138 175 198
98 52 111 159
98 98 171
98 115 183
98 61 154
99 29 39 73 120 128 134 142 185
99 64 130 161 169 187 194
99 1 98 120 127 145 161
99 37 65 130 139 153 183
99 12 60 61 76 175
99 77 106 188 189
99 6 8 54 68
99 19 20 35 80
99 2 112 142 172
99 73 93 119 180
99 75 126 153 173
99 98 153 161
99 77 84 114
99 18 111 176
99 92 159 161
99 94 132 194
99 159 174 183
99 110 169
99 78
100 40 56 67 77 95 105 176 195
100 94 108 112 116 118 139 144 161
100 57 59 87 130 144 150 184
100 41 92 93 118 121 161 162
100 10 57 92 105 147 170 180
100 10 12 124 141 153 193
100 18 19 71 73 124 188
100 28 68 154 162 163 183
100 9 12 52 103 169 195
100 44 54 137 160 178
100 2 109 138 183 191
100 14 40 82 146 176
100 4 85 88 128 145
100 50 74 76 143 188
100 17 44 170 192
100 72 109 118 193
100 90 109 136 153
100 95 118 142 172
100 14 29 121
100 98 109 173
100 63 108 161
100 23 70
100 7 111
100 33 48
100 15
