200 2000
1 59 79 85 130 139 143
1 25 29 41 52 86 165
1 2 29 96 107 119 137
1 1 26 27 138 172
1 1 3 35 58 171
1 13 19 36 50 90
1 119 145 157 158 193
1 58 64 70 128 196
1 60 155 192 195
1 14 94 168 185
1 73 147 161 179
1 18 46 67 174
1 35 73 101 180
1 5 60 115 154
1 46 61 86 87
1 5 20 135 164
1 48 52 82 86
1 5 47 73 147
1 54 60 66 181
1 14 29 58
1 115 145 198
1 43 71 152
1 19 27
1 24 161
1 162
1 141
2 5 14 15 88 158 168 195
2 9 23 35 108 143 161
2 30 39 100 137 154 176
2 6 65 109 125 157 169
2 30 40 105 134 141 162
2 15 17 85 107 184
2 14 68 93 168 181
2 21 38 43 182
2 5 28 136 177
2 80 110 118 158
2 63 120 161
2 15 180 183
2 53 55 187
2 137 188
2 29 140
2 8 51
2 91 141
2 108 125
2 147 156
2 25
2 96
2 23
3 64 99 151 160 166 189 198
3 62 69 80 111 112 128 136
3 17 101 127 144 177 194
3 39 70 109 141 164 193
3 9 76 127 143 150
3 28 44 74 83 158
3 99 104 122 162
3 12 97 103 108
3 12 107 128 140
3 128 142 162 195
3 18 64 65 154
3 70 87 122 170
3 15 38 126 158
3 14 17 74
3 16 50 98
3 12 14 197
3 22 132
3 24 86
3 135
4 15 36 56 59 87 122 152
4 61 75 110 173 199
4 15 42 118 132 198
4 44 144 155 159 166
4 39 104 109 125 127
4 32 85 149 152 162
4 6 17 62 137 142
4 3 4 109 181 187
4 7 86 109 149 191
4 34 37 91 125 141
4 28 125 142 187
4 44 46 124 170
4 91 158 164 183
4 19 39 81 99
4 8 87 122 137
4 55 77 114 164
4 85 130 150 196
4 112 145 146
4 73 113 120
4 36 71 148
4 133 149 195
4 6 83 189
4 74 121 125
4 15 25 138
4 159 194
4 184 196
4 19 112
4 24 62
4 105
5 4 5 31 71 143 151 171 181 192
5 24 61 95 112 131 181 186 194
5 1 67 103 146 157 171 180
5 91 107 149 156 159 186 199
5 68 92 111 135 141 188
5 68 71 92 124 172 189
5 56 99 118 124 131 140
5 12 42 127 136 151 173
5 0 3 78 84 116 120
5 36 57 77 112 126
5 40 132 149 158 164
5 94 141 150 171 192
5 65 80 98 129 132
5 28 66 76 178
5 14 47 78 143
5 28 42 75 168
5 29 53 75 98
5 8 24 48 146
5 82 134 142 195
5 10 31 67 146
5 20 42 75 92
5 11 18 151 184
5 50 152 169 187
5 43 65 174 190
5 142 168
5 121 140
5 62 162
5 11
5 23
6 37 44 135 143 156 161
6 0 10 159 175 190
6 13 34 44 80
6 59 70 123 194
6 88 110 172 198
6 21 80 138 181
6 111 115 151
6 8 12 52
6 66 115 181
6 29 101
6 53 65
6 117 136
7 2 52 98 113 116 140 162 170
7 3 25 50 54 64 117 132
7 27 41 42 62 79 169
7 108 124 131 152 157 184
7 7 137 158 178 183
7 35 46 81 85 92
7 24 36 119 164
7 39 128 150 183
7 96 131 149 191
7 37 38 84 125
7 5 33 86 185
7 54 137 163 197
7 19 60 94 183
7 48 86 160
7 21 79 181
7 7 103 107
7 1 63 87
7 124 149 159
7 116 179 184
7 106 166
7 134 162
7 172 182
7 66
8 6 38 55 92 96 108 122 185 189
8 4 24 42 54 55 106 165
8 83 97 103 108 130 183
8 18 86 126 149 174
8 75 77 88 146 174
8 11 12 86 167 178
8 38 48 50 62 157
8 73 123 141 168 177
8 9 106 154 155
8 7 26 103 147
8 58 66 104 161
8 44 55 85 151
8 34 54 164 193
8 58 169 192
8 94 155 162
8 151 175 190
8 103 108 171
8 139 187
8 48 62
8 73 117
8 28 83
8 65 96
8 107
9 0 75 97 117 125 187
9 8 38 51 77 136 179
9 2 79 99 147 151
9 41 98 111 129 152
9 2 37 104 185 193
9 1 64 81 153 191
9 23 29 43 63 187
9 25 113 134 163
9 25 75 99 140
9 95 130 149 183
9 39 52 89 180
9 61 84 96 172
9 8 17 49 179
9 54 106 115 199
9 25 57 58 181
9 54 57 136
9 103 117 180
9 143 151 197
9 42 113 168
9 123 141 154
9 44 182
9 102
10 15 39 51 54 60 99 166 173
10 23 29 81 113 150 194 195
10 32 45 94 118 145 160 173
10 25 47 69 99 107 121 178
10 63 131 138 146 148 185 186
10 25 32 134 159 188 190
10 9 32 71 121 138 148
10 3 36 39 115 151 196
10 37 59 81 141 154
10 82 88 144 149 165
10 1 63 96 163 170
10 66 107 125 160
10 4 190 191 196
10 37 46 109 179
10 25 52 145 149
10 110 136 192 198
10 7 66 158
10 2 107 175
10 1 86 129
10 113 134 175
10 43 112 159
10 30 81 155
10 88 101 125
10 60 161
10 99 164
10 35 132
10 76 137
10 42 179
10 56
11 3 18 52 104 131 135 154 198
11 51 55 64 115 130 133 155
11 41 69 91 156 158 161 170
11 12 64 72 76 125 150
11 53 63 71 108 115
11 4 12 23 30 119
11 38 103 175 191 193
11 20 28 114 126 198
11 20 51 66 85 199
11 21 22 35 48 94
11 27 44 99 133 171
11 31 44 53 178
11 36 61 145 158
11 4 42 155 181
11 90 123 174 177
11 74 76 175
11 14 36 113
11 84 130 165
11 72 152 158
11 102 133 192
11 96 110 156
11 56 92 189
11 25 166
11 63 127
11 28 109
11 16 174
11 79 153
11 37 70
11 141
11 160
12 18 23 36 44 45 54 127
12 1 11 26 61 71 79 126
12 55 84 96 121 142 143 165
12 28 87 99 114 122 159
12 8 134 158 172 176 181
12 35 58 66 73 111
12 11 18 84 167
12 69 165 188 196
12 3 90 138 153
12 1 30 55 93
12 68 97 118 163
12 101 174 185 195
12 11 52 102 139
12 0 48 66 83
12 51 72 78 116
12 6 22 65 81
12 102 132 178
12 78 98 117
12 24 102
12 53 105
12 57 174
12 94 130
12 51 111
12 26
12 153
13 18 33 48 61 88
13 103 108 114 157 194
13 12 52 159 168
13 51 82 85 103
13 4 26 56 89
13 22 43 69 124
13 87 111 144 170
13 7 77 119 198
13 10 105 128
13 23 50 137
13 91 148 189
13 23 85 149
13 86 123
13 98 109
13 74 150
13 118 131
13 40 185
14 53 55 83 111 116 176 198
14 5 44 102 106 143 169 183
14 41 44 52 63 93 105 169
14 70 78 95 101 169 183
14 22 45 75 121 171
14 42 88 151 155 189
14 12 136 156 159
14 16 90 188 193
14 28 68 74 174
14 40 97 151 177
14 19 67 117
14 5 61
14 40 87
14 63 91
14 83 181
15 40 54 86 92 105 110 169 192
15 8 36 37 91 93 118 181 199
15 15 16 82 92 118 167
15 35 44 122 136 169 175
15 1 103 123 125 135 167
15 29 39 107 111 168 198
15 8 60 94 144 183
15 1 71 84 185 188
15 59 77 98 129 140
15 83 119 127 172
15 19 40 106 186
15 90 111 156 187
15 51 98 168
15 77 125
15 28 148
15 134 138
15 86 129
15 34 128
15 75
15 155
16 33 79 104 105 135 136 158
16 6 111 136 157 158
16 18 67 78 126
16 26 94 117 187
16 32 48 114 116
16 55 105 121 196
16 11 53 98
16 3 71 162
16 18 126
16 113 152
16 69
16 94
17 22 55 72 84 95 119
17 27 55 159 187 190
17 22 85 108 113 145
17 14 16 21 33 57
17 29 114 126 177 195
17 0 125 153 156 181
17 24 54 91 122 166
17 70 105 126 159
17 51 71 78 92
17 3 17 32 134
17 26 47 105 195
17 4 75 196
17 72 140 168
17 61 73 172
17 68 132
17 127 145
17 134 146
18 18 69 101 156 159 193
18 8 38 48 53 67 97
18 10 11 73 110 119
18 11 57 92 113 146
18 23 33 48 100 108
18 0 41 132 174
18 1 26 80 153
18 11 129 144 163
18 70 85 88 198
18 20 123 143 197
18 58 62 109
18 72 116 135
18 105 118 192
18 17 55 95
18 53 57 93
18 74 91
18 176 197
18 130
18 97
19 13 22 36 122 131 153 160 165 176
19 35 69 117 134 175 187 189
19 20 67 82 97 129 172
19 4 20 40 47 68 178
19 27 68 99 169 170 192
19 68 82 108 112 186 194
19 27 46 106 127 170
19 64 92 114 169 174
19 54 90 98 139 187
19 17 121 128 142 181
19 53 125 128 179
19 51 156 164 175
19 15 25 98 193
19 172 179 195
19 11 27 177
19 42 142 194
19 25 79 122
19 7 8 69
19 45 78 195
19 2 29 93
19 17 189
19 34 154
19 2 36
19 12 73
20 24 70 86 121 181 195
20 140 144 148 154 167
20 35 41 62 175 197
20 1 27 113 185 195
20 114 137 153 188 196
20 49 50 83 126 180
20 65 79 85 168
20 20 57 66 67
20 9 91 162 176
20 39 71 157 178
20 97 172 176 177
20 29 35 86
20 7 32 147
20 16 51 107
20 85 141 196
20 159 192
20 154 155
20 153 169
20 152 164
20 72
20 31
20 10
21 10 46 58 65 128 181 184 199
21 7 17 82 109 110 173 187
21 13 49 50 54 107 123 164
21 8 16 60 103 130
21 36 54 81 103 164
21 13 57 137 146 166
21 87 88 172 186
21 41 54 79 80
21 158 165 173 182
21 24 177 187 195
21 6 97 98 195
21 131 153 160
21 6 146 151
21 120 136 177
21 55 116 186
21 19 127
21 163
22 3 5 27 41 60 61 89 137 167
22 19 116 128 136 148 162 191
22 51 53 64 93 151 163
22 9 34 64 68 162 187
22 50 66 104 146 187 198
22 91 101 103 111 124 138
22 8 14 46 122 156 194
22 12 52 132 140 185
22 7 98 103 130 144
22 16 59 91 105 126
22 3 18 97 173 195
22 3 19 147 162 182
22 66 132 166 192
22 1 36 55 66
22 18 30 35
22 53 177 191
22 103 167 176
22 170 184
22 108
23 30 75 108 110 113 118 148 163 185
23 2 10 13 29 51 60 160
23 74 92 96 114 131 185
23 8 30 71 90 198
23 9 51 133 182 194
23 39 48 123 139 144
23 51 114 179 188
23 73 122 148 196
23 72 95 138 185
23 0 17 109 196
23 142 153 167
23 23 54
23 49 100
23 28 185
23 162
24 18 46 49 127 128 188
24 8 60 112 114 183 186
24 64 130 144 177 182
24 34 107 121 132 151
24 23 64 71 95 131
24 9 121 150 151
24 73 94 153 174
24 11 83 98 156
24 48 111 152 155
24 52 56 149 192
24 129 136 146 186
24 32 47 51 110
24 17 48 55 56
24 91 109 115 155
24 0 27 34
24 135 144 155
24 4 76 112
24 119 139 143
24 29 142 180
24 8 68 92
24 131 182
24 44 185
24 143
25 83 124 126 148 149 156 197
25 28 78 99 104 110 146
25 0 28 41 46 144 164
25 12 53 104 141 195 196
25 23 56 59 117 196
25 61 123 177 183 197
25 36 39 109 124 132
25 45 94 125 132 166
25 9 84 122 190
25 25 69 73 86
25 81 109 130 168
25 28 39 43 160
25 9 61 99 113
25 81 141 164 198
25 30 31 151 180
25 21 106 142 184
25 48 82 84 102
25 32 49 110
25 96 124 187
25 45 67 108
25 52 78
25 69 70
25 42 96
25 156
26 17 62 80 81 146 148 159 172 173
26 5 22 51 52 63 131
26 10 14 44 101 168 198
26 20 46 64 188 192
26 16 82 102 177
26 4 45 112 192
26 72 105 160 174
26 24 58 85 131
26 1 84 90 172
26 42 119 131
26 35 73 80
26 17 24 181
26 127 180
26 66
27 23 83 98 110 114 147
27 14 33 46 59 91 96
27 33 35 49 95 96 133
27 5 59 72 81 118 156
27 12 17 47 133 136 137
27 43 59 101 153 199
27 0 2 7 68 199
27 94 106 129 154
27 24 92 133 179
27 37 144 151 187
27 12 58 68 158
27 36 77 80 178
27 88 109 127
27 12 17 58
27 20 82 98
27 61 127 129
27 50 99 146
27 160 177
27 76 85
28 36 42 67 161 176 194
28 9 78 90 132 159 180
28 17 68 75 135 145 178
28 27 32 95 103 112 197
28 90 98 132 134 164
28 15 24 144 191 192
28 1 25 107 114 199
28 49 98 134 171
28 73 114 153 184
28 18 22 72 125
28 26 62 68 196
28 14 24 87 99
28 10 39 183
28 31 168 188
28 17 62 153
28 55 121 158
28 72 74 125
28 7 21 183
28 27 61 118
28 8 69 77
28 43 74 128
28 34 80
28 6 52
28 43 180
28 153
28 192
29 38 47 88 96 115 144 153 157 176 189
29 10 20 31 71 91 92 103 170
29 1 17 38 57 77 93 111 185
29 16 17 26 99 106 146 152
29 10 30 46 69 82 99 167
29 5 23 24 115 156
29 43 118 151 183 190
29 43 160 179 185 193
29 48 73 120 140 177
29 6 43 125 163
29 32 149 164 177
29 13 45 76 162
29 20 42 49 185
29 96 135 138
29 158 184 196
29 62 106 118
29 104 116
29 36 58
29 169
30 34 92 141 161 187 189
30 4 29 66 86 168 172
30 18 33 50 104 164 182
30 50 109 118 144 158 161
30 8 47 146 164 195
30 69 82 126 178 188
30 10 12 38 161 173
30 32 42 76 127 193
30 63 128 139 187 191
30 53 70 105 129
30 113 117 146 155
30 13 37 190
30 19 114 164
30 11 115
30 27 170
30 76
30 51
31 23 35 71 82 84 87 104 167 183
31 17 40 48 65 83 92 145 168 187
31 5 17 33 126 133 152 178 188
31 9 17 56 98 110 160 187
31 58 77 110 128 166 196
31 13 41 60 173 191
31 1 48 104 151 160
31 11 58 83 113 133
31 13 31 107 166 176
31 34 119 128 135
31 56 73 117 171
31 57 84 161 172
31 0 131 138
31 148 149 167
31 90 147 194
31 79 121 158
31 78 112 170
31 0 63 150
31 11 34 128
31 44 80 86
31 157
32 7 11 20 54 60 151 162 177 179
32 26 37 38 43 59 103 104 197
32 15 39 46 136 147 177
32 37 52 88 129 134 154
32 28 52 150 154 173 183
32 61 88 130 137 188 197
32 48 74 103 110 152 183
32 25 50 116 130 132
32 46 64 139 184 195
32 13 67 71 123 174
32 11 32 127 144 185
32 10 35 43 172 195
32 18 49 52 131 154
32 92 94 107 136 137
32 6 50 64 106
32 18 52 152 166
32 50 113 122 179
32 105 117 148
32 25 48 184
32 33 129 133
32 9 105 171
32 23 139 149
32 10 191
32 72 80
32 62 114
32 100 118
32 69
33 13 40 97 98 106 151 165
33 17 33 89 130 134 160
33 16 36 48 68 133 199
33 46 84 95 106 151 184
33 13 31 56 76 181
33 71 81 104 107 181
33 119 140 172 186
33 43 65 136 187
33 14 76 126 152
33 7 22 116 193
33 71 130 167 177
33 92 137 173 198
33 9 12 117 140
33 19 87 109 175
33 2 16 41 122
33 101 173 190
33 23 42 90
33 146 172 195
33 93 138 151
33 106 149 162
33 81 179
33 150 151
33 35 43
33 115 144
33 187
33 85
33 107
34 48 68 80 89 117 167 183
34 94 95 117 153 166 196
34 1 20 31 89 123 129
34 24 83 125 155 178
34 24 101 153 157 166
34 27 73 91 166
34 38 114 166 173
34 9 25 55 141
34 6 26 193
34 149 174 191
34 112 146
34 102 142
34 69
34 112
35 2 4 8 10 72 77 184
35 96 116 120 167 189
35 15 81 100 177 185
35 31 85 166 173 184
35 57 64 88 146 190
35 8 81 146 157 187
35 40 49 60 156
35 48 70 80 107
35 7 18 43 105
35 13 115 187
35 20 26 151
35 86 154 184
35 22 125 132
35 98 170
35 12 194
35 110 120
35 75
35 72
36 9 12 19 55 71 92 110 119 146 150 193
36 1 5 32 147 172 175 195 198
36 60 77 82 167 187
36 24 86 163 179 183
36 4 39 107 110 156
36 32 113 119 156 191
36 23 148 162 167
36 24 70 141 143
36 6 45 83 143
36 19 47 90 153
36 43 52 84 103
36 74 84 170 199
36 3 67 117 172
36 58 69 151 157
36 1 44 110 116
36 61 139 159
36 43 53 84
36 1 180 187
36 31 159 160
36 75 105 141
36 27 125 171
37 1 24 33 37 168 172 179
37 2 8 60 98 156 164 186
37 40 82 86 100 116 125 152
37 13 17 42 53 184 189
37 36 37 62 144 168 182
37 64 68 112 133 135 186
37 2 48 110 113 146 197
37 22 44 128 153 163
37 54 59 83 110 196
37 49 90 98 141 172
37 2 64 85 108 131
37 42 94 141 172 173
37 36 119 167 197
37 126 131 157 158
37 11 72 73
37 59 169 181
37 57 161 187
37 46 53 118
37 35 37 130
37 134 141
37 44 169
37 139 195
37 21
38 4 9 60 83 93 113 169 187
38 13 19 29 44 52 105 133
38 15 64 66 152 155 181 187
38 66 75 125 126 130 193
38 50 55 59 131 158
38 18 48 100 118 119
38 50 52 70 71 191
38 2 113 131 136 152
38 2 67 76 149 174
38 34 60 71 86 190
38 36 125 132 190
38 69 166 176 189
38 54 90 168
38 8 114 130
38 42 107 148
38 76 83 133
38 40 116 124
38 30 89
38 4
38 112
39 25 64 76 111 118 170 190
39 1 16 18 24 144 172
39 8 10 95 104 161 162
39 34 71 109 114 138 148
39 21 113 145 167 177
39 13 59 107 133 183
39 19 23 106 161 195
39 42 84 86 114 164
39 60 107 131 192
39 28 64 108 114
39 31 110 134
39 3 104 168
39 22 115 193
39 55 108 121
39 23 109
39 56 180
39 1 44
39 118
40 0 39 46 61 95 112 141
40 19 29 36 63 67 100 179
40 0 19 31 42 97 138
40 44 52 106 111 143 166
40 33 56 138 157 164 194
40 7 48 73 141 146 191
40 100 116 120 149 181
40 51 91 170 171 179
40 38 49 82 84 116
40 18 48 59 123 142
40 4 6 30 183
40 42 90 117 183
40 19 71 145 169
40 19 21 61 100
40 37 125 160 161
40 1 43 60
40 14 30 150
40 45 62 70
40 46 60 92
40 16 104 174
40 32 161
40 9 48
40 124 149
40 14 123
40 29
41 5 6 71 77 102 117 146 153 175
41 11 30 62 63 94 119 134
41 37 68 72 157 176 195 198
41 10 13 47 49 135 181
41 6 31 71 120 196 198
41 0 37 101 148 184
41 4 56 76 111 195
41 26 63 106 115
41 86 88 90
41 10 67 183
41 86 146 199
41 35 52 72
41 76 135
41 59 98
41 60 149
41 19 151
41 57
42 56 123 128 145 152 153
42 136 146 159 161 170 175
42 12 131 153 167 181 193
42 11 97 101 113 132 150
42 93 96 110 138 170 171
42 153 160 181 182 198
42 13 31 99 122 129
42 2 13 91 175
42 51 61 105 111
42 32 34 102 131
42 100 124 128 165
42 127 170 175 180
42 6 56 70 111
42 28 42 133 134
42 89 111 149 198
42 52 109 175
42 23 31 146
42 14 106 149
42 84 141
42 128 179
42 30 82
42 112
42 194
43 17 46 61 62 105 114
43 7 21 59 74 92 166
43 6 10 121 144 147
43 4 64 91 98 102
43 27 31 90 113 131
43 89 108 113 171 189
43 30 44 54 81 90
43 63 72 86 91 163
43 19 25 96 112
43 2 61 104
43 45 106 196
43 37 81 125
43 2 60 119
43 4 128
43 62 182
43 97 131
43 82 102
43 32 85
43 92 155
44 23 38 61 66 75 106 172
44 47 48 54 82 108 141 174
44 12 34 62 74 97 135 136
44 10 32 118 119 131
44 44 47 51 62 160
44 58 65 96 108 199
44 4 10 19 27 148
44 36 45 103 168 185
44 10 77 106 130 135
44 34 49 167 171
44 42 118 127 159
44 7 26 96 97
44 3 6 52 191
44 68 69 138
44 50 137 189
44 80 84 183
44 6 42 58
44 57 164 170
44 23 151
44 26 199
44 107
45 50 80 107 108 111 155
45 39 46 73 77 123 163
45 0 14 15 123 137 175
45 29 46 71 128 134 190
45 1 25 66 79 97 151
45 120 143 156 170 189
45 56 84 159 161 185
45 32 63 81 185
45 127 147 149
45 23 59 132
45 130 158
45 157 170
45 65
46 3 23 24 51 59 62 94 105 114 142 155 183 196
46 22 102 137 159 170 192 196
46 18 47 93 117 142 166
46 59 60 61 62 143
46 26 32 62 127
46 58 78 124 158
46 52 120 123 142
46 51 79 100
46 25 47 177
46 45 118 148
46 180
47 27 47 54 59 105 132 174 180 184
47 7 50 56 99 165 173 197
47 28 43 51 66 78 95 189
47 129 148 149 150 156 165
47 17 91 97 113 195
47 100 104 155 160 197
47 5 35 113 146 168
47 65 69 164 191
47 71 147 163 184
47 132 172 181 197
47 80 170 178
47 18 59 86
47 2 75 130
47 92 120 121
47 52 87 166
47 40 42 71
47 6 113 125
47 79 84 133
47 10 167
47 51 159
47 183
48 78 81 111 112 125 128
48 31 42 92 144 165 177
48 26 60 100 116 171
48 3 42 119 174
48 77 131 139 160
48 71 80 83 152
48 7 63 126 193
48 20 85 100 148
48 14 176 184
48 9 110 117
48 79 81 130
48 105 122 177
48 31 81 127
48 109 142 173
48 37 51 84
48 80 105 179
48 93 158
48 46 105
48 105 167
48 75 100
48 5 156
48 110 142
48 107 195
48 174
48 158
48 92
49 10 70 87 113 126 143
49 17 42 43 110 157 199
49 7 33 45 94 155
49 1 97 133 152 178
49 6 75 99 128 165
49 35 66 126 148 149
49 17 52 128 158
49 48 78 152 165
49 66 91 99 120
49 39 48 150 185
49 93 142 174
49 35 95 191
49 1 147 163
49 38 42 57
49 35 92 111
49 36 87 125
49 74 115
49 99 180
49 113 190
49 24 34
49 27 105
49 66 152
49 33 41
49 138 153
49 41
49 196
50 3 12 32 36 69 122 196
50 27 38 98 157 176 177 198
50 14 41 66 138 139 158
50 16 41 76 92 182 188
50 28 92 117 128 182 196
50 56 70 89 103 153
50 70 80 93 121 167
50 28 99 131 156 174
50 7 28 49 177 190
50 45 126 146 182
50 57 58 59 177
50 13 60 79 140
50 19 101 132 137
50 21 45 109
50 73 79 195
50 41 106 176
50 56 90 199
50 32 160
50 58
50 14
50 24
50 37
51 6 11 15 22 25 48 81 102 106
51 8 17 52 62 76 116
51 41 90 95 112 195 197
51 69 95 129 160 195
51 33 63 156 164 168
51 39 112 150 152 165
51 35 60 154 174
51 0 3 107 115
51 64 87 95 98
51 104 117 163 182
51 2 29 81 113
51 64 67 91 104
51 1 85 102
51 4 161 174
51 56 109 140
51 58 134 180
51 2 42 123
51 28 70 120
51 134 167
51 146
52 46 58 83 94 131 168 185 197
52 13 39 69 84 90 151 176
52 60 73 105 116 121 123 127
52 24 103 117 133 142 182
52 73 105 125 152 156
52 82 113 140 145 166
52 33 114 116 141 180
52 97 125 126 164 175
52 46 57 65 74 168
52 45 95 106 142
52 70 96 112 196
52 6 23 34 75
52 108 133 160 193
52 25 143 191
52 2 180 188
52 1 83 108
52 41 57 157
52 85 149 169
52 148 159 173
52 97 153
52 153 192
52 16 184
52 176
53 32 45 56 84 95 102 128 161 162 177
53 53 65 99 102 112 144 164
53 5 12 134 144 159 179
53 12 86 89 140 154 170
53 25 31 115 157 176
53 52 111 114 122 124
53 27 51 104 170 196
53 79 98 151 184
53 13 34 77 101
53 138 155 180
53 46 61 127
53 123 139 195
53 15 122
54 47 53 65 87 94 107 117
54 34 43 49 68 70 161 188
54 45 63 101 118 176 180
54 7 35 47 87 121 166
54 29 49 53 85 143
54 20 107 137 139 166
54 1 41 44 62
54 26 122 178 184
54 27 69 76
54 71 79 196
54 13 119 123
54 84 103 152
54 121 142
54 54 142
54 157 164
54 31 173
54 3
54 33
55 40 138 154 191 192 195 198
55 8 23 33 70 161
55 68 75 156 174 194
55 130 163 172 184
55 18 128 170 194
55 36 92 160 167
55 59 97 149 185
55 23 55 118
55 6 59 139
55 45 125 130
55 17 111 177
55 30 124 195
55 30 39
55 77 197
56 13 24 33 159 165 193 194
56 51 56 75 166 167
56 7 82 118 131 145
56 12 28 137 177
56 15 36 66 194
56 133 182 196
56 3 7 70
56 29 93 97
56 37 56 128
56 9 110 187
56 14 118 146
56 103 104
56 114 137
56 22
57 3 84 103 106 154 181 186
57 119 128 169 178 192 196
57 50 143 147 159 161 184
57 0 17 102 128 139
57 57 137 154 174 182
57 118 119 160 195
57 10 96 173 196
57 14 28 130 145
57 36 72 74 191
57 5 20 110 195
57 7 24 124 126
57 49 145 168 194
57 14 47 100 198
57 9 70 190
57 54 70 116
57 9 96 146
57 85 198
57 14 188
57 3 30
58 46 57 123 139 173 197
58 4 25 27 37 48 181
58 5 12 58 80 176
58 17 72 119 173 178
58 12 97 118 125 155
58 44 52 65 173
58 73 174 175 184
58 6 39 47 124
58 27 98 185
58 42 130 184
58 63 93 166
58 25 89 130
58 87 161
59 1 48 75 80 169 182
59 27 106 147 154 161 190
59 14 57 58 86 136 162
59 20 32 35 78 116 148
59 1 17 51 137 144 187
59 3 98 156 166 183
59 14 43 112 138 182
59 24 108 123 132 175
59 64 95 147 148
59 16 36 118 175
59 56 86 102 199
59 85 86 140 191
59 8 65 69
59 129 160 185
59 98 143 156
59 16 148
59 68 166
59 120
60 0 1 10 27 46 58 150 183
60 4 28 47 58 91 155 190
60 44 122 164 185 186 197
60 48 54 74 86 119 160
60 55 65 101 174 182 183
60 70 99 128 129 181
60 6 118 158 160
60 11 85 108 152
60 98 119 135 181
60 44 82 179 180
60 149 151 190 196
60 96 169 170
60 126 134 181
60 26 102 154
60 1 175
60 141 178
60 10 132
60 32 129
60 33 140
60 164
61 16 28 33 65 77 107 112 147 157 193
61 4 12 47 48 186
61 98 113 126 185 193
61 32 80 117 159 170
61 11 72 78 100
61 11 20 140 150
61 56 128 175 183
61 27 28 159
61 20 107 139
61 93 148
61 83 155
61 183 184
61 45 89
61 62 130
62 46 69 72 102 106 142 160 185
62 32 78 121 161 162 166 189
62 27 36 102 117 119 161 186
62 4 8 35 96 122 140
62 0 46 78 143 144 160
62 24 62 73 95 124 156
62 18 55 72 118 192 196
62 30 67 117 161 166 173
62 1 54 77 171 179 180
62 45 62 63 101 136 181
62 42 45 134 139 192
62 4 31 42 168 181
62 11 136 138 189
62 13 82 159 164
62 54 99 117 139
62 68 71 102 188
62 16 38 147 180
62 121 151 198
62 29 158 179
62 16 96 166
62 44 90 190
62 103 187
62 147
63 50 83 93 125 135 136 155 173 195
63 27 47 64 70 106 137 163
63 66 96 139 148 156 198
63 14 16 36 44 178 195
63 26 95 124 129 136 162
63 45 80 115 181 185
63 9 31 104 106 176
63 8 71 72 113 165
63 69 80 125 129
63 6 95 103 106
63 2 16 54 119
63 43 50 81 107
63 64 144 182 183
63 62 127 177 181
63 14 52 67 174
63 30 98 146
63 54 162 171
63 40 61 147
63 79 143 168
63 87 158 198
63 93 127
64 7 25 92 109 148 178 199
64 61 74 107 126 162 165 191
64 97 108 117 145 173 179
64 43 59 73 100 152 193
64 72 107 151 174 176
64 29 35 71 124
64 92 136 140 155
64 46 80 105 166
64 81 155 168 184
64 12 27 39 168
64 6 127 145
64 171 182
64 110 176
64 92 187
64 4
65 4 73 121 128 170 172 195
65 88 98 134 142 147 152
65 8 58 98 118 125 161
65 3 42 45 51 163
65 11 41 97 99 115
65 4 7 82 91 166
65 152 155 173 185
65 40 47 111 124
65 134 146 154
65 131 150 198
65 7 28 52
65 30 105 195
65 112 149 179
65 14 126 155
65 20 54
65 10 144
65 56
66 10 49 53 58 63 109 179
66 0 11 18 19 122 128 182
66 28 37 58 121 185 197
66 15 51 71 74 152 192
66 3 8 106 135 163 189
66 16 71 82 83 180
66 25 87 90 149 195
66 36 86 87 158 167
66 66 101 102 163 191
66 19 46 59 146
66 4 43 113 182
66 85 112 168 196
66 0 8 77
66 61 169 174
66 111 141 160
66 33 112 193
66 126 140 188
66 28 59 192
66 116 149
66 90 122
66 93 170
66 4 136
66 165 192
67 7 43 90 115 129 195
67 7 21 43 102 144 177
67 18 56 61 65 191
67 16 67 126 153
67 124 174 190 192
67 12 140 146 153
67 35 102 124 160
67 17 90 106 162
67 3 8 73 168
67 111 173 174
67 99 134 199
67 9 30 103
67 56 98 181
67 0 27 75
67 27 137 172
67 69 170 173
67 75 92 163
67 21 157
67 72 79
68 68 153 168 183 184 189
68 26 33 93 119 171 180
68 4 67 78 103 111 114
68 115 146 154 160 182
68 26 89 161 172 189
68 32 72 104 123 133
68 26 75 88 122
68 56 67 110 173
68 84 90 94 124
68 37 44 102 133
68 0 15 155 181
68 12 137 180
68 42 132 168
68 46 137
68 108 196
68 129
69 3 6 15 67 70 96 166
69 13 17 97 121 170 199
69 19 46 75 101 143 178
69 11 25 66 93 183
69 65 133 145 173 180
69 10 58 117 123 126
69 24 30 175 196
69 105 127 163 185
69 91 101 106 135
69 5 14 179 193
69 104 110 123 134
69 28 70 127 152
69 0 81 121 157
69 134 171 190
69 108 149 165
69 28 31 144
69 29 127 132
69 5 73 185
69 20 103 159
69 54 107 199
69 87 173
69 50 164
69 50 72
69 10 180
69 3
69 2
70 32 63 81 102 128 146 165
70 21 33 52 132 133 178
70 13 24 30 32 139 184
70 6 41 95 133 171 175
70 14 66 74 139 156
70 13 18 81 85 167
70 20 41 51 145 192
70 64 161 198
70 1 20 157
70 116 141 170
70 126 137 172
70 126 164 181
70 0 24 127
70 16 76 191
70 174 183 193
70 43 73 167
70 75 182
70 17 89
70 104 129
70 97 143
70 15
70 48
71 41 58 68 98 134 154 193
71 5 65 113 143 169 171
71 15 94 125 161 164
71 64 118 141 177 187
71 109 110 142 143 160
71 93 115 116 150 163
71 24 26 105 145 173
71 24 35 108 111
71 46 84 180 182
71 38 56 115 199
71 84 107 154
71 5 100 104
71 69 103 135
71 13 123 182
71 20 105 120
71 68 128
71 151 163
71 190
71 35
72 35 73 81 128 136 171 193
72 57 110 149 154 167
72 67 140 179 184 191
72 5 16 28 98 187
72 3 8 32 76 111
72 9 31 42 110 112
72 31 35 104 177 194
72 53 58 71 173 196
72 7 51 164 170
72 5 91 109 149
72 23 42 84 169
72 27 86 96 192
72 46 51 128
72 90 118 183
72 8 132 165
72 76 102 176
72 118 158 190
72 18 38 172
72 77 95 136
72 127 145
72 69 146
72 38 166
72 102
73 9 16 62 64 112 181
73 62 124 127 156 165
73 4 33 77 81 197
73 32 61 92 93 122
73 128 140 158 168
73 3 44 78 147
73 136 163 178
73 7 63 78
73 5 92 139
73 151 183
73 140
74 21 37 75 76 78 92 137 195
74 24 82 90 102 162 178
74 13 111 133 135 198
74 47 115 119 120 134
74 20 37 97 181 186
74 5 10 99 105 189
74 7 62 97 101
74 16 40 118 145
74 10 100 114 172
74 52 108 151 157
74 76 85 174
74 37 52 104
74 146 147 164
74 64 105 145
74 47 122
74 12 197
75 17 72 85 87 150 176 196
75 3 90 100 124 169 179
75 12 57 107 119 122 128
75 21 30 31 115 154 181
75 88 97 120 155 176 178
75 42 65 67 124 144
75 32 60 86 94 117
75 24 70 76 166 168
75 96 102 105 153 172
75 29 58 61 111
75 109 146 159 198
75 73 85 104 178
75 54 63 130
75 19 118 140
75 40 124 176
75 44 76 182
75 0 14 185
75 3 97
75 54
75 106
76 19 38 58 80 140 143 199
76 1 40 80 140 151 160
76 28 40 135 160 181 191
76 28 48 116 128 148
76 65 99 118 127 172
76 20 24 121 165 182
76 25 44 151 191
76 1 73 97 135
76 49 117 141 172
76 141 144 181 194
76 53 75 135 174
76 40 87 147 170
76 15 51 103 179
76 15 130 181
76 16 79 135
76 66 80 112
76 25 191 193
76 39 93 195
76 33 159 177
76 5 12
77 46 68 94 95 110 131 144 148 149 155
77 13 22 28 102 184 194
77 10 80 92 95 150 177
77 8 17 26 42 81 177
77 95 144 160 173 195
77 60 73 83 123 173
77 28 113 118 131 172
77 37 70 72 88 136
77 34 41 126 144 172
77 51 52 148 195
77 32 134 168 179
77 47 83 166 168
77 48 63 66 171
77 89 111 160
77 37 153
77 65 170
77 163 166
78 16 85 115 120 154 158 169 179 183
78 26 30 84 123 140 159 172
78 10 39 57 144 167 197
78 29 38 74 92 142 156
78 57 70 83 91 113 137
78 34 52 85 133 179
78 2 78 146 153 177
78 50 116 128 157 158
78 53 100 154 185
78 88 108 149 174
78 92 132 164 196
78 39 63 173 182
78 17 137 163 176
78 0 24 77 177
78 3 43 69 128
78 24 63 98 162
78 10 61 196
78 43 77 135
78 57 65 196
78 14 76 88
78 34 59 188
78 168 181
78 89
78 95
79 56 58 94 137 161 166 184 196
79 20 91 103 171 187 199
79 1 2 13 142 153 157
79 13 61 135 163 192
79 25 28 37 90 106
79 1 65 86 106 125
79 86 115 172 184
79 46 80 114 116
79 58 99 166 192
79 55 59 113 125
79 18 29 185 186
79 119 168 172 192
79 21 24 34
79 135 166 178
79 161 182 193
79 91 184
79 88 191
79 98 118
79 28 43
79 84 120
79 53 115
79 40 166
79 176
79 98
79 121
79 117
79 61
80 3 9 14 45 70 107 186
80 30 88 111 113 141 146 169
80 20 43 49 66 101 189
80 6 18 94 102 116 152
80 23 69 76 122 152 164
80 13 21 27 132 147 189
80 45 92 98 133 139 150
80 73 89 97 171 191
80 122 155 166 172 182
80 69 145 163 178 188
80 14 23 50 154 190
80 29 35 121 142 181
80 3 102 137 141
80 32 86 135 158
80 46 49 159 186
80 10 20 86
80 21 36 46
80 30 38 125
80 50 121 134
80 0 88 117
80 18 87 103
80 137 184 186
81 5 51 65 92 153 183 191
81 33 46 93 136 142 146 182
81 1 25 26 41 129 150 163
81 14 37 116 120 131 158
81 6 67 82 91 174 180
81 14 17 39 139 156 170
81 34 43 88 118 184
81 61 100 106 114 164
81 5 41 116 131 189
81 18 46 47 66 105
81 56 72 136 149 157
81 41 49 63 98 117
81 8 33 95 97
81 104 127 146 169
81 37 74 171 198
81 72 101 195
81 26 31
81 64 180
82 87 129 158 166 179 192
82 46 49 80 163 173
82 57 68 77 183 198
82 11 33 64 86 149
82 107 111 150 183
82 14 15 34 191
82 138 142 154 175
82 41 127 137 150
82 41 92 113
82 112 114 115
82 11 154 191
82 6 115 186
82 20 102 193
82 15 46 61
82 14 65 188
82 63 90 107
82 27 54 191
82 43 60
82 86
83 66 73 79 97 175 193
83 22 68 87 88 121 131
83 24 33 90 146 150
83 14 61 118 128 140
83 3 61 90 163 165
83 37 56 69 78 198
83 23 25 113 177 189
83 59 118 134 195
83 7 144 170 199
83 1 13 17 141
83 33 104 134 139
83 22 66 150 171
83 78 86 98 187
83 31 131 140 191
83 7 19 37 132
83 54 99 145
83 173 175 193
83 10 30 180
83 65 129 136
83 159 165
83 95 165
83 68 146
83 1 188
83 94 99
83 4 164
83 136 163
83 155 180
83 154 183
84 46 53 68 132 170 188
84 31 77 95 97 148 178
84 0 35 46 105 118 164
84 21 100 108 114 121 144
84 7 69 101 118 174
84 28 49 93 123 194
84 28 34 82 147
84 27 47 53 178
84 57 100 139 197
84 30 104 144 177
84 88 94 124 187
84 52 78 136
84 89 118 140
84 55 97 106
84 62 157
84 43
84 189
85 2 104 116 136 151 165 182
85 11 49 66 79 100 196
85 1 49 58 111 172
85 15 64 126 157 199
85 58 167 189 191
85 52 101 148 159
85 32 153 172 198
85 24 47 103 121
85 43 96 120 145
85 32 34 129 159
85 79 85 139 183
85 67 132 152 160
85 14 43 105 133
85 50 70 175 187
85 53 106 185 194
85 31 54 89 160
85 88 130 145
85 63 115 176
85 90 158 189
85 115 152
85 34 154
85 187
85 25
85 113
86 19 32 51 74 84 124 177
86 3 17 48 112 130 138
86 3 15 42 49 137 187
86 0 4 80 82 104 199
86 36 82 88 106 126
86 25 111 118 126 138
86 31 75 132 176 191
86 17 62 84 125
86 5 117 171 173
86 17 145 172
86 159 167 185
86 134 145
86 53 112
86 33 58
86 26 156
86 54 84
86 149 187
86 153
86 44
87 0 41 47 120 178 188 190
87 2 4 16 95 113 188 194
87 35 57 77 99 171 174
87 12 15 60 123 149
87 35 59 133 169 185
87 19 20 24 39 155
87 37 73 146 161
87 97 177 188
87 76 102 167
87 60 112 137
87 39 69 146
87 54 109 171
87 49 129
87 134 189
87 51 69
87 66
88 5 18 73 78 95 108 119 166 193
88 36 48 81 85 124 131 152
88 27 95 121 129 159 164
88 5 33 83 157 187
88 111 114 157 191
88 47 136 138 150
88 12 26 92 196
88 87 108 165 186
88 46 47 152
88 23 30 81
88 42 87 130
88 46 107 142
88 155 171
88 12 67
89 4 34 122 155 166 182 189
89 44 94 122 123 136 168
89 42 52 77 160 172 187
89 12 42 84 119 126 130
89 47 63 99 128 162
89 39 47 85 189 196
89 35 72 138 168
89 48 108 178 190
89 2 4 85 152
89 6 64 196 199
89 36 89 115 170
89 62 122 123
89 12 38 42
89 131 157 190
89 46 59 133
89 26 29 82
89 41 80 135
89 69 103
89 48 106
89 86
90 3 9 61 126 128 175
90 2 115 141 147 158 177
90 61 129 158 191 197
90 40 75 107 136 188
90 0 16 27 88 105
90 13 49 183 193
90 13 78 105 145
90 4 6 36 147
90 13 36 44 79
90 12 92 113 192
90 4 97 98 131
90 4 13 30
90 29 64 88
90 24 82 83
90 104 164 182
90 31 127 152
90 20 54 192
90 166 181
91 0 3 9 18 109 183
91 36 116 146 158 161 162
91 11 26 80 114 146 185
91 16 88 105 110 196
91 8 62 131 152 165
91 10 19 85 114 120
91 1 65 138 169 199
91 34 135 150 195
91 0 12 42 121
91 17 23 63 99
91 12 23 145
91 37 158 168
91 29 46 172
91 42 108 197
91 2 38 193
91 114 137 183
91 4 52 63
91 11 124
91 38 122
91 135 147
91 30 58
91 196
92 3 12 34 55 95 123 128 169 173 177 192 196
92 26 30 33 140 141 165 172 198
92 1 77 87 96 115 148 182
92 6 29 52 110 169 195
92 2 43 107 127 140 193
92 74 103 139 156 178
92 33 54 67 157 181
92 66 138 147 160 168
92 85 105 156 160 170
92 9 26 104 124 197
92 31 85 156 167
92 56 60 73 77
92 123 135 153 178
92 47 61 134
92 36 44 113
92 34 121 146
93 3 23 65 92 102 145 151 175
93 2 34 36 38 46 188 191
93 52 58 61 88 106 165
93 28 34 90 117 170 198
93 104 116 120 125 130
93 25 28 34 41 80
93 25 33 64 128 190
93 28 70 99 146
93 5 16 128 133
93 42 49 99 118
93 4 118 152 166
93 21 50 79 123
93 20 48 94 116
93 113 137 189
93 133 166 193
93 137 158 168
93 6 100 109
93 188 189 196
93 149 198
93 66 79
93 42 117
93 66 119
93 159
93 124
94 39 55 79 86 105 152 154 189 190
94 18 32 86 98 125 130 177
94 26 50 96 111 132 181 184
94 34 40 101 130 144 161
94 61 148 155 169 170 196
94 21 93 106 110 150 164
94 35 52 62 142 168
94 49 75 77 102 107
94 54 111 132 148
94 43 61 111 167
94 88 127 131
94 9 112 150
94 4 110 145
94 27 140 180
94 58 67 186
94 51 67 146
94 70 132 191
94 45 71
94 27 96
94 70 130
95 3 20 152 155 171 174 180 191
95 12 48 121 153 160 181
95 80 94 119 148 179 192
95 5 31 96 97 197
95 57 81 137 165 176
95 37 88 89 151
95 66 69 144 150
95 90 104 172
95 99 102 150
95 16 41 195
95 8 186
95 111 131
95 43 126
96 10 19 34 96 165 194
96 108 114 117 133 173
96 60 91 129 138 166
96 49 124 176 189
96 2 34 83 95
96 33 68 140
96 5 134 146
96 2 24 159
96 32 99 192
96 68 110 114
96 67 92 156
96 14 53 61
96 60 63
96 63 136
96 173
96 137
97 29 43 121 127 139 183
97 27 30 63 180 187
97 1 7 92 196 198
97 19 54 71 75 179
97 13 72 78 120 192
97 2 26 100 157
97 79 85 151 169
97 157 162 172 198
97 13 19 60 70
97 75 84 143 179
97 19 28 143 164
97 27 47 59
97 41 129 155
97 130 181
97 163 185
97 5 85
97 4 119
97 66 165
97 3 114
97 62 124
97 48 178
98 61 81 86 88 115 122 173 175
98 11 14 44 45 82 119 125
98 5 32 50 64 102 149 172
98 23 48 56 118 152 182 187
98 30 78 108 112 128 170 187
98 3 28 75 96 142 162
98 19 157 159 179 193
98 15 27 69 151 190
98 40 60 69 95 145
98 82 98 107 165 170
98 25 28 53 145 164
98 9 29 81 86 109
98 37 39 67 154 168
98 21 23 33 121 183
98 34 42 62 135 180
98 81 88 115 175
98 20 22 104 156
98 47 66 81 129
98 14 63 172
98 81 172 177
98 129 172 192
98 85 196
98 18 184
98 123
98 83
98 164
99 3 23 63 78 89 91 94 105
99 14 28 32 33 70 85 105
99 17 27 50 53 86 190 194
99 37 68 85 105 114 166
99 67 104 114 120 147 164
99 8 14 26 67 126 141
99 36 77 82 115 142 176
99 32 102 127 164 167
99 15 70 104 160 191
99 25 52 96 116 120
99 29 49 69 70 170
99 3 25 30 40 95
99 69 110 140 194
99 49 82 159 195
99 7 84 152 169
99 15 18 88
99 86 187 189
99 3 46 70
99 14 55 89
99 74 96 184
99 13 75 146
99 72 181
99 69 99
99 66 83
99 188
100 15 31 51 52 120 143 155 190
100 18 46 117 123 137 155
100 26 104 131 153 176
100 31 111 126 155 195
100 36 67 139 157 169
100 34 56 110 114 139
100 30 35 132 167
100 58 69 71 178
100 17 85 107 114
100 92 108 125
100 33 143 171
100 45 133 188
100 72 73 84
100 61 184
100 143 181
100 194
