263 3202
996 0 1 2 3 4
980 5 6 7 8 9 10 11
996 0 1 2 3 4
961 12 13 14 15 16
980 5 6 7 8 9 10 11
959 17 18 19 20 21 22 23
279 0 3 4
980 5 6 7 8 9 10 11
1184 0 1 2 7 8 16
47 24 25
996 0 1 2 3 4
181 12 13
641 26 27
1034 0 7 8 16 26 27
536 5 6 7 8 16
1085 9 10 11 28 29
727 12 13 24 25
1034 0 7 8 16 26 27
536 5 6 7 8 16
263 14 15 16
232 3 4 5 6 7 8
915 0 16
1184 0 1 2 7 8 16
846 0 3 4 26 27
536 5 6 7 8 16
381 30 31 32 33 34 35
747 28 29 36 37
830 3 4 17 18 28 29 34 35
969 26 27 32 33 34 35
769 16 22 23 28 29
693 0 3 4 38 39
1034 0 7 8 16 26 27
959 17 18 19 20 21 22 23
237 38 39
113 30 31
720 32 33 34 35 40 41 42 43
921 38 39 40 41 42 43
911 3 4 12 13 28 29
967 26 27 34 35 42 43 44 45
769 16 22 23 28 29
663 0 3 4 30 31 46 47
734 0 3 4 32 33 48 49
500 0 26 34 35 50
1358 0 16 26 51
498 0 7 8 52
637 0 7 8 16
854 0 3 4 48 49 53 54
1286 0 26 34 35 50
955 17 18 34 51 52 55 56
654 17 18 34 35 50 57
513 12 13 34 35 42 43
847 5 6 7 8 52 55 56
1137 40 41 50 55 56 57 58 59
689 26 28 29 51 52 58 59
745 7 8 16 55 56 60 61 62
817 32 33 34 40 41 51 52 55 56
494 26 27 28 29 52 55 56 58 59
700 24 25 42 43 55 56
401 34 35 42 43 48 49
764 22 23 27 34 52
560 3 4 26 27 34 51
664 30 31 44 45 51 52 55 56 57
590 3 4 46 47 48 49 51 57 58 59
826 44 45 48 49 51 52 57
843 34 40 41 50 51 52 55 56 57
628 7 8 51 52 57 58 59
615 3 4 34 44 45 51 63 64
788 40 41 46 47 51 52 57 58 59
656 34 40 41 44 45 51 52 55 56
948 28 29 52 55 56 63 64
558 40 41 46 47 55 56 65 66
767 38 39 50 60 61 62 67
516 27 52 57 58 59
758 0 40 41 52 55 56 58 59
978 28 29 48 49 52 55 56 58 59
1011 38 39 52 60 61 62
1182 38 39 40 41 51 52 57
1164 17 18 51 52 55 56 57
1023 17 18 28 29 52 55 56 58 59
809 0 30 31 52 55 56
953 44 45 51 52 55 56 57 63 64
956 40 41 51 52 53 54 55 56 57
773 22 23 34 44 45 51 52
670 0 7 8 22 23 52
1208 17 18 34 35 51 52 57
1223 28 29 34 35 52 55 56
984 34 40 41 50 51 52 55 56 57
1263 17 18 28 29 34 35 52
1227 28 29 40 41 52 58 59
956 40 41 51 52 53 54 55 56 57
1335 51 52 55 56 57
1223 34 48 49 51 52 53 54
1260 34 40 41 51 52 53 54
428 3 4 51 53 54 57
837 3 4 17 18 34 35 46 47 51 57
232 3 4 5 6 7 8
720 0 3 4 38 39 40 41
806 0 3 4 55 56
359 3 4 34 51
953 3 4 28 29 48 49
582 26 34 35 51 53 54
658 14 15 26 35 55 56
892 26 50 51 55 56 57 58 59
820 7 8 16 51 55 56 57
312 15 36
678 14 15 16 55 56
844 16 60 61 62
783 24 25 63 64
683 0 3 4 58 59
812 0 1 2 7 8 16 62 68
734 0 34 50 52 55 56 62 68
1078 0 7 8 16 62 68
1498 0 16 62 68
977 0 26 27 34 35 52
821 0 18 51 52 57 69
1078 0 7 8 16 68 70
1264 0 40 41 52 58 59
929 0 38 39 52 62 68
1172 0 26 50 55 56
847 17 18 34 35 42 43 55 56
500 17 18 50 55 56 57
609 12 13 16 28 29
850 3 4 5 6 34 35 46 47
504 3 4 7 8 51 57 58 59
902 28 29 52 55 56 58 59 63 64
895 38 39 40 41 42 43 55 56
862 34 40 41 51 52 53 54 55 56
947 32 33 34 35 40 41 55 56
977 16 26 27 28 29 55 56
605 3 4 27 34 42 43 55 56
973 34 35 51 52 53 54 57
738 27 34 52 62 68
1295 11 34 51 68
816 30 31 34 44 45 51 52
1021 16 48 49 51 53 54 57
510 34 35 44 45 48 49
790 16 28 29 51 52 55 56 57
556 26 27 51 52 57 58 59
739 16 51 60 61 62 67
801 34 35 44 45 51 52 57 63 64
362 22 23 40 41 46 47
653 40 41 44 45 51 52 55 56 57
567 28 29 34 35 52
641 16 28 29
550 42 43 48 49
896 38 39 52 60 61 62
692 0 38 39 52 62 68
808 16 55 56 60 61 70
736 7 8 16 60 61 70
378 0 7 8 52 58 59
807 5 6 7 8 52 55 56 58 59
539 51 52 57 58 59
1103 12 13 38 39 51 52 57
953 44 45 51 52 55 56 57 63 64
717 0 7 8 17 18 34 35 52 55 56
704 14 15 52 55 56 58 59
504 27 34 52 55 56
1122 34 48 49 51 52 55 56
1045 52 55 56 60 61 70
1229 34 49 51 52 53 54 55
990 24 25 28 29 52
804 0 7 8 34 35 40 41 52 55 56
1218 28 29 34 35 48 49 52
1002 0 1 2 7 8 52
1087 0 12 13 52
1235 17 18 28 29 52 58 59
955 0 40 41 52 55 56
749 22 23 27 34 44 45 52
1065 46 47 48 49 51 52 57 58 59
1257 40 41 51 52 53 54 57
888 3 4 27 53 54 57
864 0 3 4 34 35 46 47
380 3 4 5 6
636 3 4 38 39 60 61 70
779 3 4 28 29 40 41 55 56
606 3 4 24 25 28 29
701 3 4 48 49 51 57 58 59
412 3 4 28 29
711 16 28 29 51 62 67 68
728 68 70
488 26 27 32 33 34 35
497 26 34 35 51
1107 26 34 35 51 53 54
831 0 7 8 16
635 32 33 34 36 37 51
779 0 16 55 56 62 68
808 16 44 45 51 57 63 64
783 24 25 63 64
683 0 3 4 58 59
779 0 1 2 52 62 68
412 0 52 62 68
770 0 11 68
846 0 3 4 26 27
821 0 18 51 52 57 69
1078 0 7 8 16 68 70
499 0 52 58 59
909 0 3 4 30 31 46 47
1358 0 16 26 51
932 0 3 4 7 8
1128 0 7 8 26 35
807 16 17 18 28 29 51 52 55 56 57
1066 17 18 34 35 51 52 57
536 5 6 7 8 16
830 3 4 5 6 7 8
857 27 52 55 56 57 58 59
541 26 28 29 51 52 55 56 58 59
212 55 56
859 40 41 51 52 53 54 55 56 57
812 3 4 40 55 56 71
362 26 28 29 35 55 56
300 42 43 55 56 58 59
47 24 25
718 34 35 40 41 44 45
356 34 51 52 55 56
113 30 31
859 30 31 34 35 42 43 44 45
818 22 23 46 47 48 49
850 34 35 44 45 48 49 51 52 57
517 34 35 51 52 57
715 26 27 34 35 51 52 57
830 52 60 61 62
677 44 45 63 64 65 66
622 3 4 40 41 46 47 51 57 58 59
801 40 41 44 45 51 52 57
408 28 29 52 58 59
809 26 28 29 34 35 51 52
895 40 41 42 43 55 56
758 8 16 60 61 62 72
610 3 4 55 56 60 61 62
664 0 52 55 56 68 70
775 0 50 52 55 56 57 58 59
992 28 29 52 55 56 58 59 63 64
954 44 45 48 49 51 52 57 58 59
970 0 40 41 52 58 59
937 38 39 40 52 55 56 71
959 34 40 41 51 52 53 54 55 56
440 17 18 34 51 52 55 56
960 40 41 51 52 55 56 57 58 59
794 22 23 28 29 52 55 56
699 30 31 32 33 34 51 52 55 56
696 30 31 32 33 51 52 55 56 57
909 16 28 29 51 52 55 56 57
953 44 45 51 52 55 56 57 63 64
887 27 34 42 43 52 55 56
603 5 6 7 8 24 25 52
1020 28 29 34 35 52 55 56 63 64
983 34 35 44 45 48 49 51 52 57
1178 34 35 51 52 53 54 57
611 17 18 34 51 52
970 0 40 41 52 58 59
1361 38 39 51 52 57
1056 0 7 8 52 55 56
911 30 31 32 33 34 51 52
1421 48 49 51 52 57
1025 28 29 52 65 66
720 3 4 17 18 46 47 51 57 58 59
394 3 4 17 18 34 51
710 0 3 4 40 41 58 59
927 3 4 38 39 51 57
706 0 3 4 7 8 55 56
536 3 4 22 23 34 44 45 51
473 3 4 22 23 28 29 55 56
618 3 4 46 47 48 49 51 57 58 59
966 3 4 28 29 63 64
983 62 68 72 73
969 26 27 32 33 34 35
667 16 26 28 29 35 51 55 56 57
969 26 27 32 33 34 35
831 0 7 8 16
1083 33 34 51 74 75
984 35 51 53 54 57 67
786 16 55 56 60 61 70
717 16 28 29 30 31 55 56
838 0 7 8 16
582 0 3 4 30 31 53 54
830 0 38 39 74 75 76
1315 0 1 2 11 68
761 0 16 28 29 52 55 56 62 68
964 0 52 68 70
914 0 26 51 52
872 0 26 51 52 58 59
551 0 18 34 35 69
646 0 7 8 16 51 62 67 68
637 0 7 8 16
867 0 34 50 52 77 78
846 0 3 4 26 27
1214 0 33 34 35 74 75
825 17 18 34 50 51 52 55 56 57
612 17 18 28 29 52
816 16 18 28 29 48 56 79 80 81
1053 9 10 11 12 13 28 29
445 5 6 38 39 52
822 40 41 51 52 55 56 57 58 59
206 58 59 63 64
315 42 43 55 56 58 59
568 38 39 55 56 81 82
123 40 41 55 56
837 32 33 34 35 40 41 51 52 55 56 57
455 28 29 34 35 52 55 56
735 6 28 33 34 35 55 56 74 75
906 55 56 77 78 81 82
727 7 8 55 56 74 75 76 81 83
1039 55 56 74 75 76 81 83
39 77 78
47 24 25
581 30 31 34 35 44 45
892 26 27 34 50 55 56
663 7 8 34 51 52 55 56
836 30 31 34 35 44 45 51 52 57
683 3 4 48 49 51 53 54 57
907 16 32 33 48 49 51 57
958 38 39 51 52 57 63 64
556 3 4 51 57 62 68
834 50 51 57 58 59 67
461 34 35 44 45 63 64
884 34 40 41 51 52 53 54
645 3 4 32 33 34 40 41 51
691 3 4 40 41 84 85
622 28 29 52 55 56 62 68
330 63 64 65 66
705 34 42 43 50 77 78
947 16 28 29 62 68
699 8 16 60 61 70 72
601 3 4 55 56 60 61 70
478 0 52 58 59
859 0 7 8 52 55 56 58 59
1190 28 29 48 49 52 58 59
916 14 15 52 58 59
978 17 18 38 39 51 52 55 56 57
1011 38 39 52 60 61 62
1070 38 39 52 60 61 70
852 0 26 34 35 51 52 55 56
1133 12 13 28 29 52 55 56
937 38 39 40 52 55 56 71
527 34 51 52 55 56
1175 28 29 48 49 52 55 56
1045 52 55 56 60 61 70
909 16 28 29 51 52 55 56 57
929 22 23 27 34 52
884 0 19 20 21 52 55 56
804 0 7 8 34 35 40 41 52 55 56
983 34 35 44 45 48 49 51 52 57
715 27 34 52
536 0 7 8 52
1203 28 29 52 58 59 63 64
1008 0 38 39 52 62 68
887 27 34 42 43 52 55 56
767 44 45 51 52 57 77 78
1278 28 29 30 31 52
1278 28 29 52 55 56 63 64
431 3 4 34 51 53 54
779 0 3 4 40 41 46 47 55 56
945 3 4 17 18 34 51
380 3 4 5 6
636 3 4 38 39 60 61 70
582 3 4 28 29 40 41 55 56 58 59
488 3 4 22 23 27 34 44 45
701 3 4 30 31 84 85
761 3 4 60 61 62
760 32 33 41 51 57 62 68 86
1080 26 27 35 53 54 57
888 26 28 29 35 79 80
922 0 26 38 39 50
750 0 7 8 16 40 41 55 56
791 0 55 56 74 75 76
873 0 50 58 59 67
770 34 36 37 46 47 51
678 14 15 16 55 56
965 0 16 48 49
589 24 25 40 41 53 54 55 56
558 0 3 4 46 47 58 59
663 0 3 4 48 49
942 0 3 4 40 41 44 45
912 0 1 2 69 82 87 88
815 0 1 2 48 49 69 82 87 88
818 0 19 20 21 52 62 68 89 90
964 0 52 62 68
911 0 16 26 50 51 57 87 88
988 0 26 35 89 90 91 92
1081 0 48 49 69 82 87 88
752 0 18 34 35 42 43 69
961 0 7 8 52 58 59 63 64
721 0 7 8 26 27 52 89 90
907 0 50 52 55 56 57 58 59
1041 0 34 50 52 87 88
890 0 3 4 62 68
840 0 3 4 26 51
1062 0 7 8 34 35 52
1035 17 18 22 23 34 50
690 7 8 17 18 51 52 57 58 59
1453 16 17 18 51 57
441 38 39 79 80 81 82
698 3 4 18 28 29 79 80 81
877 30 31 32 33 79 80
857 12 13 38 39 51 52 57 93 94
969 12 13 16 28 29 81 82 87 88
445 5 6 38 39 52
961 5 6 55 56 69 81 82 90
1004 34 35 48 49 53 54 87 88
463 26 27 51 52 57 58 59 87 88
1119 40 41 50 57 58 59 87 88
513 16 27 57 87 88
657 38 39 52 60 61 62 87 88
621 3 4 60 61 62 87 88
977 34 35 40 41 46 47 87 88 89 90 91
564
511 14 15 52 87 88 95 96
546 26 27 28 29 52 58 59 87 88
378 65 66 87 88 91 92 95 96
570 77 78 87 88 93 94
931 87 88 89 90 91 92
1046 26 50 81 83 87 88 89 90
504 48 49 53 54 81 87 88 90
486 3 4 7 8 51 57 58 59
472 40 41 53 54 58 59 89 90
237 28 29 52 58 59 89 90
685 38 39
1009 38 39 42 43 77 78
295 38 39 48 49 81 82 87 88
588 16 55 56 60 61 70
749 3 4 40 41 46 47 51 55 56 57 58
589
735 22 23 40 41 53 54 55 56
704 16 28 29 51 55 56 62 67 68
923 6 28 33 34 35 55 56 74 75
1163 34 42 43 50 55 56 95 96
666 55 56 79 80 81 82
697 16 18 51 55 56 57 81
963 38 39 51 52 57 93 94 95 96
503 69 81 82 83 87 88 95 96
820 34 35 51 52 53 54 57 95 96
850 32 33 34 35 95 96
1174 77 78 89 90 91 92
537 3 4 18 28 29 81 89 90
962 40 41 46 47 55 56 89 90
689 46 47 77 78 89 90
550 46 47 77 78 89 90
246 22 23 34 44 45 51 52
859 44 45 51 52 57 58 59 77 78
970 34 35 42 43 55 56
345 34 35 51 52 53 54 57 95 96
805 34 35 44 45 51 52 57
774 3 4 27 34
823 7 8 27 34 52 89 90
771 7 8 34 51 52
420 30 31 34 35 44 45 89 90 91 92
649 48 49 55 56 81 82 97 98 99
889 46 47 48 49 55 56
679 32 33 48 49 51 52 57 58 59
786 48 49 52 84 85
941 34 48 49 50 51 52 57 87 88
228 26 35 46 47 51 55 56 57
667 34 35 50 51 57 67
622 63 64
662 3 4 63 64 84 85
819 3 4 40 41 46 47 51 57 58 59
995 32 33 34 40 41 51 52 55 56
792 40 41 44 45 58 59 91 92
526 14 15 16
668 26 28 29 35 89 90 91 92
694 14 37 65 66
884 19 20 21 42 43 48 49 87 88
646 0 50 62 67 68 89 90
794 38 39 52 60 61 62
690 60 61 69 70 72 73 90
1179 52 68 70 83 89
799 0 11 48 49 68
842 17 18 51 52 57 58 59
863 0 7 8 52 58 59 87 88
857 0 52 58 59 95 96
901 48 49 51 52 57 58 59 87 88
926 32 33 40 41 51 52 57 58 59
911 0 12 13 38 39 52
1045 38 39 51 52 55 56 57 93 94
956 38 39 40 41 51 52 57 87 88
543 52 55 56 60 61 70
578 34 44 45 51 52 55 56 63 64
822 0 3 4 46 47 55 56
562 71 74 75 76 84 85 86
733 0 3 4 30 31 46 47
976 0 1 2 69 90
637 0 52 62 68 69 83 89 90
847 0 16 51 62 67 68
1358 0 26 50 58 59 87 88 91 92
586 0 26 35 42 43
918 0 16 26 51
750 0 26 27 52 55 56 69 83
764 0 69 90 91 92 95 96
505 0 7 8 24 25 52
1005 0 7 8 26 34 35 51 52
909 0 38 39 52
846 0 19 20 21 52 95 96
1063 0 3 4 30 31 46 47
566 0 3 4 26 27
407 0 55 56 69 81 82 90
525 17 18 34 35 89 90 91 92
696 17 18 51 52 55 56 57
814 17 18 38 39 50 57
368 16 17 18 28 29
796 16 28 29 55 56 79 80 81 82
940 48 49 79 80 87 88 100 101
990 48 49 79 80 81 82 87 88
831 32 33 34 35 79 80
648 12 13 34 51 52 93 94
863 12 13 34 50 87 88 91 92
862 12 13 55 56 100 101
673 5 6 19 20 21 52 87 88
852 5 6 7 8 52 58 59
933 50 55 56 67 71 100 102 103
539 46 47 55 56 102 103
555 34 35 46 47 48 49 87 88 89 90 91
758
1144 3 4 46 47 51 57 87 88 95 96
702 7 8 51 52 57 87 88 95 96
623 50 57 58 59 87 88 91 92 95 96
579 50 57 58 59 63 64 87 88
1041 35 53 54 57 77 78 87 88
474 16 51 60 61 62 67 87 88
952 40 41 46 47 87 88 89 90
628 34 35 40 41 53 54 87 88
378 28 29 52 87 88 89 90
992 16 26 28 29 51 87 88
595 38 39 42 43 77 78 87 88 93 94
1001 77 78 87 88 93 94
1003 38 39 40 87 88 89 90 91 92 101
664 81 82 87 88 95 96
851 18 28 29 52 81 87 88
507 52 71 87 88 100
335 7 8 51 52 57 58 59
796 51 52 55 56 57 58 59
640 3 4 14 15 58 59
469 58 59 87 88 91 92
346 38 39 40 50 55 56 67 71
953 14 37 38 39 89 90 91 92
1075 14 37 38 39 81 82 87 88
790 38 39 87 88 91 92
1079 18 38 39 51 52 57 81
830 16 55 56 60 61 70
971 24 25 40 41 46 47 55 56
788 40 55 56 69 71 90
771 28 29 52 55 56 104 105
841 16 26 28 29 51 55 56
921 38 39 42 43 48 49 55 56 93 94
446 24 55 56 93 94 103
969 26 27 52 55 56 81 83
1016 53 54 55 56 81 90 95 96
632 55 56 71 74 75 76 100
948 55 56 71 74 75 76 100
875 16 51 57 93 94 95 96
916 7 8 52 55 56 81 83 95 96
690 53 54 55 56 89 90 95 96 100 101
721 46 47 58 59 89 90 91 92 95 96
860 32 33 34 35 51 52 57 95 96
850 51 52 53 54 57 58 59 104 105
874 22 23 53 54 104 105
1199 24 25 89 90 91 92
895 3 4 18 28 29 81 89 90
938 53 54 87 88 89 90 95 96 100 101
903 46 47 55 56 63 64 89 90
759 32 33 34 35 89 90 91 92 95 96
504 22 23 40 41 44 45
1124 77 78 106 107
822 24 30 31 53 54 103
536 34 35 50 57 77 78 87 88 91 92
816 34 35 40 41 46 47 55 56
702 34 35 44 45 51 52 55 56 57
850 27 34 52 89 90
899 27 34 55 56 69 81 82 90
776 26 27 34 51 52
330 16 30 31 32 33 51 57
636 30 31 34 35 52 84 85
754 22 23 48 49 53 54
761 22 23 46 47 48 49
735 32 33 48 49 51 52 55 56 57
598 48 49 52 58 59 84 85
682 19 20 21 51 52 57 95 96
956 7 8 16 51 57 62 68
658 3 4 7 8 51 57
582 52 55 56 60 61 70
621 44 45 63 64 89 90 91 92
830 34 35 40 41 53 54 87 88 91 92
805 0 3 4 30 31 53 54
863 0 3 4 48 49 53 54
827 0 38 39 74 75 76
500 0 1 2 52 62 68 89 90
1358 0 1 2 7 8 26 35
942 0 62 68 69 72 73 90
332 0 26 34 35 50
1018 0 16 26 51
1226 0 18 26 34 35 51 69
907 0 3 4 7 8
879 0 7 8 16 51 67
573 0 18 34 35 52 89
848 0 50 62 67 68 89 90
35 0 26 38 39 51 52
919 17 18 19 20 21 89 90
917 7 8 17 18 34 35 51 52 57
782 79 80
821 45 48 49 79 80 93 94 108
240 48 49 79 80 93 94 109 110
980 46 47 77 78 79 80
617 3 4 12 13 51 57 93 94
787 3 4 5 6 7 8
1038 5 6 7 8 9 10 11
1046 93 94 102 103 104 105 109 110
621 48 49 93 94 102 103 109 110
1155 44 45 63 64 102 103
838 34 35 46 47 48 49 87 88
1145 26 27 34 35 51 52 57 87 88
613 38 39 50 57 63 64 87 88
259 27 52 57 58 59 87 88
510 16 60 61 62 87 88
321 40 87 88 89 90 101
818 14 15 16 87 88
800 3 4 28 29 62 68 87 88
578 63 64 65 66 87 88
888 42 43 87 88 104 105
836 34 51 52 87 88 93 94 95 96
951 34 35 45 87 88 108
355 77 78 81 82 87 88
1133 3 4 18 28 29 81 87 88
852 71 74 75 76 87 88 100
416 48 49 50 57 58 59 87 88
584 40 41 58 59 106 107
399 42 43 58 59 104 105
748 38 39 40 87 88 101
837 12 13 38 39 108 111
1082 16 55 56 60 61 62
839 24 25 40 41 53 54 55 56
455 32 33 34 35 40 41 51 52 55 56 57
637 34 35 40 41 44 45 55 56
612 18 28 29 34 35 52 55 56 89
1041 28 29 34 35 52 55 56
1132 28 29 55 56 71 74 75 76 86
864 38 39 42 43 55 56 77 78 93 94
1045 55 56 93 94 104 105
1076 40 41 55 56 58 59 108 111
610 45 55 56 77 78 93 94 108
682 18 19 20 21 55 56 81 89 90
612 44 45 48 49 55 56 81 90
650 87 88 100 101 106 107 112 113
761 51 52 53 54 57 58 59 112 113
466 87 88 108 111 112 113 114 115 116 117
731 34 51 52 55 56 93 94 95 96
939 19 20 21 95 96 108 111 118 119
505 69 81 83 90 95 96
859 95 96 97 98 99 108 111 118 119
696 51 52 53 54 57 95 96
692 32 33 89 90 95 96
766 38 39 95 96 108 111 114 117
862 34 35 53 54 104 105 108 111 118 119
587 34 35 46 47 87 88 91 92 104 105
920 38 39 40 87 88 89 90 91 92 101
1128 34 50 89 90 91 92 95 96
633 55 56 89 90 100 101
833 53 54 77 78 89 90
39 46 47 89 90 112 113
611 46 47 89 90 95 96
938 27 32 33 34 52 55 56 89 90
402 77 78
411 42 43 44 45 55 56 77 78
746 24 45 63 64 103 108
400 34 35 42 43
1050 34 35 87 88 108 111
738 34 35 53 54 87 88 89 90 91 92
805 32 33 34 35 95 96
560 34 35 42 43 44 45 48 49
850 27 34 52 62 68
741 7 8 27 34 52 89 90
646 3 4 26 27 34 51
683 16 30 31 32 33 51 57
724 30 31 52 58 59 84 85
732 48 49 81 82 97 98 99 118 119
741 3 4 48 49 51 53 54 57
761 32 33 48 49 87 88 89 90 100 101
556 48 49 55 56 108 111 114 117
787 48 49 52 55 56 84 85
701 19 20 21 51 52 57 95 96
858 3 4 51 57 62 68
702 7 8 34 35 51 52 57
726 38 39 52 60 61 70
639 42 43 44 45 63 64
417 42 43 44 45 58 59 63 64
279 40 41 53 54 58 59 89 90 91 92
796 40 41 46 47 51 52 55 56 57 58 59
1315 32 33 34 35 40 41
412 0 3 4
1019 0 3 4 46 47 58 59
500 0 1 2 11 68
879 0 52 62 68
998 0 52 62 68 89 90
961 0 26 34 35 50
646 0 26 38 39 51 52
637 0 26 50 69 83 89 90
947 0 7 8 52 58 59 63 64
851 0 7 8 16 51 62 67 68
1130 0 7 8 16
821 0 24 52 103
691 0 3 4 53 54 89 90
825 0 26 35 46 47 89 90
967 0 69 81 82 90 118 119
570 3 4 17 18 34 46 47 51 55 56
956 17 18 34 50 51 52 55 56 57
469 17 18 51 52 57 58 59
878 77 78 79 80 93 94 109 110
771 38 39 40 41 79 80 81 82
620 79 80 95 96 100 101
1143 53 54 79 80 104 105
988 22 23 53 54 79 80
822 3 4 12 13 28 29 120 121
426 12 13 16 51 57 93 94
1479 12 13 45 58 59 91 92 108
422 12 13 89 90 100 101
979 5 6 52 55 56
376 5 6 11 68
920 48 49 93 94 102 103
419 102 103 106 107
1047 34 35 45 108 118 119
825 45 63 64 81 90 108 118 119
745 40 41 46 47 58 59 118 119
511 45 63 64 108 118 119
332 32 33 89 90 118 119
965 26 50 51 55 56 57 58 59
217 40 41 58 59 106 107
895 28 29 52 58 59 95 96
902 58 59 91 92 112 113
399 38 39 63 64
748 38 39 40 41 42 43 55 56
837 38 39 108 111 118 119
1082 16 55 56 60 61 62
839 24 25 40 41 53 54 55 56
655 32 33 34 35 40 41 51 52 55 56 57
596 34 35 40 41 44 45 55 56
700 18 28 29 34 35 52 55 56 89
783 26 27 28 29 52 55 56 89 90
713 40 41 53 54 55 56 65 66 89 90
1083 24 25 42 43 55 56
1010 34 51 52 55 56 93 94 95 96
446 34 35 55 56 108 111
429 55 56 81 82 104 105
662 18 28 29 52 55 56 81 89 90
713 55 56 71 74 75 76 100
414 53 54 89 90 112 113
850 53 54 58 59 89 90 91 92 112 113
806 22 23 46 47 112 113
398 89 90 93 94 95 96 109 110
407 24 25 95 96 108 111
675 7 8 52 81 83 89 90 95 96
680 22 23 53 54 95 96
692 22 23 46 47 95 96
828 95 96 108 111 114 115 116 117 118 119
1162 34 51 52 53 54 55 56 104 105
862 55 56 104 105 108 111 114 115 116 117
954 19 20 21 89 90 91 92 95 96
296 40 41 55 56 89 90 100 101
520 3 4 27 34 53 54 89 90
736 3 4 27 34 46 47 89 90
947 22 23 30 31 44 45
426 3 4 44 45 51 57 77 78
537 24 30 31 93 94 103
787 24 44 45 63 64 103
699 30 31 34 35 45 108
652 34 35 46 47 95 96
702 34 35 44 45 63 64
496 3 4 27 34 53 54 89 90
208 3 4 7 8 27 34
776 26 27 34 51 52
818 30 31 34 35 44 45
396 48 49
630 22 23 48 49 53 54
837 22 23 46 47 48 49
359 32 33 48 49 89 90
933 32 33 48 49 58 59 89 90 91 92
573 34 35 44 45 48 49 89 90 91 92
787 51 52 57 58 59
682 51 52 57 122 123
956 51 52 55 56 57 62 68
794 7 8 34 35 51 52 57
995 52 55 56 60 61 70
629 44 45 63 64 89 90 91 92
882 34 35 40 41 42 43 53 54
995 34 35 40 41 46 47 89 90 91 92
1354 40 41 108 111 114 117 118 119
764 40 41 52 84 85 89 90
694 14 15 16
921 16 28 29 122 123
757 26 27 28 29 34 35 52
847 65 66 89 90 91 92
1169 42 43 55 56 63 64
594 41 44 45 60 61 62 86
573 0 16 62 68
894 16 60 61 62
1002 0 3 4 34 35 53 54
604 0 3 4 95 96
1235 0 3 4 34 35 46 47
350 0 1 40 41 52 58 59 124
624 0 1 34 50 52 77 78 124
761 0 1 16 62 68 124
733 0 1 74 75 76 124
601 0 1 2 3 4 62 68
545 0 1 2 7 8 52 95 96
902 0 52 62 68 69 83 89 90
1408 0 3 4 53 54 62 68 89 90
897 0 3 4 46 47 55 56 62 68
1028 0 50 62 67 68 89 90
385 0 16 68 70
794 0 26 35 38 39 91 92
710 0 7 8 16 26 51
725 0 26 35 69 83
1028 0 18 65 66 69
592 0 7 8 26 35 52 83 89
602 0 7 8 52 62 68
779 0 7 8 16 26 51
947 0 7 8 55 56 125 126 127
923 0 7 8 95 96 125 126 127
1149 0 38 39 40 52 101 102 103
997 0 24 52 103
1194 0 3 4 120 121
1156 0 1 9 10 11 124
828 0 26 35 55 56 108 111
816 0 26 38 39 50
654 0 7 8 11 125
898 7 8 17 18 34 51 52
439 17 18 51 52 57 120 121
720 17 18 34 35 50 57
926 17 18 28 29 52 89 90 120 121
968 34 35 45 79 80 108
763 77 78 79 80 81 82
493 41 79 80 100 106 107
1147 40 41 46 47 58 59 79 80
1078 12 13 28 29 125 126 127
575 12 13 38 39 91 92
727 12 13 34 35 45 91 92 108
903 12 13 52 71 100
795 5 6 52
850 3 4 5 6 55 56 100 101
303 5 6 7 8 52
689 18 28 29 52 81 102 103
795 30 31 53 54 102 103
635 30 31 45 108 118 119
630 53 54 81 90 104 105 118 119
803 46 47 112 113 118 119
227 22 23 46 47 118 119
734 46 47 77 78 118 119
725 53 54 95 96 118 119
886 58 59
568 50 51 55 56 57 58 59 67
870 40 41 51 52 53 54 55 56 57 58 59
325 28 29 52 58 59 122 123
989 58 59 89 90 91 92
890 38 39 40 41 55 56 60 127
593 38 39 42 43 55 56
862 38 39 91 92 104 105
886 38 39 81 90 91 92 95 96
1091 16 55 56 60 127 128 129
830 34 40 41 51 52 53 54 55 56
1021 16 32 33 40 41 51 55 56 57
1024 40 41 55 56 114 115 116 117
612 28 29 52 55 56 104 105
646 16 28 29 55 56 62 68
704 9 10 11 28 29 55 56
780 30 31 45 55 56 65 66 108
765 45 48 49 55 56 65 66 108
866 34 42 43 50 55 56 95 96
1067 51 52 55 56 57 93 94 95 96
872 34 45 51 52 55 56 95 96 108
827 26 27 52 55 56 81 83 89 90
917 45 48 49 55 56 81 90 108
673 52 55 56 71 95 96 100
616 34 35 53 54 89 90 91 92 112 113
1019 34 35 46 47 89 90 91 92 112 113
829 24 93 94 95 96 103
407 34 35 95 96 108 111
690 81 90 95 96 106 107
700 24 25 53 54 95 96
818 22 23 46 47 95 96
435 32 33 55 56 60 95 96 127
760 1 11 124 125 128 129
431 52 128 129
792 34 35 53 54 104 105
953 24 25 46 47 104 105
871 38 39 89 90 91 92
912 14 15 16 18 81 89 90
582 16 53 54 89 90 128 129
538 46 47 58 59 89 90 91 92 95 96
657 26 27 32 33 34 35 89 90
581 77 78 81 82 97 98 99 118 119
401 22 23 53 54 77 78
585 24 53 54 103 104 105
934 22 23 24 53 54 103
919 34 35 42 43 48 49
610 34 35 53 54 89 90
918 32 33 34 35 104 105
796 34 35 52 84 85 95 96
850 3 4 27 34 62 68
876 34 51 52 112 113
771 26 34 35 46 47 51 55 56
756 16 30 31 32 33 51 57
784 30 31 52 84 85
279 48 49 55 56 81 82 97 98 99
796 46 47 48 49 51 52 57 58 59
835 32 33 34 35 48 49 55 56 108 111
771 0 3 4
822 0 3 4 46 47 58 59
775 0 1 52 70 89 90 124 125
383 0 1 26 35 52 83 89 124
735 0 1 74 75 76 120 121 124
787 0 1 34 50 112 113 124 130
805 0 1 26 35 124
799 0 1 34 35 52 124 131 132
847 0 1 2 52 89 90 120 121
1107 0 1 2 50 57 104 105 130
941 0 1 2 7 8 48 49 130
1031 0 34 50 52 62 68 89 90
924 0 11 62 68 131
681 0 38 39 52 68 133
1034 0 52 68 89 90 133
866 0 11 68 70 123 125 134
1301 0 38 39 52 130 133 135 136
500 0 16 62 130 135 136
1364 0 32 33 48 49 89 90 130
683 0 16 27 57 130
939 0 26 34 35 50
709 0 16 26 27
784 0 52 62 68 69 83
691 0 18 26 35 51 57 69
1149 0 7 8 52 77 78
1078 0 7 8 11 62 68 125
1102 0 7 8 42 43 104 105 130
924 0 7 8 11 131
965 0 7 8 16 131 133
773 0 11 70 125 131
907 0 11 38 39 52 60 136
1088 0 122 123 130 137 138
890 0 3 4 46 47 95 96
878 0 50 62 67 68 89 90
918 0 34 50 95 96 130
989 0 14 15 16 130
703 0 26 27 52 58 59
751 0 69 90 91 92 95 96
650 0 52 58 59 131 132
848 17 18 38 39 52 132 135 136
930 17 18 34 50 55 56 60 127
632 3 4 17 18 51 57 120 121
856 7 8 17 18 34 35 51 52 57
814 17 18 60 61 69 90 132
895 17 18 28 29 130
946 79 80 93 94 104 105
551 16 28 29 55 56 79 80 81 82
1053 79 80 100 101 112 113
783 79 80 95 96 100 101
658 12 13 28 29 52 89 90
793 9 10 11 12 13 28 29
636 12 13 16 28 29 42 43 55 56
517 12 13 19 20 21 42 43 118 119
786 12 13 16 91 92 132 135 136
1032 12 13 55 56 81 82
1122 5 6 7 8 52 55 56 120 121
1194 5 6 52 120 121 137 138
830 5 6 16 28 29 52 55 56
903 1 5 6 11 124 125
867 5 6 16 51 57 130
586 3 4 5 6 7 8
919 16 18 28 29 81 102 103
814 46 47 58 59 102 103
728 34 45 48 49 51 108 118 119 130
626 16 18 28 29 81 118 119
847 41 100 106 107 118 119
734 30 31 34 46 47 51 118 119 130
725 22 23 53 54 118 119
886 51 52 55 56 57 58 59 63 64
978 50 51 55 56 57 58 59 67
1132 40 41 51 52 53 54 55 56 57 58 59
1087 28 29 52 58 59 122 123
895 58 59 91 92 104 105
640 40 41 55 56 58 59 108 111
772 58 59 108 111 112 113
1109 38 39 55 56 60 63 64 127
824 14 37 38 39 89 90 91 92
812 38 39 51 52 55 56 57 93 94
713 38 39 81 82 104 105
426 55 56 60 61 62 69 90
1029 55 56 60 104 105 127
562 22 23 40 41 53 54 55 56
839 32 33 40 41 55 56 89 90
1021 11 40 55 56 71 131
362 14 37 55 56 69 81 83 90
810 18 28 29 34 35 52 55 56 89
612 16 28 29 55 56 62 68
701 26 28 29 35 55 56
504 11 28 29 55 56 125 126 136
836 30 31 45 55 56 65 66 108
1166 26 27 34 35 42 43 55 56
931 30 31 55 56 93 94
1076 27 34 45 52 55 56 108
453 38 39 55 56 63 64 81 82
651 18 34 51 52 55 56 81
589 44 45 48 49 55 56 81 90
630 106 107 112 113
802 3 4 51 53 54 57 112 113
631 108 111 112 113 114 117 118 119
810 3 4 51 57 93 94 95 96
407 34 45 51 95 96 108 130
965 89 90 95 96 100 101
700 34 35 53 54 95 96 108 111 118 119
770 22 23 46 47 95 96
517 16 32 33 51 57 95 96
279 1 11 124 125 128 129
769 16 51 57 128 129 130
638 139 140 141 142 143 144 145
745 0 3 4
736 0 3 4 55 56 100 101
941 0 1 124 125 130 131 132 133
1318 0 1 48 49 124 125 130 132
638 0 1 16 52 124 128 129
835 0 1 52 89 90 122 123 124
701 0 1 11 68 124
802 0 1 16 51 57 124 130 131 132
735 0 1 48 49 91 124 130 141
892 0 1 16 26 51 124 131 132
1085 0 1 11 26 51 124 125
799 0 1 124 125 126 127
438 0 1 2 62 68 69 90
577 0 1 2 16 28 29 130
1025 0 1 2 7 8 48 49 130
890 0 52 62 68 89 90
1099 0 7 8 52 55 56 62 68
1124 0 16 68 131 132 133
441 0 3 4 62 68
840 0 52 68 89 90 132
648 0 16 62 130 135 136
777 0 3 4 34 50 128 129 130
938 0 11 28 29 48 56 125 130
1088 0 38 39 50 57 91 92 95 96 130
1019 0 3 4 51 57 130
733 0 22 23 26 50
821 0 26 35 53 54 89 90
793 0 26 51 130
384 0 52 62 68 69 83 89 90
610 0 18 51 52 57 69
599 0 69 81 82 90 118 119
547 0 7 8 52 95 96
761 0 7 8 52 55 56 120 121
1498 0 7 8 34 51 52 55 56 130
1145 0 7 8 26 27 52 55 56
717 0 7 8 48 49 125 126 127
1291 0 16 131 133
520 0 69 70 90 131
1052 0 50 52 57 58 59 77 78
997 0 52 58 59 63 64
899 0 52 95 96
1019 0 52 89 90 142 143 144
1051 0 52 120 121
656 0 1 50 55 56 67 124
958 0 52 62 68 89 90
976 0 34 50 104 105 130
1358 0 40 41 130
1052 0 40 41 55 56 91 130 141
1088 0 26 27 52 89 90
959 0 16 26 51
1182 0 48 49 69 90 114 144
828 0 34 35 52 131 132
407 17 18 19 20 21 22 23
799 16 17 18 132 135 136
992 7 8 17 18 34 51 52
634 17 18 51 52 55 56 57
1024 17 18 34 50 51 55 56 57 130
439 17 18 35 38 39 57 91 92
679 17 18 19 20 21 60 118 119 127
323 16 17 18 28 29 51 57 130
916 34 35 45 79 80 108
977 16 79 80 81 82 128 129
697 71 74 75 76 79 80 100
987 53 54 79 80 95 96
847 34 35 79 80 140 141
742 12 13 28 29 42 43 55 56 130
906 12 13 51 52 57 93 94
518 12 13 42 43 58 59 91 141
1020 12 13 91 103 141 145
659 12 13 108 111 118 119
240 12 13 81 82 118 119
620 12 13 19 20 21 55 56 81 82
977 12 13 69 81 83 90
708 3 4 5 6 7 8
864 3 4 5 6 120 121 137 138
961 5 6 25 52 145
588 3 4 5 6 46 47 55 56
695 5 6 7 8 16 51 57 130
822 5 6 55 56 69 81 82 90
376 27 34 52 55 56 93 94 102 103
733 91 92 102 103 116 117 142
248 40 41 46 47 55 56 102 103
806 34 35 45 108 118 119
952 16 18 28 29 48 56 81 118 119
981 71 74 75 76 100 118 119
833 46 47 104 105 118 119
439 34 35 45 108 118 119
708 46 47 89 90 118 119
886 51 52 57 58 59 122 123
791 50 55 56 57 58 59
805 3 4 40 41 51 53 54 57 58 59
423 28 29 52 58 59 122 123
459 58 59 91 92 139 145
325 58 59 77 78 91 141
801 3 4 38 39 60 61 131 132 133
757 38 39 40 41 89 90 114 144
1143 38 39 42 43 55 56
212 38 39 91 92 139 145
295 38 39 55 56 81 82 91 95 96 141
533 38 39 40 41 55 56 108 111
469 55 56
424 16 55 56 60 61 70
827 3 4 27 34 55 56 60 127
558 34 35 40 41 53 54 55 56
555 32 33 34 35 40 41 55 56
780 40 55 56 101 103 145
734 0 3 4 46 47 58 59
562 0 3 4 30 31
413 0 3 4 38 39 81 82
436 0 3 4 81 82 95 96
739 0 1 11 124 125 126 131 133 136
825 0 1 11 124 125
701 0 1 34 35 52 124
1102 0 1 3 4 89 90 100 101 124
859 0 1 34 50 95 96 124 130
912 0 1 91 95 96 124 130 141
805 0 1 16 26 27 124
899 0 1 124 131 132 146
283 0 1 2 120 121 146
617 0 1 2 50 57 104 105 130
1031 0 1 2 7 8 34 35 52
837 0 38 39 52 62 68
652 0 52 62 68 131 132
558 0 52 68 89 90 133
713 0 11 68 70 124 125 147
252 0 16 130 131 132 133 135 136
909 0 3 4 70 130 135 136 148 149
822 0 8 16 70 72 130 135 136
972 0 34 50 77 78 130
920 0 38 39 48 56 108 111 130
450 0 27 38 39 52 57 130
989 0 25 26 50 145
1061 0 26 27 52
699 0 58 59 69 82
845 0 16 18 69 132 135 136
633 0 34 35 69 90 91 141
716 0 7 8 52 139 145
735 0 7 8 16 150 151
1157 0 7 8 34 51 52 95 96 130
1007 0 7 8 26 27 130
882 0 7 8 125 126 127
1039 0 69 90 131 133
1299 0 52 70 89 90 131
822 0 50 52 57 58 59 95 96
1064 0 52 77 78
1034 0 11 122 123 125
965 0 3 4 95 96 100 101
879 0 1 30 31 124 130
849 0 16 70 130 135 136
962 0 7 8 16 51 57 130
940 0 38 39 42 43 130
876 0 26 27 52 116 117 142
1450 0 58 59 69 90 91 141
860 0 42 43 146
558 0 22 23 46 47 146
486 0 7 8 16
659 17 18 19 20 21 103 145
930 17 18 34 51 52
1024 17 18 51 52 57 116 117 142
439 3 4 7 8 17 18 51 57
400 17 18 60 61 69 90 132
722 16 17 18 28 29 51 57 130
968 34 35 45 79 80 108
817 79 80 81 83 146
513 41 53 54 79 80 100 139 145
919 40 41 46 47 58 59 79 80
715 12 13 16 28 29 150 151
1111 12 13 34 35 42 43
1104 12 13 91 141 142 143 144
620 12 13 108 111 116 117 142
951 12 13 108 111 142 143 144
898 12 13 69 71 90 100
999 3 4 5 6 120 121 137 138
755 5 6 52 89 90 142 143 144
639 1 3 4 5 6 124
755 5 6 89 90 91 130 141
426 27 34 93 94 102 103 146
834 91 102 103 112 113 141
893 38 39 102 103 140 141
336 3 4 26 27 51 57 58 59
860 3 4 51 57 58 59
681 58 59 69 90 152 153
335 42 43 58 59 104 105
538 45 58 59 91 95 96 108 141
851 3 4 38 39 40 41 51 57 114 144
824 38 39 42 43 95 96
223 38 39 48 49 91 141
594 38 39 81 90 91 95 96 141
562 55 56 60 61 62 69 90
821 55 56 60 95 96 127
1079 40 41 55 56 100 101 102 103 106 107
696 40 41 46 47 55 56 89 90
878 40 41 51 52 55 56 57 114 144
839 40 55 56 69 71 90
659 14 15 34 35 52 55 56
908 55 56 69 90 152 153
682 18 28 29 34 35 52 55 56 89
1098 28 29 52 55 56 62 68
612 16 28 29 51 55 56 57 130
698 16 28 29 55 56 146 151 152
362 6 11 28 55 56 125
715 30 31 45 55 56 65 66 108
887 30 31 42 43 55 56 116 142 144
795 55 56 77 78 93 94
388 51 55 56 57 58 59 91 141 146
718 38 39 55 56 81 82 91 95 96 141
827 22 23 55 56 91 141
677 55 56 91 116 117 141 142
875 12 13 55 56 91 108 111 116 117 141 142
624 27 34 55 56 69 90 91 141
897 55 56 60 91 95 96 127 141
762 55 56 104 105 108 111 142 143 144
996 40 41 45 55 56 108
986 24 55 56 81 82 139
663 3 4 18 51 55 56 57 81
830 30 31 53 54 55 56 81 90
969 52 55 56 71 100
817 0 3 4 30 31 46 47
768 0 38 39 74 75 76
915 0 3 4 44 45 63 64
518 0 1 40 41 124 125 130 132
740 0 1 24 52 124 139
701 0 1 120 121 124 146
679 0 1 3 4 34 51 124 130
1239 0 1 42 43 124 130
607 0 1 16 26 51 124 131 132
1069 0 1 52 124 131 132
1013 0 1 9 10 11 124
682 0 1 2 34 50 77 78 130
824 0 1 2 16 28 121 146
1013 0 1 34 35 50 67 124
1131 0 7 8 52 62 68
799 0 38 39 50 67 68 133
860 0 16 62 68 131 132
909 0 68 74 75 76 132
1039 0 52 70 130 135 136
783 0 27 34 52 130
502 0 38 39 48 56 108 111 130
878 0 48 49 106 107 130
882 0 3 4 27 57 130
1000 0 26 50 89 90
923 0 26 27 52 58 59
384 0 34 35 69 79 82 154
711 0 16 18 69 70 135 136
723 0 69 90 91 95 96 141
560 0 7 8 52 95 96
1066 0 7 8 146 150 151
908 0 7 8 27 34 130 146
583 0 7 8 26 27 52 58 59
602 0 7 8 16 62 131
1105 0 52 116 117 131 133 142
1045 0 16 70 131
1177 0 16
1129 0 52 69 83 89 90
1408 0 34 50 52 104 105
770 0 120 121 146
1057 0 1 52 89 90 124
1012 0 16 68 70
1158 0 51 52 57 95 96 130
818 0 11 28 29 125 130
1240 0 26 35 89 90 140 141
1164 0 26 50 116 117 142
1475 0 3 4 28 29 146
1182 0 106 107 146
1011 0 7 8 63 64 130
1024 0 16 131 132
1123 16 17 18 132 135 136
632 17 18 34 51 52
280 16 17 18 28 29 51 57 130
748 7 8 16 17 18 51 57
776 17 18 28 29 130
1033 79 80 93 94 104 105 109 110
986 79 80 93 94 104 105 109 110
771 34 35 45 79 80 108 154 155
525 16 18 28 29 79 80 81
609 38 39 50 57 79 154
824 53 54 77 78 79 80
808 12 13 28 29 52
691 12 13 16 28 29
889 12 13 22 23 91 141
604 3 4 12 13 34 45 51 108
1386 5 6 7 8 52 89 90 120 121
980 5 6 16 51 57 130 137 138
795 3 4 5 6 150 151
827 5 6 16 68 132
749 5 6 7 8 9 10 11
812 18 28 29 52 81 102 103
511 34 35 91 102 103 141
890 30 31 102 103 114 144
471 51 57 58 59 106 107 146
336 40 41 58 59 106 107
852 58 59 69 90 151 152
874 42 43 58 59
847 42 43 58 59 104 105
669 42 43 58 59 104 105
368 45 58 59 91 108 112 113 141
445 38 39 40 41 51 52 57 114 144
692 22 23 38 39 154 155
641 38 39 91 95 96 141
1075 38 39 79 80 81 82
693 16 55 56 60 61 131 132 133
648 38 39 52 55 56 60 61 132
935 16 55 56 60 62 136
717 3 4 40 41 51 53 54 55 56 57
566 3 4 32 33 40 41 51 55 56 57
730 16 40 55 56 71 131 132
297 14 34 35 37 55 56 108 111
578 14 34 35 37 45 55 56 108
700 52 55 56 152 153
649 28 29 52 55 56 58 59
669 28 29 52 55 56 95 96 120 121
511 28 29 34 51 55 56 130 146
601 26 27 28 29 55 56 130
806 28 29 55 56 125 126 127
619 14 37 55 56 65 66
399 16 55 56 132 135 136 154 155
895 34 35 53 54 55 56 80 155
685 16 42 43 55 56 128 129
696 55 56 93 94 104 105 109 110
803 51 52 55 56 57 93 94
721 38 39 48 49 55 56 60 91 127 141
1132 55 56 91 103 141 145
813 55 56 89 90 91 141 142 143 144
894 34 51 55 56 74 75 76 91 141
683 40 41 55 56 58 59 108 111
848 30 31 34 35 45 55 56 91 108 141
814 45 55 56 93 94 104 105 108
809 0 3 4 58 59
605 0 3 4 48 49 53 54
620 0 1 50 67 89 90 124 125 133
956 0 1 26 35 124 125 132
685 0 1 50 52 57 58 59 112 113 124
962 0 1 50 52 57 58 59 95 96 124
740 0 1 34 50 52 89 90 124
610 0 1 50 62 67 68 89 90 124
949 0 1 34 50 89 90 124 130
760 0 1 42 43 124 130
1232 0 1 26 51 52 58 59 124
929 0 1 89 90 100 101 124 146
854 0 1 48 49 124 125 126 127
1184 0 1 2 16 62 68
1184 0 1 2 26 38 39 50
852 0 1 2 7 8 130 156 157
1114 0 1 2 7 8 16
827 0 1 2 7 8 16
1408 0 1 11 62 68 124 125
558 0 11 62 68 125
1024 0 62 68 69 72 73 90
866 0 16 68 70
608 0 3 4 62 130 135 136 148 149
829 0 16 130 132 135 136
965 0 16 48 56 130 151 152
839 0 53 54 80 95 96 130 158
921 0 16 50 57 128 129 130
1358 0 7 8 16 51 57 130
755 0 26 50 103 145
939 0 26 35 38 39 140 141
1080 0 16 26 51
762 0 26 27 69 83 130
593 0 18 26 35 51 57 69
612 0 34 35 69 90 140 141
428 0 7 8 52 83 89 146
581 0 3 4 7 8 120 121
1039 0 7 8 34 51 74 75 76 130
1056 0 7 8 26 35
885 0 7 8 146 158 159 160 161
1082 0 9 10 11 131 133
983 0 62 130 131
1253 0 52 116 117 131 132 142
854 0 38 39 40 52 89 90 101
1204 0 30 31 52 116 142 144
916 0 122 123 130
1032 0 3 4 48 49 53 54
883 0 1 40 41 124 130
963 0 27 34 52 89 90 130
926 0 51 57 130 146
1114 0 14 37 130
886 0 91 95 96 130 141
786 0 91 104 105 130 141
777 0 26 27 69 90
932 0 69 90 91 104 105 141
1182 0 28 29 130 146 158 161
884 0 100 101 102 103 146
862 0 3 4 7 8
916 0 11 125 131 132
483 17 18 80 142 143 144 158
1453 17 18 28 29 34 51 52 130
862 17 18 80 114 115 116 117 158
856 7 8 16 17 18 51 57
655 16 17 18 51 57
854 17 18 28 29 34 51 52 130
579 79 80 93 94 104 105
1066 45 65 66 79 80 108
1105 74 75 76 79 80 81 83
551 79 80
767 34 35 45 79 80 108
704 53 54 79 80 156 157
977 12 13 28 29 52 89 90
1078 3 4 12 13 28 121 148 149
536 11 12 13 38 39 60 91 136 141
600 12 13 24 25 108 111
852 12 13 52 71 100
1194 5 6 7 8 16
1348 5 6 52 89 90
795 3 4 5 6 46 47 89 90
689 5 6 16 51 57 130
614 5 6 7 8 16
229 18 28 29 52 81 102 103
549 91 95 96 102 103 141
874 46 47 77 78 102 103
708 3 4 51 57 58 59
447 3 4 50 57 58 59 128 129
914 40 41 51 52 53 54 57 58 59
776 3 4 40 41 51 53 54 57 58 59
911 28 29 52 58 59
681 46 47 58 59 80 89 90 155
669 3 4 29 58 59 91 141 156
909 38 39 50 67 89 90 121 156
891 3 4 38 39 40 41 51 57 114 144
851 22 23 38 39 154 155
854 38 39 80 93 94 158
914 38 39 40 41 51 57 91 130 141
858 38 39 81 90 91 95 96 141
839 52 55 56 71 89 90 100 156 157
679 53 54 55 56 156 157 158 161
790 32 33 34 51 55 56 130 156 157
907 18 29 34 35 52 55 56 89 156
643 29 51 52 55 56 57 130 156
605 29 50 55 56 58 59 67 156
940 11 55 56 121 123 125 134 156
801 16 51 55 56 60 61 62 67
651 3 4 55 56 60 61 132
479 16 29 55 56 60 127 156
946 40 41 53 54 55 56 80 158
617 3 4 32 33 34 40 41 51 55 56
313 38 39 40 55 56 101
703 32 33 40 41 55 56 89 90
803 14 15 55 56 130 156 157
621 16 55 56 151 152
634 4 18 19 20 21 81 162
233 3 4 163 164
530 0 3 4 48 49 53 54
254 4 27 34 46 47 130 162
601 4 140 141 162
823 0 4 30 31 44 45 130 162
448 0 4 130 162
716 4 17 18 34 51 130 162
533 4 12 13 162
838 4 5 6 7 8 130 162
596 4 38 39 40 41 162
808 4 53 54 104 105 162
628 4 162 165 166
699 4 51 57 130 162
721 34 50 130 162 167
751 26 35 162 167 168 169
1150 18 81 146 162 167
644 55 56 71 74 75 76 100
895 0 3 4 40 41 46 47 55 56
767 0 3 40 41 130 167
886 0 1 3 4 62 124 125
611 0 1 16 51 124 170 171 172
560 0 1 52 124 139 145
1033 0 1 52 122 123 124
725 0 1 3 4 55 56 100 101 124 156 157
808 0 1 34 51 52 55 56 124 130 156 157
818 0 1 16 51 57 124 130
842 0 1 55 56 91 124 130 141
650 0 1 11 26 27 124 125
603 0 1 89 90 91 92 124 146
650 0 1 89 90 124 140 141 146
959 0 1 55 56 124 125 126 127
1036 0 1 55 56 124 125 126 127 156 157
906 0 1 2 52 95 96 120 121
1184 0 1 2 34 50 89 90 130
264 0 1 2 16 27 57 130
411 0 1 2 26 35 69 83
976 0 1 2 7 8 16
902 0 52 55 56 62 68
991 0 62 68 69 90
55 0 16 51 62 67 68
313 0 50 62 67 68 89 90
331 0 16 27 68 70 172
902 0 130
1054 0 16 70 130 135 136
680 0 34 50 55 56 130
1133 0 34 80 130 158 173
771 0 27 34 69 90 130
439 0 4 30 31 46 47 130 162
887 0 16 28 29 48 56 130
905 0 80 130 158 163 174
851 0 38 39 50 57 130 156 157
110 0 27 34 50 52 57 130
947 0 57 80 130 155 173
848 0 16 28 29 51 57 130 146
797 0 26 35
1147 0 26 50 89 90 116 142 144
793 0 26 34 35 89 90 140 141 173
552 0 16 26 51 57 131 132 173
934 0 26 35 106 107
482 0 11 26 27 124 125 147
755 0 16 26 27
760 0 26 51 52 165 166
962 0 55 56 69 82 156 157
987 0 26 27 69 83 130
654 0 18 69 146 162 167
698 0 58 59 69 90 91 141
332 0 11 69 90 123 125 163
633 0 7 8 52 55 56 60 127
826 0 7 8 16 52 70 135 136
760 0 3 4 7 8
711 0 7 8 34 51 52 95 96 130
1250 0 7 8 42 43 130
1078 0 7 8 26 51 52 165 166
825 0 7 8 18 81 146 158 161
998 0 7 8 16 170 171
845 0 7 8 16 131 133
791 0 11 70 124 125 131 147
1098 0 34 35 52 131 132
1018 0 50 52 57 58 59 104 105
1253 0 52 55 56 60 127
961 0 18 52 89 116 117 142
899 0 16 52 132 135 136
812 0 122 123 130
1054 0 3 4 89 90 100 101
1133 0 1 50 55 56 67 124
1160 0 38 39 50 62 67 68
850 0 27 34 69 90 130
966 0 16 28 29 48 56 130
899 0 30 31 57 130 173
1028 0 28 29 52 55 56 130
923 0 38 39 91 130 141 156 157
895 0 26 35 55 56 140 141
954 0 7 8 16 26 51
1007 0 69 90 91 95 96 141
1106 0 69 90 104 105 114 144
932 0 91 92 116 117 142 146
1110 0 146 159 160
1154 0 34 35 140 141 146
1340 0 3 4 7 8
479 0 7 8 130
1111 0 26 35 131 132
578 0 7 8 16 170 171
911 17 18 89 90 142 143 144
659 17 18 53 54 89 90 165 166
814 17 18 34 51 130
688 17 18 34 60 127 173
845 4 17 18 53 54 162 165 166
2755 17 18 46 47 55 56 80 158
721 3 4 17 18 46 47 51 55 56 57
511 7 8 17 18 51 52 57 165 166
545
553 4 44 45 81 90 162
539 4 42 43 56 162 175
622 4 18 81 162 163 174
536 4 27 34 53 54 130 162
743 4 17 18 46 47 55 56 162
692 0 4 32 33 130 156 157 162
634 4 114 144 154 158 162
634 4 44 45 156 157 162
587 0 4 69 90 162
869 4 79 154 162
731 4 58 59 162 168 169
779 4 53 54 55 56 156 157 162
622 4 55 56 162
717 4 32 33 89 90 162
846 4 34 35 46 47 162
768 4 114 144 156 157 162
674 48 49 53 54 130 162 167
689 26 35 46 47 162 167
606 53 54 146 162 167
720 58 59 175 176 177 178 179 180
928 46 47 58 59 176 177 179 180
648 71 74 79 80 100 176 177
1170 75 76 179 180 181 182 183 184
830 0 3 4 56 63 64 175
602 0 3 4 116 117 140 141 142
310 0 3 11 125 167
869 0 1 70 124 125 130
768 0 1 50 52 55 56 57 58 59 124 156
942
739 0 1 52 55 56 124 156 157
518 0 1 16 52 55 56 121 124 156
638 0 1 24 52 124 139
687 0 1 34 35 52 122 123 124
838 0 1 3 4 89 90 100 101 124
675 0 1 3 4 34 51 124 130
721 0 1 16 51 57 124 130 131 132
779 0 1 88 124 130 158 161 185
744 0 1 89 90 91 124 130 141
1123 0 1 26 51 52 124 165 166
1012 0 1 58 59 91 92 124 146
1232 0 1 18 81 124 146 158 161
949 0 1 124 146 159 160
488 0 1 16 124 131 132
906 0 1 50 67 89 90 124
1184 0 1 2 16 62 68
412 0 1 2 48 89 90 130 178
749 0 1 2 26 35
1107 0 1 2 26 35 69 83
750 0 1 2 7 8 16
1013 0 52 62 68
939 0 1 52 62 68 124
417 0 11 62 68 131
807 0 3 4 68 133 148 149
814 0 16 62 68 131 132
1019 0 52 55 56 68 132 156 157
753 0 16 62 130 135 136
694 0 130 132 135 136 146
289 0 17 18 34 50 87 130 186
801 0 34 50 55 89 90 130 178
665 0 34 130 154 158 173
1022 0 34 42 43 55 56 130 173
777 0 4 130 162
405 0 130 146 162 167
912 0 14 37 48 56 130
746 0 46 47 48 49 89 90 130
637 0 40 41 56 80 130 158 175
1047 0 40 41 50 57 87 88 130
770 0 38 39 50 57 63 64 130 169 185
1056 0 48 49 50 55 57 87 88 130 178
706 0 27 34 52 55 56 57 130 173
757 0 57 63 64 88 130 173 185
955 0 51 52 57 95 96 130
1053 0 6 11 125 130 156
1050 0 118 119 130 156 157 175 178
402 0 130 176 177 179 180 185 186
830 0 104 105 130 185 186
444 0 34 63 64 130 169 173 185
773 0 57 63 64 130 169 173 185
296 0 48 49 88 130 185
911 0 50 57 88 95 96 130 185
839 0 40 41 88 130 185
834 0 42 43 48 49 88 130 185
843 0 26 50 87 88
911 0 16 26 50 51 57 87 88
1147 0 26 50 103 145
835 0 4 26 50 162
644 0 4 26 162 173
951 0 16 26 51 57 88 173 185
1181 0 26 35 106 107
1192 0 26 51 165 166 172 173
1024 0 40 69 82 87 88 101 118 119
958 0 40 41 58 59 69 82 169 185
1050 0 69 82 104 105
1041 0 11 69 83 131
800 0 16 18 69 162 167
584 0 58 59 69 90 91 92
699 0 69 81 83 90 146
788 0 6 11 28 125 146
786 0 22 23 146 185 186
713 0 116 117 142 146 154 158 169 185
711 0 88 146 154 158 185
641 0 16 88 146 151 152 185
626 0 88 146 165 166 168 169 185
621 4 38 39 81 82 162
514 0 3 4 165 166 175 178
545 4 87 100 101 162 169
619 4 130 162 163 164
569 0 3 4 48 49 53 54
685 0 4 46 47 95 96 130 162
586 4 32 33 60 127 162
601 4 57 114 144 162 173
593 0 4 44 45 48 49 130 162
631 4 44 45 48 49 162
581 0 4 48 49 130 162
556 4 17 18 34 51 130 162
658 0 3 4 181 182 183 184
713 4 48 87 88 162 178
556 0 4 87 88 130 162
599 0 4 38 39 40 41 130 162
698 4 40 41 46 47 55 56 162
726 4 81 82 95 96 162
729 4 24 25 162
699 4 34 51 130 162
625 4 44 45 63 64 162
823 48 49 130 162 167
806 26 35 140 141 162 167
739 18 81 146 162 167
547 38 39 108 111 176 177 179 180 185 186
744 34 35 175 176 177 178 179 180
748 34 35 46 47 176 177 179 180
1463 176 177 179 180 181 182 183 184
452 58 59 75 76 179 180 185 186
650 0 3 4 95 96 100 101
605 0 3 4 48 49 114 144
829 0 3 16 167
737 0 1 3 4 124 125 131 132 133
459 0 1 52 55 56 124 125 132
734 0 1 50 52 57 58 59 112 113 124
1145 0 1 52 83 89 124 146
688 0 1 34 50 52 87 88 124 156 157
782 0 1 55 56 91 124 141 150 156 157 187
906 0 1 52 120 121 124
767 0 1 16 68 70 124
655 0 1 34 48 49 50 87 88 124 130
580 0 1 50 57 87 88 124 130
827 0 1 88 124 130 156 157 185
622 0 1 30 31 91 124 130 141
505 0 1 26 51 52 124
912 0 1 42 43 55 56 124 146
685 0 1 55 56 108 111 124 146
779 0 1 52 55 56 124 131 132
907 0 1 16 124 170 171
930 0 1 2 120 121 146
1158 0 1 2 34 48 49 50 87 88 130
412 0 1 2 50 57 87 88 130
797 0 1 2 26 50 55 56
495 0 1 2 18 69 158 161
824 0 1 2 74 75 76
929 0 52 62 68
675 0 1 50 62 67 68 89 90 124
645 0 3 4 62 68 131 132
788 0 38 39 50 67 68 133
939 0 38 39 52 62 68
982 0 16 68 132
673 0 3 4 130 133 135 136
829 0 52 130 132 135 136
774 0 87 130 156 157 165 169 188
1005 0 104 105 130 165 188
750 0 34 48 49 50 87 88 130 169 185
572 0 34 50 55 56 63 64 88 130 185
665 0 4 34 50 130 162
792 0 34 88 130 156 157 173 185
665 0 34 51 52 55 56 130 156 157
830 0 4 30 31 44 45 130 162
620 0 48 55 56 88 130 158 161 178 185
843 0 38 39 48 56 91 130 141
695 0 16 28 29 48 56 130 154 158
771 0 53 54 80 130 156 157 158
995 0 30 31 50 57 87 88 130 169 185
811 0 38 39 40 41 50 57 130 169 185
860 0 50 55 57 130 178 189 190
1025 0 4 50 57 130 162
830 0 57 130 152 173 187
698 0 17 18 57 130 173 185 186
766 0 51 57 130 156 157 172 173
856 0 89 90 130 156 157 175 178
857 0 5 6 69 90 130 185 186
811 0 87 88 130 158 161 185 186
1002 0 55 56 130 165 169 185 188
746 0 16 28 29 48 56 130 169 185
744 0 46 47 55 56 130 156 157 169 185
850 0 48 55 56 88 130 178 185
917 0 57 88 130 156 157 173 185
644 0 32 33 40 41 88 89 90 130 185
502 0 88 130 185 189 190 191 192
941 0 16 29 56 88 130 156 175 185
700 0 16 26 27 50 57 87 88
1192 0 26 38 39 50 60 127
992 0 26 50 89 90
976 0 26 27 34 50 69 90
1065 0 26 27 34 52 55 56 173
781 0 16 26 51 57 173
625 0 26 35 89 90 91 141
683 0 26 27 52 89 90
641 0 11 26 51 125
596 4 18 46 47 57 81 162 193
688 4 56 81 82 156 157 162 175
558 4 55 56 100 101 156 157 162
650 0 3 4 106 107
655 0 4 48 49 53 54 130 162
650 4 40 41 46 47 58 59 162
793 0 3 4 46 47 58 59
532 4 17 18 34 35 46 47 162
598 4 140 141 162 165 166
589 0 3 4 114 144 156 157
575 4 44 45 81 82 156 157 162
646 0 4 17 18 130 162
695 4 17 18 51 57 130 162
724 4 5 6 130 137 138 162
535 4 162 189 190
573 4 50 87 88 162 194
649 4 45 58 59 108 162
664 4 17 18 38 39 162
698 4 42 43 55 56 162
687 0 3 4 95 96
822 4 45 108 162 165 166
732 4 48 49 53 54 162
573 4 44 45 63 64 162
614 30 31 130 162 167
576 50 130 162 167 194
689 0 69 90 130 162 167
686 130 131 132 162 167
764 38 39 81 82 176 177 179 180 185 186
740 71 74 100 106 107 176 177
680 46 47 58 59 176 177 179 180
582 0 46 47 55 56 74 176 177
882 0 69 74 83 176 177
1026 55 56 71 74 100 176 177
692 0 74 75 76 116 117 142
824 0 3 4 71 74 75 76 100
654 0 3 4 114 115 116 117
955 0 3 26 35 167 195 196
620 0 1 50 62 67 89 90 124 125
241 0 1 52 89 90 124 125 132
569 0 1 40 41 50 52 55 56 57 58 59
454
541 0 1 52 104 105 124
971 0 1 34 50 52 124 189 190
1039 0 1 124 150 187
757 0 1 124 146 150 151 195 196
696 0 1 3 4 71 74 75 76 100 124
658 0 1 27 34 52 55 56 124 130
925 0 1 48 56 124 130 195 196
641 0 1 16 27 57 124 130
840 0 1 52 89 90 124 130 197
350 0 1 40 41 55 56 91 124 130 141
735 0 1 26 27 52 124
976 0 1 26 50 58 59 124
1013 0 1 87 88 91 92 124 146
779 0 1 34 35 124 146 168 169
800 0 1 74 75 76 124
779 0 1 124 125 126 127
852 0 1 50 67 124 165 166
1029 0 1 34 35 50 67 124
1174 0 1 2 52 62 68
985 0 1 2 34 50 55 56 130 156 157
899 0 1 2 50 57 87 88 130
573 0 1 2 50 57 87 88 130 193 194
749 0 1 2 26 34 35 173
534 0 1 2 18 57 69 193
685 0 1 2 7 8 16 170 171
750 0 1 50 55 56 67 124
974 0 52 62 68 103 145
1019 0 1 52 62 68 124
652 0 38 39 52 62 68 131 132
727 0 16 62 68
1034 0 3 4 68 133 148 149
881 0 62 68 172 173 195 196
813 0 52 68 70 89 90
716 0 16 130 131 132 133 135 136
1005 0 7 8 16 62 130 135 136
1110 0 16 70 130 135 136
268 0 48 49 87 88 130 165 188
689 0 55 95 96 130 165 178 188
808 0 30 31 34 50 57 87 88 130 173
632 0 34 50 87 88 130 156 157
859 0 34 50 55 56 63 64 130
832 0 34 130 158 161 173
737 0 34 130 173 195 196 197 198 199
834 0 34 48 49 51 130 172 173
515 0 4 48 49 53 54 130 162
777 0 16 130 162 167 170 171
573 0 48 55 56 130 165 178 188
614 0 42 43 48 56 130
752 0 44 45 48 49 130 158 161
886 0 16 51 80 130 158 172 197
773 0 40 41 56 80 130 158 175
1021 0 50 57 91 92 95 96 130 187 200
861 0 50 57 87 88 91 92 130 187 200
906 0 38 39 48 49 50 57 88 130 185
542 0 50 55 56 57 63 64 130 169 185
777 0 50 55 56 57 69 90 130 197
1019 0 16 50 55 56 57 130 197
1092 0 24 50 57 130 139
689 0 56 57 130 156 157 173 175 195 196
374 0 57 130 173 195 196
600 0 3 4 51 57 130
626 0 6 7 8 16 130 156
621 0 40 41 44 45 130 195 196
518 4 18 53 54 57 81 162 193
566 4 162 175 178
794 0 3 4 55 56 100 101 156 157
526 4 130 162 163 164
673 0 3 4 48 49 53 54
661 0 4 46 47 55 56 130 162
647 4 32 33 51 57 130 162
656 4 57 140 141 162 193
655 4 27 34 44 45 130 162
683 4 42 43 44 45 162
737 4 17 18 19 20 21 162
721 0 3 4 17 18 185 186
693 4 162 187 191 192 200
497 4 57 87 88 162 193
601 4 18 81 87 88 162
745 4 38 39 156 157 162
529 4 18 38 39 81 162
652 0 3 4 38 39
808 4 55 56 130 162 197
825 4 32 33 95 96 162
750 4 116 117 142 162
637 0 4 30 31 130 162
641 4 29 130 156 162
566 34 50 130 162 167
758 40 41 130 162 167
651 18 69 81 90 162 167
712 7 8 130 162 167
955 34 35 168 169 176 177 179 180
766 71 74 100 163 174 176 177
969 0 74 114 115 116 117 176 177
638 0 74 176 177 187 200
834 0 74 75 76 87 88 193 194
693 0 3 4 18 57 81 193
751 0 3 4 40 41 46 47 58 59
483 0 3 4 44 45 63 64
928 0 1 124 125 130 131 132 133
710 0 1 62 124 125 130 195 196
942 0 1 26 35 124 125 132 195 196
612 0 1 48 49 88 124 130 149 185 201
621 0 1 50 52 57 58 59 124 189 190
761 0 1 16 52 55 56 124 197
820 0 1 52 87 88 124 165 188
740 0 1 34 35 52 122 123 124
687 0 1 12 13 108 111 124 150 187
931 0 1 3 4 56 124 156 157 175
615 0 1 16 124 130 132 135 136
669 0 1 34 40 41 50 55 56 124 130
578 0 1 50 57 87 88 124 130 156 157
580 0 1 88 124 130 158 161 185
1035 0 1 57 88 124 130 185 193
842 0 1 91 92 124 130 189 190
728 0 1 26 35 87 88 108 111 124
675 0 1 3 4 26 51 124
674 0 1 42 43 55 56 124 146
671 0 1 99 124 146 182 183 191
949 0 1 89 90 124 140 141 146
1017 0 1 124 126 127 131
826 0 1 50 67 124 189 190
930 0 1 2 52 55 56 120 121
854 0 1 2 87 88 130 156 157 165 188
879 0 1 2 48 89 90 130 178
1012 0 1 2 57 130 156 157 173
600 0 1 2 26 50 87 88 193 194
1235 0 1 2 55 56 69 82 156 157
1013 0 1 2 7 8 130 156 157
732 0 1 35 124 170 171 172 195 196
919 0 1 9 63 64 124 199
985 0 52 62 68 87 88 165 188
1078 0 1 16 62 68 124
800 0 16 62 68 131 132
633 0 11 68 125 131 132 133
1034 0 52 55 56 68 133
957 0 16 51 62 68 172
731 0 7 8 16 68 70
786 0 107 130 133 135 136 201
786 0 3 4 62 130 135 136
581 0 16 62 130 135 136
785 0 40 41 87 130 165 169 188
487 0 55 87 88 130 156 157 165 178 188
719 0 34 50 87 88 130 158 161
803 0 34 50 87 88 130 158 161
947 0 34 50 55 56 88 130 158 161 185
605 0 34 50 55 56 88 130 156 157 185
991 0 34 50 89 90 130
381 0 14 34 37 130 173
978 0 34 42 43 48 49 130 173
483 0 30 31 44 45 130 195 196
683 0 4 44 45 48 49 130 162
713 0 48 57 87 88 130 178 193
599 0 16 28 29 48 56 130
1047 0 48 56 130 168 169 193 194
1105 0 4 130 154 158 162
1021 0 38 39 80 130 158 191 192
861 0 46 47 80 112 113 130 158
906 0 50 57 87 88 130 152 187 195 196
542 0 50 57 63 64 87 88 130
497 0 38 39 40 41 50 57 130
710 0 16 50 55 56 57 130 197
594 0 24 50 57 130 139
647 0 56 57 130 156 157 173 175 195 196
614 0 57 130 173 195 196
584 4 56 154 155 162 175
577 4 46 47 55 56 162
758 0 3 4 44 45 48 49
472 4 30 31 162 202 203
610 0 1 2 3 4
566 4 17 18 116 117 142 162
718 4 17 18 60 127 162
725 3 4 5 6 149 201
712 4 18 81 162 189 190
680 4 162 175 178 189 190
775 0 3 4 40 41 87 88
577 4 57 58 59 162 173
490 4 38 39 63 64 162
677 4 55 56 156 157 162
878 4 45 55 56 108 162
724 4 95 96 162
825 4 53 54 162 204 205
763 4 34 35 42 43 162
699 4 48 49 162 202 203
891 4 63 64 162
583 34 130 162 167 173
743 40 41 130 162 167
686 3 26 167 206
668 18 81 146 162 167
629 16 162 167
578 45 108 176 177 179 180 185 186
817 56 74 175 176 177 194 206
955 0 46 47 55 56 74 176 177
957 0 74 176 177 202 203 204 205
928 176 177 179 180 187 200
801 71 74 75 76 84 85 86
1078 55 56 74 75 76 81 83
852 0 3 4 18 57 81 193
585 0 3 4 18 81 193 194
815 0 3 4 53 54 57 193
485 0 3 4 30 31 44 45
816 0 3 48 49 130 167
654 0 1 11 124 125 131 133
955 0 1 70 124 125 195 196 198 199
750 0 1 31 124 125 132 207
803 0 1 124 130 149 156 157 201
474 0 1 124 130 149 201 207 208
913 0 1 40 41 50 52 55 56 57 58 59
701
524 0 1 52 104 105 124
455 0 1 52 95 96 124 165 188
623 0 1 122 123 124 150 187
954 0 1 50 124 150 187 189 190 209
792 0 1 16 124 150 151
695 0 1 52 62 68 124
773 0 1 3 4 27 34 124 130
443 0 1 9 30 124 130 195 196 199 208
768 0 1 50 57 124 130 189 190
710 0 1 63 64 124 130 169 185
842 0 1 42 43 124 130 156 157
603 0 1 26 35 87 88 124 191 192
556 0 1 26 27 124 130 195 196
310 0 1 124 146
888 0 1 124 146 152 187 195 196
1012 0 1 55 56 91 124 141 146
1052 0 1 58 59 108 111 124 146
849 0 1 79 80 81 82 124 146
897 0 1 81 82 118 119 124 146
789 0 1 16 124 131 132
845 0 1 39 124 195 196 202 210 211
914 0 1 57 124 130 170 171 193
1174 0 1 124 195 196 198 199
869 0 1 2 11 62 68 125
768 0 1 2 30 31 34 130 173
1149 0 1 2 50 57 87 88 130 193 194
665 0 1 2 50 55 56 130 194
852 0 1 2 26 34 35 173 195 196
986 0 1 2 18 57 69 193
1114 0 1 2 7 8 31 207
1025 0 1 124 130 158 161 170 171
941 0 1 9 10 11 124
997 0 52 55 56 62 68 165 188
907 0 1 11 62 68 124 125
1487 0 16 62 68 207 208
613 0 11 62 68 125
658 0 16 68 131 132 133
637 0 38 39 52 68 133
637 0 57 62 68 172 173 193
1014 0 52 55 56 68 70
453 0 16 68 132
620 0 9 62 130 135 136 199
594 0 16 70 130 131 132 135 136
331 0 50 87 88 104 105 130 165 188 194
1110 0 55 56 130 146 165 188 194 206
732 0 40 41 55 56 130 165 188
774 0 3 4 34 130 206 207 208
527 0 34 50 52 130 151 200
656 0 17 18 34 50 87 88 130 185 186
1099 0 34 50 55 56 130
835 0 34 50 55 56 63 64 130
682 0 30 31 34 50 130 207 208
728 0 4 34 50 130 162
740 0 34 63 64 130 173
620 0 34 42 43 112 113 130 173
722 0 34 51 130 210 211
527 0 30 31 32 33 57 130 193
725 0 4 46 47 89 90 130 162
697 0 7 8 16 130 162 167
596 0 48 103 130 145 178
596 3 4 81 83 206 210
545 0 3 4 89 90 175 178
688 0 4 40 41 56 130 162 175
622 4 50 55 56 100 101 162 194
655 4 41 53 54 100 162
536 0 3 4 53 54 89 90
594 4 34 51 53 54 130 162
506 0 3 4 46 47 55 56 156 157
512 4 46 47 162 204 205
619 0 4 32 33 130 156 157 162
859 4 34 35 140 141 162 212 213
614 4 114 144 154 158 162
656 0 3 4 44 45 48 49
601 0 4 48 49 130 162 214 215
754 4 42 43 84 96 162
698 4 17 18 34 35 162 202 203
610 4 40 162 202 203 216
613 0 1 2 3 4
649 4 17 18 45 108 162 217 218
497 4 17 18 34 51 130 162
884 4 12 13 162 173 209
724 4 81 82 162 187 200
485 4 162 175 178 189 190
572 4 46 47 162 189 190
749 4 40 41 87 88 162
611 3 4 206 209 219 220
475 4 58 59 162
550 4 17 18 38 39 162
655 4 28 29 55 56 130 162
670 4 95 96 162 212 213
723 4 89 90 140 141 162
888 4 162 175 178 204 205
757 4 34 35 154 155 162
873 4 32 33 48 49 162
686 4 16 29 156 162
625 150 162 167 187
692 17 18 57 130 162 167 193
672 130 162 167
718 0 3 69 90 167
687 146 162 167
801 50 116 117 142 176 177 179 180 209
619 38 39 108 111 176 177 179 180 185 186
714 38 39 108 111 176 177 179 180
547 0 55 56 74 175 176 177 178
957 53 54 89 90 176 177 179 180
816 0 32 33 74 176 177 217 218
748 0 74 176 177 202 203 217 218
829 118 119 176 177 179 180
1197 0 74 116 117 142 176 177
814 58 59 75 76 179 180 185 186
661 0 3 4 18 81 193 194
774 0 3 4 53 54 165 166
780 0 3 4 48 49 114 144
929 0 3 4 165 166 202 203
490 0 3 40 130 167 216
1033 0 1 50 67 89 90 124 125 133
992 0 1 52 55 56 70 124 125
717 0 1 74 75 76 124 125 132
990 0 1 17 18 124 130 149 185 186 201
478 0 1 26 35 124 149 195 196 201
569 0 1 48 49 50 52 57 58 59 87 88
623
674 0 1 40 52 55 56 124 216
597 0 1 16 19 52 124 184 197
778 0 1 26 34 35 52 124 206
455 0 1 122 123 124 130
778 0 1 124 150 187 191 192 219 220
854 0 1 124 146 150 151 195 196
974 0 1 3 4 56 124 175 195 196
650 0 1 9 62 68 124 199
734 0 1 9 62 68 124 195 196 199
675 0 1 27 34 124 130 146
610 0 1 9 30 124 130 195 196 199 208
806 0 1 57 124 130 146 206
843 0 1 48 49 124 130 169 185
969 0 1 124 130 155 161
556 0 1 91 112 113 124 130 141
648 0 1 26 35 55 56 108 111 124
1133 0 1 26 51 52 124 165 166
1224 0 1 9 40 124 199 207 208 216
693 0 1 16 124 146 151 152
819 0 1 124 146 165 166 212 213
623 0 1 124 146 182 183 184 191
658 0 1 81 82 118 119 124 146
843 0 1 124 146 195 196 221 222
859 0 1 16 62 124 131
914 0 1 11 124 125
1098 0 1 36 37 124 195 196
704 0 1 2 74 75 76 120 121
413 0 1 2 34 50 130 189 190
735 0 1 2 48 118 119 130 178
743 0 1 2 40 41 50 55 56 57 130
264 0 1 2 50 112 113 130 194
648 0 1 2 26 34 35 173 195 196
721 0 1 2 18 34 35 69
623 0 1 2 7 8 150 187
730 0 1 11 124 125
1025 0 1 124 125 126 127
1031 0 1 50 67 124 219 220
755 0 52 55 56 62 68
767 0 3 4 56 62 68 175 194 211
625 0 57 62 68 69 87 88 90 191 192 193
697 0 31 62 68 158 161 202 203 207
530 0 50 57 62 67 68 87 88 193
611 0 16 68 131 132 133
499 0 52 68 89 90 133
701 4 19 20 21 81 82 162
710 4 81 90 162 175 178
542 4 56 81 82 156 157 162 175
585 4 56 162 173 175 209
499 4 50 71 100 162 210
552 0 4 130 162 163 174
782 4 17 18 53 54 162 204 205
730 4 17 18 53 54 57 162 193
656 4 46 47 55 56 162
545 4 30 46 47 130 162 208
793 0 3 4 140 141 217 218
650 4 30 140 141 162 215
847 3 4 44 45 165 166 206 209
709 4 44 45 57 162 193
703 4 81 82 156 157 162 214 215
659 4 162 173 212 213 217 218 223
568 0 4 30 31 130 162 173 223
788 4 16 162 223 224
557 4 34 35 162 202 203 212 213
631 4 63 64 162 202 203
540 4 39 45 108 162 202
715 0 4 130 162
737 3 4 17 18 34 35 206 209
643 4 12 13 28 29 130 162
497 4 162 181 182 183 192
558 4 162 187 188 200 225
749 4 48 87 88 162 178
778 3 4 87 88 194 206
764 4 58 59 63 64 162
557 4 38 39 156 157 162
605 4 55 56 156 157 162 175 178
632 4 55 56 130 162 197
722 3 4 95 96 206 209
705 4 89 90 140 141 162
829 4 162 173 217 218 223
681 4 162 202 203 217 218
664 4 162 165 166 168 169
695 4 27 34 130 162
655 4 57 140 141 162 193
755 4 40 41 44 45 162
834 1 124 130 162 167
716 130 156 157 162 167 175 178
758 26 35 162 167 173 209
707 0 3 31 167 207
619 3 70 148 149 167 226
740 50 58 59 176 177 179 180 209
605 45 108 176 177 179 180 195 196
721 0 34 35 74 175 176 177 178
910 34 35 53 54 176 177 179 180
756 0 74 114 115 116 117 176 177
924 173 176 177 179 180 185 186 223
960 102 103 176 177 179 180
984 55 56 71 74 100 176 177
1107 0 74 75 76 165 166 202 203
585 55 56 71 74 75 76 100
834 0 3 4 56 175 193 194
825 0 3 4 46 47 95 96
862 0 3 4 44 45 156 157
1167 0 3 4 40 41 173 223
793 0 3 4 39 202 216 227
870 0 3 74 75 76 167
602 0 1 62 124 125 195 196 198 199
1014 0 1 62 124 125 130 195 196
961 0 1 31 62 124 125 207
775 0 1 63 64 124 125 130 132
944 0 1 11 68 124 149 201
473 0 1 40 41 88 124 130 149 185 201
500 0 1 124 130 149 201 207 208 216 227
822 0 1 50 52 55 56 57 58 59 124 156
544
619 0 1 52 55 56 63 64 124
694 0 1 19 52 124 182 183 184 216 227
413 0 1 52 55 56 124 165 188
376 0 1 52 122 123 124 217 218
865 0 1 91 104 105 124 141 150 187
628 0 1 108 111 124 150 187 219 220
730 0 1 74 75 76 120 121 124
616 0 1 3 4 71 100 124 210 211
845 0 1 48 49 87 88 124 130 165 188
710 0 1 34 50 124 130 219 220
974 0 1 57 124 130 193
916 0 1 124 130 156 157
737 0 1 16 88 124 130 185 197
725 0 1 124 130 212 213 219 220
948 0 1 26 35 89 90 91 124 141
704 0 1 26 27 52 124 204 205
1069 0 1 26 50 87 88 124
652 0 1 48 49 124 130 207 208
350 0 1 28 89 90 124 146 228
643 0 1 57 88 124 146 185 193
626 0 1 16 51 57 88 124 146 185
1012 0 1 58 59 91 124 141 146
654 0 1 34 35 50 124 146 209
892 0 1 124 146 159 160 195 196
757 0 1 124 226 229 230
808 0 1 52 124 132 204 205 226
819 0 1 74 75 76 124
615 0 1 55 56 124 126 127 131
644 0 1 95 96 124 125 126 127
686 0 1 50 67 89 90 124
529 0 1 2 52 55 56 120 121 156 157
734 0 1 2 62 68 69 90
716 0 1 2 34 40 41 50 87 88 130
653 0 1 2 48 55 56 130 178
621 0 1 2 50 57 95 96 130
673 0 3 4 38 39 81 82 156 157
749 4 18 32 33 57 81 162 193
730 4 17 18 162 165 166 175 178
772 4 56 130 162 175 197
639 0 3 4 89 90 100 101
536 4 100 162 202 203 216
638 3 4 53 54 206 209 217 218
531 0 3 4 48 49 53 54
604 4 40 41 46 47 55 56 162
644 4 34 35 46 47 162 212 213
710 4 32 33 156 157 162
509 4 32 33 156 162 228
575 3 4 34 35 140 141 206 209
719 4 114 144 154 158 162
692 4 30 31 44 45 162
571 0 3 4 48 49 214 215
732 4 16 162 208 214
641 3 4 34 35 173 206 209 223
525 0 3 4 40 41 173 223
611 0 3 4 202 203 204 205
448 4 51 57 130 162 202 203
811 4 39 40 41 162 202
695 0 4 69 90 162
683 4 17 18 142 143 144 162
548 0 3 4 17 18 193 194
641 3 4 5 6 137 138
619 3 4 206 210 231
512 4 81 82 162 189 190
782 4 60 87 88 127 162
629 4 87 88 162 175 178
779 4 45 58 59 108 162
637 3 4 38 39 206 209
691 4 55 56 140 141 162 193 194
670 0 4 55 56 130 162
748 4 104 105 162 173 223
772 0 3 4 104 105
796 4 46 47 162 217 218
729 4 135 162 230
858 4 34 35 46 47 162
736 4 154 158 162
827 4 63 64 162 202 203
737 3 4 162 167
674 0 3 57 130 167 193
668 17 18 130 162 167
436 69 90 140 141 162 167
749 114 144 146 162 167
579 50 67 162 167
730 108 111 116 117 142 176 177 179 180
839 175 176 177 178 179 180 217 218
903 53 54 71 74 176 177 217
758 0 32 33 74 165 166 176 177
801 173 176 177 179 180 204 205 223
723 0 74 176 177
964 38 39 176 177 179 180 195 196
1015 75 76 173 179 180 185 186 223
837 38 39 75 76 179 180 195 196
657 0 3 4 34 35 175 178
413 0 3 4 53 54 156 157
718 0 3 4 34 35 44 45 195 196
830 0 3 4 30 31 44 45
921 0 3 4 158 161 173 223
869 0 3 4 39 63 64 202
438 0 3 167 226 229 230
827 0 1 31 124 125 133 207
797 0 1 70 124 125 130 158 161
241 0 1 11 124 125
504 0 1 57 124 130 146 149 201 206
713 0 1 26 27 124 130 149 201
247 0 1 74 124 149 176 177 201
1235 0 1 16 52 55 56 121 124 156
535 0 1 52 89 90 124
642 0 1 52 95 96 101 124 217
623 0 1 34 50 52 55 56 124 156 157
854 0 1 124 150 187
809 0 1 50 87 88 124 150 187 209
696 0 1 16 124 150 151 170 171
578 0 1 3 4 124
610 0 1 16 62 68 124
443 0 1 34 51 52 55 56 124 130
739 0 1 30 31 124 130 207 208
580 0 1 50 57 124 130 189 190
826 0 1 48 49 124 130 169 185
1021 0 1 80 124 130 155
771 0 1 40 41 55 56 91 124 130 141
745 0 1 26 35 108 111 124 219 220
807 0 1 26 51 52 58 59 124
630 0 1 124 146
871 0 1 74 75 76 124 207 208
735 0 1 42 43 55 56 124 146
743 0 1 91 124 141 146 217 218
768 0 1 16 51 124 146 209
1102 0 1 87 88 100 101 124 146
741 0 1 124 140 141 146 204 205
979 0 1 124 140 141 146 165 166
801 0 1 3 4 70 124 226
672 0 1 40 124 130 132 216 226
1030 0 1 34 35 52 124 131 132
686 0 1 50 124 210 219 220
604 0 1 124 130 158 161 170 171
541 0 1 9 63 64 124 199
667 0 1 2 120 189 190 228
665 0 1 2 130 135 230
590 0 1 2 34 130 158 161 173
718 0 1 2 50 57 130 189 190
578 0 1 2 16 51 57 130
640 4 17 18 162 165 166 175 178
676 4 71 100 162 210 211
569 0 4 23 130 162 232
614 4 53 54 162 212 213 217 218
482 4 30 31 53 54 162
656 0 3 4 40 41 46 47 55 56
545 4 46 47 162 165 188
793 3 4 32 205 206 209
650 4 34 35 45 108 140 141 162
847 4 17 18 57 114 144 162 193
709 0 4 44 45 48 49 130 162
703 4 48 49 162 214 215
740 4 84 154 158 162 233
629 4 162 173 212 213 217 218 223
254 0 4 30 31 130 162 173 223
754 4 16 162 223 224
736 4 34 35 162 202 203 212 213
483 4 63 64 162 202 203
634 4 39 45 108 162 202
683 0 4 130 162
731 4 17 18 162 217 218
581 4 17 18 50 162 204 205 209
763 4 17 18 162
587 4 12 13 162 173 209
712 4 46 47 146 162 231
664 0 3 4 187 200
739 4 50 57 87 88 162
605 4 87 88 162 188 225
706 4 50 162 209 233 234
521 4 40 41 53 54 58 59 162
617 4 38 39 156 162 228
715 4 53 54 55 56 156 157 162
589 4 55 56 162 216 227
775 4 50 95 96 162 209
667 4 89 90 114 144 162
670 4 50 162 204 205 209
688 4 46 47 162 165 166
793 4 30 130 162 208
636 4 57 162 193 214 215
617 4 40 41 162 202 203
682 62 67 68 162 167 173
714 53 54 130 156 157 162 167
822 26 35 45 108 162 167
689 16 28 29 146 162 167
790 3 146 167 206 209
651 50 146 162 167 209
740 126 127 131 162 167
750 165 166 173 176 177 179 180 209
720 38 39 81 82 176 177 179 180
957 71 74 100 137 138 176 177
754 0 46 47 74 176 177 217 218
882 44 45 176 177 179 180 185 186
817 176 177 179 180 202 203 217 218
868 0 74 176 177 187 200
1158 55 56 71 74 100 176 177
465 75 76 173 179 180 195 196 223
657 58 59 75 76 179 180 195 196
677 0 3 4 18 81 193 194
778 0 3 4 53 54 204 205
751 0 3 4 114 115 116 117
740 0 3 4 40 41 84 233
490 0 3 4 202 203 217 218
561 0 3 57 130 167 193
573 0 1 124 125 130 131 132 133 158 161
766 0 1 62 124 125 130 135 230
956 0 1 30 31 124 125 130 132
436 0 1 52 62 68 89 90 124 149 201
474 0 1 48 49 88 124 130 149 185 201
504 0 1 124 130 149 156 157 201 207 208
713 0 1 48 49 50 52 57 58 59 87 88
247
1235 0 1 28 52 55 56 124 146 228 231
535 0 1 22 52 124 235
642 0 1 16 52 62 124 135 136
623 0 1 34 50 52 89 90 124
786 0 1 124 150 187 212 213 219 220
711 0 1 50 124 150 187 189 190 209
838 0 1 50 87 88 124 150 187 209
586 0 1 16 124 150 151 170 171
796 0 1 3 4 124
1022 0 1 16 62 68 124
783 0 1 34 51 52 55 56 124 130
690 0 1 30 31 124 130 207 208
843 0 1 50 57 124 130 189 190
868 0 1 30 31 124 130 169 185
941 0 1 124 130 154 155
845 0 1 89 90 91 92 124 130
761 0 1 26 35 50 124 209 219 220
852 0 1 26 27 57 124 130 193
781 0 1 26 50 89 90 124
939 0 1 40 41 124 130 207 208
817 0 1 124 135 146 169 185 230
914 0 1 124 146 165 166 212 213
1012 0 1 124 146 191 192 204 205
1102 0 1 34 35 108 111 124 146
741 0 1 124 140 141 146 217 218
979 0 1 34 35 52 70 124 226
801 0 1 63 64 124 130 132 226
587 0 1 74 75 76 124 132 226
634 0 1 124 132 210 211 226
598 0 1 57 124 130 131 132 193
670 0 1 50 58 59 124 210
663 0 1 57 124 130 170 171 193
470 0 1 9 63 64 124 199
498 0 1 2 120 189 190 228
636 0 1 2 130 135 230
616 0 1 2 34 130 158 161 173
605 0 3 4 81 82 96 234
543 4 81 83 162 173 210
634 4 87 162 169 175 178
653 4 56 63 64 162 175
597 3 4 100 101 137 138 231
784 4 71 100 162 173 210
569 3 4 123 163 206 210
611 3 4 34 53 206 236
719 4 34 35 53 54 162 168 169
529 0 3 4 40 41 46 47 58 59
478 0 3 4 46 47 55 56
593 4 27 34 46 47 130 162
725 4 140 141 162 212 213 217 218
727 3 4 34 140 141 206
586 4 57 114 144 162 193
571 0 4 44 45 48 49 130 162
611 4 16 44 51 57 162 237
584 4 57 162 193 214 215
572 4 17 18 84 162 193 194 233
633 4 162 168 169 173 204 205 223
448 4 158 161 162 173 223
704 4 35 45 108 162 223
466 4 34 35 162 202 203
767 4 158 161 162 202 203
497 4 154 158 162 202 203
884 0 4 39 40 41 130 162 202
686 0 4 17 18 69 90 162
553 4 17 18 116 142 144 162
700 3 4 17 18 57 206
657 4 5 6 7 8 130 162
647 4 162 210 211 231
556 4 45 108 162 189 190
497 4 162 233 234
700 3 4 206 209 219 220
605 4 58 59 162
748 4 93 94 162 237 238
740 4 38 39 154 155 162
883 4 55 56 63 64 162
700 3 4 55 56 206 209
781 4 53 54 95 96 162
757 4 22 23 162
747 4 162 168 169 204 205
736 4 162 165 166 173 223
670 4 30 31 162 202 203
784 4 57 162 173 193 223
574 4 40 41 162 173 223
728 1 124 162 167 228 239
707 3 57 130 167 206
671 26 35 162 167 191 192
802 0 3 69 90 167
755 146 162 167 188 225
630 146 162 167 212 213
606 74 75 76 162 167
583 34 35 50 176 177 179 180 209
680 168 169 176 177 179 180 185 186
842 55 56 74 100 101 176 177 194 206
781 53 54 165 166 176 177 179 180
869 32 33 34 35 176 177 179 180
826 173 176 177 179 180 217 218 223
712 0 69 90 176 177 179 180
1177 0 74 176 177 219 220
852 75 76 84 179 180 193 194 233
657 75 76 179 180 181 182 183 184 185 186
819 0 74 75 76 116 117 142
752 0 3 4 16 56 175 197
889 0 3 4 46 47 55 56
643 0 3 4 44 45 48 49
240 0 3 4 84 193 194 233
826 0 3 4 135 202 203 230
277 0 3 63 64 130 167
785 0 1 11 124 125 131 133
515 0 1 62 124 125 130 158 161
868 0 1 124 125 130 132
1078 0 1 52 62 68 124 149 201
668 0 1 40 41 124 130 149 169 185 201
858 0 1 124 130 135 149 201 207 208 230
554 0 1 52 124 240 241
593 0 1 52 124 216 227 240 241
913 0 1 52 58 59 124
247 0 1 50 52 57 124 217 218 237 238
751 0 1 52 55 56 124 156 228 240 241
778 0 1 52 112 124 220
962 0 1 19 52 63 64 124 184
769 0 1 52 87 88 124 156 157 165 188
486 0 1 122 123 124 130 149 201
544 0 1 104 105 124 150 187 212 213
628 0 1 50 55 56 124 150 156 157 187 209
383 0 1 16 124 150 151
657 0 1 3 4 124
655 0 1 16 62 68 124 131 132
1023 0 1 27 34 124 130 146
774 0 1 34 50 89 90 124 130
843 0 1 51 57 124 130 146
641 0 1 40 124 130 216
868 0 1 52 124 130 197 240 241
941 0 1 124 130 212 213 219 220
646 0 1 26 35 124
751 0 1 11 26 35 123 124 125 163
767 0 1 26 51 52 124
625 0 1 26 34 35 50 124
697 0 1 26 35 124 207 208
734 0 1 34 35 124 146 169 185
575 0 1 87 88 91 92 124 146
695 0 1 124 146 191 192 204 205
579 0 1 34 35 108 111 124 146
809 0 1 53 124 146 219 220 236
628 4 81 82 162 242 243
666 4 81 90 162 175 178
566 4 56 81 82 156 157 162 175
699 4 56 162 173 175 209
509 0 3 4 89 90 100 101
637 4 100 162 214 215 216
641 4 45 53 162 236 238
574 3 4 53 54 165 166 206 209
616 4 53 54 57 162 193
552 4 46 47 55 56 156 157 162
607 0 3 4 46 47 165 166
604 4 32 33 51 57 130 162
710 0 3 4 32 33 57 193
509 4 116 140 141 142 144 162
571 4 57 140 141 162 173
611 4 34 35 44 45 162 212 213
584 4 44 45 60 127 162
634 4 44 130 162 197 237
737 0 3 4 185 186 214 215
613 4 84 162 168 169 233
682 4 34 35 162 168 169 173 223
620 0 3 4 40 41 173 223
762 0 3 4 202 203 204 205
472 4 154 158 162 202 203
466 0 4 39 40 41 130 162 202
653 0 4 17 18 69 90 162
668 4 17 18 47 162 204 205 244
640 4 17 18 34 50 162
632 4 146 162 212 213 245
542 4 12 13 93 94 162
734 4 17 18 162 181 182 183 184
575 3 4 149 201 231
667 4 162 173 189 190 209
563 4 45 108 162 189 190
668 4 87 88 156 157 162 175 178
775 3 4 87 88 206 209
556 4 162 173 209 233 234
619 4 162 191 192 240 241
587 4 58 59 154 155 162
595 4 50 57 162 237 238
632 4 38 39 114 144 156 157 162
701 0 4 38 39 130 162
960 0 3 4 55 56 193 194
583 0 3 4 55 56
898 4 95 96 162
689 4 77 78 162
780 4 47 162 204 205 244
856 4 140 141 162 165 166
960 4 16 30 162 208
873 4 57 140 141 162 193
783 4 40 41 53 54 162
833 120 162 167 228
769 130 154 158 162 167
355 130 162 167 216 227
714 0 3 26 35 167
728 26 35 162 167
683 81 82 162 167 246 247
605 162 167 228 246
697 146 162 167
731 162 167 172 173
838 34 35 108 111 176 177 179 180
685 176 177 179 180 204 205 244 248
583 74 81 83 176 177
817 71 74 100 137 138 176 177
884 0 34 35 53 54 74 176 177
848 0 32 33 34 35 74 176 177
828 84 176 177 179 180 185 186 233
840 39 176 177 179 180 185 186 202
944 0 74 87 88 176 177 193 194
1124 38 39 176 177 179 180
1069 0 74 75 76 173 217 218 223
765 75 76 179 180 181 182 183 184 185 186
825 55 56 74 75 76 81 83
774 0 3 4 56 156 157 175
819 0 3 4 48 49 53 54
872 0 3 4 57 114 144 193
643 0 3 4 40 214 215 216
826 0 3 4 173 195 196 223
644 0 3 130 167
483 0 3 16 131 132 167
750 0 1 10 11 62 124 125 198
869 0 1 31 70 124 125 207
298 0 1 74 75 76 124 125 132
1078 0 1 48 56 124 130 149 195 196 201
668 0 1 52 89 90 124 130 149 197 201
886 0 1 74 75 76 124 149 201 207 208
540 0 1 52 124 216 227 240 241
585 0 1 52 57 58 59 124 157 206 246
518 0 1 50 52 57 58 59 124 189 190
861 0 1 50 52 57 124 165 166 237 238
674 0 1 16 52 55 56 121 124 156
818 0 1 52 95 96 124
688 0 1 19 52 63 64 124 184
654 0 1 52 87 88 124 156 157 165 188
824 0 1 52 122 123 124
909 0 1 55 56 124 150 156 157 187 212 213
974 0 1 40 41 50 87 88 124 150 187 209
758 0 1 16 124 131 132 150 151
374 0 1 87 88 120 124 156 157 228
514 0 1 9 62 68 124 199
569 0 1 124 130 165 188 237 238
566 0 1 34 48 49 50 87 88 124 130
541 0 1 124 130 154 158
583 0 1 50 57 96 124 130 234
668 0 1 124 130 156 157 169 185
572 0 1 124 130 155 161
707 0 1 91 92 124 130 237 238
650 4 162 175 178
581 4 71 74 75 76 100 162
664 4 41 100 162 214 215
701 0 3 4 23 232
793 0 4 23 130 162 232
842 4 33 53 162 204 236
611 4 34 35 53 54 162 212 213
625 4 53 54 60 127 162
515 4 46 47 55 56 162 188 225
581 4 17 18 34 35 46 47 162
809 4 32 45 108 162 205
635 4 34 35 140 141 162
796 0 3 4 57 114 144 193
603 4 44 45 162 236 249
556 4 44 48 162 178 237
703 0 4 57 130 162 193 214 215
656 4 162 193 194 214 250
764 4 84 154 155 162 233
655 0 3 4 165 166 173 223
561 4 81 82 156 157 162 173 223
823 3 4 202 203 206 209 217 218
601 4 162 202 203 236 249
736 0 3 4 48 49 202 203
557 4 29 39 130 156 162 202
611 0 4 130 162
649 4 17 18 45 108 162 217 218
581 4 17 18 34 35 50 162 209
649 4 17 18 28 29 130 162
662 0 3 4 107 245 251
815 4 12 13 162
518 4 40 41 162 250 252
737 4 46 47 146 162 231
550 4 162 187 188 200 225
527 4 54 87 88 162 249
572 4 40 41 87 88 162
854 0 4 87 88 130 162
752 4 96 162 212 213 234
607 4 162 240 241
778 4 58 59 162 175 178
758 0 3 4 185 186 237 238
664 4 38 39 40 162 216
718 4 55 56 114 144 156 157 162
746 4 55 56 154 155 162
817 4 95 96 162 212 213
798 4 89 90 162 244 248
772 4 47 162 217 218 244
757 4 17 18 162 204 205
811 4 162 204 205
640 4 34 35 162 191 192
705 4 48 49 53 54 162
713 4 53 156 157 162 236
589 4 40 162 173 216 223
480 3 62 68 148 149 167
674 47 130 156 157 162 167 244
566 26 35 50 162 167 209
768 0 3 69 90 167
683 47 157 162 167 244 246
674 146 162 167 168 169
803 0 107 130 162 167 251
424 50 176 177 179 180 204 205 209
686 165 166 168 169 176 177 179 180
725 47 74 176 177 219 220 244 245
854 58 59 175 176 177 178 179 180
677 71 74 100 163 174 176 177
605 34 53 54 74 176 177 206
676 32 33 34 74 176 177 206
762 71 74 84 85 86 176 177
948 0 34 35 74 176 177 202 203
781 176 177 179 180
869 176 177 179 180 195 196 250 252
858 0 74 176 177 250 252
1006 0 58 59 74 176 177
936 74 75 76 194 206 214 250
1107 0 74 75 76 165 166 202 203
662 74 75 76 87 88 245
657 75 76 165 166 179 180
786 0 3 4 56 175 216 227
534 0 3 4 46 47 55 56
674 0 3 4 44 45 48 49
774 0 3 4 194 211 214 250
505 0 3 4 173 216 223 227
879 0 3 150 167 187
500 0 3 74 75 76 167
861 0 1 62 124 125 198 199
705 0 1 70 124 125 130 158 161
573 0 1 124 125 132 146 195 196
822 0 1 4 124 130 149 162 201
881 0 1 52 124 130 149 197 201 240 241
950 0 1 124 149 157 201 207 208 246
478 0 1 16 124 170 171
630 0 1 35 124 170 171 172 195 196
902 0 1 52 124 236 237 238 240 241 249
623 0 1 52 111 124 204 205 238
772 0 1 28 52 55 56 95 96 124 228
772 0 1 22 52 124 235
441 0 1 52 71 124 210 211 217
834 0 1 34 50 52 124 237 238
782 0 1 16 122 123 124 132 226
685 0 1 124 150 187 191 192 219 220
786 0 1 95 96 108 111 124 150 187
486 0 1 120 121 124 246 247
709 0 1 3 4 56 124 175 195 196
700 0 1 16 62 124 130 135 136
683 0 1 34 51 124 130 146
625 0 1 3 4 30 124 130 208
611 0 1 51 57 124 130 210 211
571 0 1 50 57 87 88 124 130
641 0 1 48 49 50 57 87 88 124 130
628 0 1 30 31 124 130 169 185
539 0 1 124 130 216 227
746 4 18 54 81 162 249
518 4 17 18 162 175 178 217 218
634 4 55 56 100 101 156 157 162
702 4 100 162 168 169 218
568 0 4 130 162 163 174
622 0 4 53 54 89 90 130 162
584 3 4 34 53 54 206
691 4 46 47 162 236 237 238 249
646 0 3 4 46 47 95 96
644 4 30 31 46 47 162
853 4 140 141 162 173 204 205 209
509 4 54 140 141 162 249
484 3 4 148 149 221 253
575 4 44 45 154 158 162
719 0 4 44 57 130 162 193 237
692 0 3 4 156 157 214 215
740 4 162 214 216 227 250
769 4 45 84 108 162 233
634 3 4 34 35 173 206 209 223
644 4 63 64 162 173 223
565 0 3 4 202 203 204 205
491 4 17 18 162 202 203 204 205
694 4 51 57 130 162 202 203
557 4 39 40 41 162 202
611 0 4 69 90 162
649 4 17 18 162 217 218
581 4 17 18 34 35 47 162 244
649 4 79 154 162
662 4 107 162 245 251
815 4 47 162 176 177 179 180 244
569 3 4 194 206 250 252
577 4 146 162 231
809 4 162 187 188 200 225
788 4 54 87 88 162 249
530 4 40 41 87 88 162
823 0 4 87 88 130 162
737 4 96 162 212 213 234
472 4 162 240 241
605 4 58 59 162 175 178
703 4 32 33 57 162 193 237 238
758 4 57 114 144 162 193 237 238
596 4 47 162 237 238 244
550 4 38 39 50 162 209
721 0 4 40 41 55 56 130 162
807 4 55 56 162 244 248
724 4 46 47 95 96 162
689 4 22 23 162 173 223
811 4 50 162 204 205 209
822 4 162 165 166 244 248
757 4 34 35 44 45 162
772 4 51 57 130 162
596 4 63 64 162 214 215
578 4 162 202 203 216 227
801 46 47 48 49 130 162 167
752 17 18 130 162 167 193 194
743 0 3 26 35 167
689 47 162 167 244 246 247
712 157 162 167 246
689 0 130 146 162 167
801 162 167 210 211
815 173 176 177 179 180 185 186 209
764 176 177 179 180 240 241 244 248
651 0 47 74 176 177 217 218 244
749 175 176 177 178 179 180 204 205
615 106 107 176 177 179 180
669 46 47 58 59 176 177 179 180
673 44 45 165 166 176 177 179 180
756 44 45 176 177 179 180 185 186
769 44 45 74 176 177 195 196 245
756 0 34 35 74 173 176 177 223
949 0 69 74 83 176 177
841 0 74 176 177 187 200
967 38 39 176 177 179 180 195 196
928 75 76 179 180 195 196 214 250
1226 34 35 75 76 179 180 202 203
585 75 76 179 180 195 196 233 234
834 75 76 179 180 195 196
682 0 3 4 55 56 100 101
433 0 3 4 46 47 95 96
698 0 3 4 44 45 57 193
643 0 3 4 214 216 227 250
704 0 3 4 16 223 224
654 0 3 130 135 167 230
712 0 3 107 167 251
763 0 1 62 124 125 195 196 198 199
955 0 1 70 124 125 130 195 196
786 0 1 124 125 132 226 229 230
775 0 1 48 49 124 130 149 201
944 0 1 52 55 56 124 130 149 197 201
461 0 1 124 149 201 207 208 226 229 230
581 0 1 3 4 124 149 201 253 254
596 0 1 40 41 50 52 55 56 57 58 59
642
863 0 1 28 52 55 56 124 228 237 238
593 0 1 52 55 56 60 124 230
1225 0 1 52 104 105 124
518 0 1 52 87 88 101 124 217
548 0 1 34 52 124 146 206
794 0 1 52 122 123 124 217 218
554 0 1 91 112 113 124 141 150 187
709 0 1 50 95 96 124 150 187 209
700 0 1 55 56 108 111 124 150 187
536 0 1 55 56 108 111 124 150 156 157 187
611 0 1 31 120 121 124 207
548 0 1 3 4 16 56 124 175 197
498 0 1 16 68 124 132
636 0 1 3 4 34 51 124 130
616 0 1 9 30 124 130 199 208
605 0 1 51 57 124 130 157 246
543 4 17 18 38 39 81 82 162
634 4 18 54 81 162 249
653 4 17 18 162 175 178 217 218
597 4 17 18 56 162 175 193 194
784 4 57 100 101 162 173 237 238
638 3 4 71 100 137 138
811 3 4 123 163 206 210
647 3 4 34 53 206 236
622 4 34 35 53 54 162 168 169
584 0 3 4 40 41 46 47 58 59
650 0 3 4 46 47 55 56
523 4 27 34 46 47 130 162
556 4 140 141 162 212 213 217 218
666 3 4 34 140 141 206
676 4 57 114 144 162 193
564 4 30 31 44 45 162
674 4 44 45 162 188 225
448 0 3 4 44 57 193 237
671 0 4 44 57 130 162 193 237
748 0 3 4 156 157 214 215
743 4 16 162 197 214 250
682 4 42 43 84 162 233
845 4 17 18 162 165 166 173 223
788 0 3 4 156 157 173 223
722 4 51 130 162 223
595 0 3 4 30 31 202 203
472 4 154 155 162 202 203
740 0 4 30 130 162 215
626 0 4 162 173 210
478 4 17 18 162 165 166 244 248
492 4 17 18 57 162 173
739 4 146 162 245
680 4 12 13 50 162 209
721 4 162 181 182 183 192
646 4 146 162 231 244 248
695 4 130 137 138 162 231
573 4 18 81 162 189 190
466 4 162 191 192 233 234
497 3 4 206 209 233 234
637 4 93 94 109 110 162 240 241
605 0 3 4 58 59 185 186
751 4 57 162 193 237 238
878 4 38 39 81 82 156 157 162
658 4 18 38 39 81 162
643 4 53 55 56 162 193 194 236
832 4 18 55 56 81 162
780 0 3 4 95 96
856 4 44 45 77 78 162
960 4 162 168 169 204 205
873 4 53 54 162 165 166
752 4 27 34 130 162
607 4 46 47 57 162 193
641 4 63 64 162
731 4 42 43 162
565 0 3 48 49 130 167
618 130 162 167 193 194
678 26 35 162 167
562 81 82 162 167 246 247
758 162 167 228 246
701 146 162 167
856 3 167 206 210
602 35 176 177 179 180 195 196 209
675 34 35 168 169 176 177 179 180
667 168 169 176 177 179 180 193 194
579 47 58 59 176 177 179 180 185 186 244
646 55 56 74 175 176 177 178 245
721 74 163 174 176 177 245
884 46 47 176 177 179 180 240 241
780 0 74 114 115 116 117 176 177
748 84 176 177 179 180 193 194 233
820 57 176 177 179 180 193 202 203
776 176 177 179 180 181 182 183 184 185 186
981 74 81 83 176 177 219 220
1200 34 35 176 177 179 180 195 196
673 75 76 173 179 180 185 186 223
834 75 76 107 179 180 231 251
825 55 56 71 74 75 76 100
677 0 3 4 56 156 157 175
299 0 3 4 30 31 53 54
752 0 3 4 48 49 114 144
929 0 3 4 63 64 214 215
674 0 3 4 34 35 173 195 196 223
240 0 3 4 40 202 203 216
755 0 3 146 167
959 0 1 52 55 56 124 125 133
869 0 1 62 124 125 130 195 196
610 0 1 31 62 124 125 207
766 0 1 30 31 124 125 130 132
797 0 1 3 4 124 149 201
1420 0 1 30 31 124 130 149 169 185 201
489 0 1 26 35 124 149 195 196 201
441 0 1 124 149 201 228 240 241 246
939 0 1 52 124 240 241
596 0 1 52 89 90 124 236 237 238 249
693 0 1 34 35 52 111 124 238
760 0 1 16 28 52 55 56 121 124
642 0 1 22 52 57 124 193 235
834 0 1 16 52 62 124 135 136
734 0 1 34 50 52 55 56 124 156 157
625 0 1 16 122 123 124
591 0 1 124 139 145 150 187 191 192
709 0 1 3 4 124 150 151
583 0 1 120 121 124 157 246
560 0 1 3 4 100 101 124 237 238
809 0 1 124 130 135 136 229 230
751 0 1 34 51 124 130 246 247
652 0 1 30 31 124 130 207 208
594 0 1 51 57 124 130 210 211
668 0 3 4 89 90 100 101
499 4 100 162 168 169 218
650 3 4 97 98 99 206 209
793 4 18 53 89 162 236
615 4 33 53 162 204 236
772 4 17 18 53 54 162 165 166
605 4 53 54 57 162 193
691 4 46 47 162 237 238
645 4 17 18 46 47 89 90 162
581 0 3 4 32 33 48 49
691 4 140 141 162 217 218
793 4 30 140 141 162 215
652 0 3 4 114 144 156 157
791 4 44 45 162 236 249
748 0 3 4 44 45 185 186
532 4 44 162 212 213 237
671 0 4 40 41 130 162 214 215
571 4 162 214 216 227 250
575 3 4 84 206 209 233
596 0 3 4 165 166 173 223
583 0 4 57 130 162 173 193 223
556 4 16 162 223 224
713 4 162 165 166 202 203
572 4 57 162 193 202 203
593 4 39 63 64 162 202
254 0 4 17 18 130 162
644 0 4 162 173 210
475 4 17 18 142 143 144 162
557 4 17 18 162 242 243 255 256
473 4 146 162 203 245 257
767 4 162 173 210 245
512 4 162 193 194 258 259
710 4 81 82 162 258 259
577 4 100 162 256 258 259
680 0 3 4 181 182 183 184
737 4 162 255 256
510 4 154 155 162 255 256
695 4 130 148 149 162 231 253 254
638 4 162 187 200 212 213
670 0 3 4 189 190
803 4 162 233 234
757 4 162 240 241 244 248 255 256
577 4 50 58 59 162 194
706 4 57 114 144 162 193 237 238
775 4 108 111 162 237 238 255 256
599 4 38 39 162 216 227
655 0 3 4 55 56 156 157
712 4 50 55 56 162 194
705 4 55 56 162 175 178 255 256
681 4 47 95 96 162 244
721 4 89 90 162 191 192
813 4 162 191 192 217 218
750 4 53 54 162 204 205
715 4 46 47 162 165 166
731 4 34 35 162 173 223
660 4 16 51 57 162
670 4 16 29 156 162
783 4 16 162 197
587 1 124 130 162 167
838 50 62 67 68 162 167
702 57 130 162 167 173
776 26 35 162 167 257 260
825 18 69 81 90 162 167
689 100 162 167 246 247 256
701 0 3 157 167 246
723 146 162 167 175 178 255 256
813 74 75 76 162 167
728 162 167 172 173
642 39 176 177 179 180 185 186 257
630 108 111 176 177 179 180 217 218
775 0 58 59 74 176 177 244 248
750 47 165 166 176 177 179 180 244
822 0 74 165 166 175 176 177 178
817 74 106 107 176 177 245
839 0 46 47 58 59 74 176 177
929 0 44 45 74 165 166 176 177
822 0 74 173 176 177 217 218 223
926 0 74 130 176 177 194 206
822 74 176 177 194 206 250 252
795 0 74 176 177 219 220
987 176 177 179 180 195 196
1000 75 76 173 179 180 195 196 223
1094 75 76 179 180 195 196 255 256
846 55 56 74 75 76 81 83
835 0 3 4 34 35 175 178
815 0 3 4 100 195 196 256
541 0 3 4 30 31 46 47
793 0 3 4 44 45 195 196
870 0 3 4 63 64 214 250
883 0 3 4 40 41 214 250
542 0 3 4 63 64 173 223
594 0 3 4 39 194 202 211
569 0 3 16 70 167 226
868 0 1 124 125 130 133 195 196
942 0 1 52 70 89 90 124 125
369 0 1 31 124 125 132 207
844 0 1 124 130 135 136 149 201 229 230
1036 0 1 40 41 88 124 130 149 185 201
631 0 1 124 130 149 201 207 208 216 227
697 0 1 124 149 201 222 254
712 0 1 50 52 57 58 59 87 88 124 156
720
707 0 1 52 60 124 127 237 238
703 0 1 52 55 56 60 124 127
584 0 1 52 112 124 220
701 0 1 19 52 63 64 124 182 183 184
628 0 1 52 124 204 205
611 0 1 34 50 52 55 56 124
641 0 1 11 122 123 124 125
749 4 81 82 87 162 169
541 4 81 83 107 162 251
701 4 45 81 90 108 162
559 0 3 4 34 35 175 178
677 4 56 162 175 194 211
691 4 50 57 100 101 162 237 238
638 4 67 71 100 162 173
233 4 63 64 100 162 173 223 256
605 4 100 140 141 162 218
530 4 17 18 162 163 174
742 4 17 18 53 89 90 162 236
598 4 53 89 90 162 236
773 4 53 54 162 165 166 168 169
650 0 4 53 54 57 130 162 193
523 0 4 46 47 130 162 237 238
569 0 3 4 46 47 89 90
583 4 32 33 162 236 249
700 4 45 108 140 141 162 217 218
569 4 140 141 162
683 3 4 57 114 144 206
556 4 30 31 44 45 162 255 256
536 4 40 44 45 162 216 255 256
601 4 42 43 44 162 237
523 4 63 64 162 214 215
823 4 16 162 197 214 250
739 4 42 43 84 162 233
743 3 4 165 166 173 206 209 223
480 4 51 57 130 162 173 223
754 4 162 223 224 228 239
448 0 3 4 165 166 202 203
469 0 4 57 130 162 193 202 203
556 4 29 39 130 156 162 202
785 0 4 57 130 162 173
827 0 4 17 18 162 174 261
694 4 17 18 45 108 162 204 205
592 4 17 18 34 35 162 244 248
458 4 17 18 50 57 162
469 4 17 18 57 162 173
566 0 3 4 146 245
773 4 162 201 245 262
640 4 28 29 130 162 258 259
778 4 100 162 176 177 179 180 256
662 4 102 103 162
838 4 162 244 248 250 252
526 4 40 162 216 255 256
509 4 146 162 231
667 4 130 162 164 231 261
530 4 130 151 162 200
803 4 48 87 88 162 178 255 256
551 0 3 4 40 41 87 88
553 4 50 87 88 162 209
724 4 162 212 213 233 234
715 4 96 162 175 178 234
718 4 162 240 241
611 4 58 59 162 244 248
