264 3425
996 0 1 2 3 4
980 5 6 7 8 9 10 11
996 0 1 2 3 4
961 12 13 14 15 16
409 3 4 5 6
959 17 18 19 20 21 22 23
279 0 3 4
409 3 4 5 6
621 0 3 4 12 13
980 5 6 7 8 9 10 11
633 24 25 26 27 28 29
469 0 3 4
339 22 23 25 26 27 28
614 0 1 2 3 4
1364 0 16 30 31
40 22 23
606 3 4 22 23 32 33
279 0 3 4
637 0 7 8 16
536 5 6 7 8 16
263 14 15 16
911 3 4 12 13 32 33
769 16 22 23 32 33
929 0 1 2 30 34 35 36
1081 0 7 8 9 10 11
1140 9 10 11 17 18 32 33
40 22 23
697 24 25 26 29 37 38
767 34 35 36 39 40 41 42
831 0 3 4 35 36
788 30 31 43 44
575 16 32 33
780 0 3 4 27 28 45 46
332 0 3 4 7 8
959 17 18 19 20 21 22 23
1348 5 6 7 8 16
345 3 4 31 47
811 24 25 26 27 28 29
333 48 49
891 3 4 27 28 31 47
966 3 4 32 33 50 51
1083 27 28 30 31 47 52
661 24 29 45 46
570 0 3 4 25 26 53 54
922 0 1 2 30 34 53 54
749 0 30 52 55 56 57 58
961 0 7 8 50 51 53 54 59
934 0 7 8 25 26 53 54 59
1081 0 7 8 9 10 11
821 0 3 4 27 28 45 46
1187 0 30 34 53 54
479 17 18 34 47 57 58
659 3 4 7 8 17 18 60 61
525 12 13 32 33 59
598 5 6 47 52 59
669 3 4 45 46 53 54 60 61 62 63
829 25 26 37 38 53 54 59 60 61
632 35 36 39 41 42 57 58 59
772 25 26 27 28 47 52 55 56 57 58
844 16 25 26 37 38 57 58 60 61
539 30 32 33 53 54 57 58 59 61
605 3 4 31 47 55 56 57 58
502 22 23 50 51 64 65
433 22 23 25 26 64 65
761 3 4 37 38 47 52 60 61
504 47 59 61
774 37 38 45 46 47 59 61
208 66 67
807 47 57 58 59 61 62 63 66 67
1042 16 60 61 64 65 66 67
680 3 4 27 28 45 46 60 61
615 7 8 57 58 59 60 61
632 47 50 51 57 58 59 61 64 65
1020 16 25 26 27 28 60 61
906 16 25 26 37 38 60 61
995 14 15 16
1036 16 30 31 32 33
641 16 32 33
1085 9 10 11 32 33
784 34 47 55 56 57 58
1160 39 41 42 59
890 0 12 13 53 54 59
711 37 38 45 46 53 54 59 60 61
968 50 51 53 54 59 60 61 64 65
769 0 25 26 35 36 57 58 59
465 0 57 58 59
1077 12 13 57 58 59 60 61
799 35 36 39 41 42 57 58 59
815 45 46 53 54 57 58 59 60 61
992 32 33 50 51 53 54 57 58 59
956 25 26 27 28 57 58 59 60 61
1247 57 59 60 61 64 65 67
627 0 47 52 59
1015 0 47 52 57 58 59
1020 32 33 47 50 51 52 57 58 59
1064 0 30 47 52 59 61
598 5 6 59
1406 32 33 53 54 59
1157 25 26 57 58 59 60 61
779 24 29 32 33 57 58 59
1219 0 59 66 67
1146 25 26 37 38 47 59 61
912 3 4 27 28 60 61
837 3 4 17 18 47 52 60 61 62 63
911 3 4 12 13 32 33
917 3 4 53 54 60 61
726 3 4 25 26 47 57 58 61
606 3 4 22 23 32 33
711 3 4 27 28 60 61 66 67
618 3 4 53 54 60 61 62 63 66 67
752 3 4 25 26 27 28 47 61
672 30 47 52 61 62 63
473 30 31 47 52
641 30 31
411 7 8 16 60 61
571 53 54 60 61 62 63 68 69
442 16 32 33 57 58
519 16 60 61
558 24 29 37 38 66 67
279 0 3 4
969 0 3 4 50 51 64 65
863 0 1 2 7 8 30 52
929 0 35 36 39 59 70
749 0 30 52 55 56 57 58
569 0 3 4 30 31 71 72
750 0 7 8 24 29 59
1018 0 7 8 16 40 61
1077 0 25 26 34 47 57 58 59
885 0 30 31 35 36 59
932 0 3 4 7 8
807 16 17 18 32 33 57 58 59 60 61
974 17 18 35 36 59 60 61
513 12 13 47 52 55 56
536 5 6 7 8 16
504 3 4 7 8 53 54 60 61
447 32 33 53 54 59
316 14 35 36 69
1058 47 50 51 52 57 58 64 65
433 25 26 53 54 57 58 62 63
754 25 26 53 54 57 58 59 60 61 62 63
507 3 4 14 15 57 58
971 16 30 32 33 57 58 61
40 22 23
825 27 28 47 52 57 58 59 60 61
643 3 4 31 47 57 58 62 63
732 39 47 59 61 70
605 3 4 37 38 45 46 60 61
703 27 28 47 57 58 59 61 66 67
639 37 38 47 57 58 59 61 66 67
494 59 60 61
769 3 4 45 46 60 61 62 63
763 7 8 59 60 61
830 41 42 59 73
777 22 23 25 26 27 28
663 22 23 25 26 37 38
882 25 26 55 56 64 65
771 32 33 39 59 70
333 48 49
864 25 26 34 47 55 56 57 58
847 0 16 39 70
562 8 16 41 42 57 58 73 74
1101 41 42 59 73
971 25 26 27 28 53 54 59 60 61
960 25 26 53 54 57 58 59 60 61
1134 53 54 59 60 61 66 67
595 32 33 53 54 59
835 0 35 36 45 46 59
790 0 1 2 7 8 57 58 59
875 0 12 13 57 58 59
936 12 13 32 33 53 54 57 58 59
527 47 57 58 59 61
1175 32 33 57 58 59 66 67
1045 41 42 57 58 59 73
723 32 33 48 49 57 58 59
780 5 6 24 29 59
441 5 6 7 8 47 52 59
1110 32 33 45 46 47 52 59
715 31 47 59
636 0 59
928 0 1 2 39 59 70
1376 17 18 59 60 61
916 14 15 53 54 59
1136 47 50 51 57 58 59 61
1133 12 13 32 33 57 58 59
1046 45 46 47 59 61 64 65
999 16 32 33 57 58 59 60 61
749 3 4 17 18 27 28 47 52 60 61
709 3 4 5 6 53 54 62 63
394 3 4 17 18 47 61
770 3 4 32 33 50 51 53 54
641 0 3 4 35 36 39 70
435 3 4 32 33 48 49 57 58
361 3 4 31 47
701 0 3 4 7 8 66 67
758 3 4 25 26 47 61 64 65
1258 11 47 61 70
576 30 52 60 61 64 65
88 30 61
844 16 30 31 32 33 57 58
898 34 40 53 54 60 61
697 0 68 69
779 0 16 39 57 58 70
844 16 39 41 42
625 24 29 62 63 66 67
693 0 3 4 25 26 64 65
822 0 3 4 45 46 62 63
875 0 1 2 7 8 59
976 0 16 39 40 61 70
973 0 24 29 30 34
683 0 39 59 70 71 72
498 0 7 8 59
740 0 7 8 30 59 61
1302 0 35 36 50 51 59
929 0 35 36 39 59 70
1194 0 30 34 35 36
828 7 8 17 18 47 59 61
690 7 8 17 18 53 54 59 60 61
696 16 17 18 32 33
426 5 6 57 58 59
847 50 51 53 54 57 58 59 60 61
834 3 4 53 54 60 61
877 25 26 32 33 53 54 57 58 59
281 3 4 32 33 53 54
837 3 4 25 35 36 75
191 50 51 57 58
651 3 4 25 26 37 38 47 57 58 61
432 32 33 57 58 59
279 32 33 57 58 76 77 78
454 55 56 57 58 66 67
973 27 28 47 52 59 60 61
881 47 52 76 77 78 79 80
691 3 4 27 28 45 46 47 61
774 37 38 45 46 47 59 61
876 45 46 59 79 80
330 22 23 62 63 66 67
826 59 60 61 64 65 66 67
933 50 51 57 58 59 60 61
1065 16 60 61 70 73
820 34 40 57 58 60 61
461 47 50 51 52 64 65
884 25 26 27 28 47 59 61
810 25 26 37 38 47 59 61
857 25 26 59 79 80
378 3 4 32 33
1020 16 32 33 40 61
866 31 47 55 56 59
868 16 39 41 42 57 58
731 3 4 39 41 42
877 41 42 57 58 59 73
855 11 32 33 70
1092 12 13 53 54 59 60 61
762 45 46 53 54 59 79 80
539 53 54 59 60 61
875 0 30 35 36 52 59 60 61
1158 35 36 50 51 59 60 61
275 0 39 57 58 59 70
798 0 7 8 12 13 57 58 59
984 5 6 53 54 57 58 59
527 47 57 58 59 61
699 37 38 45 46 47 57 58 59 61
1119 57 58 59 60 61 66 67
723 32 33 48 49 57 58 59
1160 25 26 47 57 58 59 61
618 5 6 7 8 22 23 59
1208 17 18 47 52 59 60 61
835 5 6 7 8 47 52 57 58 59
999 25 26 27 28 47 52 59 60 61
1002 0 1 2 7 8 59
666 17 18 32 33 59
595 32 33 53 54 59
1136 47 50 51 57 58 59 61
1220 17 18 32 33 57 58 59
908 37 38 45 46 59 60 61
1424 47 59 61 66 67
1202 14 15 59
741 3 4 31 53 54 60 62 63
826 3 4 5 6 47 52 62 63
380 3 4 5 6
972 3 4 32 33 53 54
660 3 4 25 26 37 38 57 58 60 61
488 3 4 22 23 31 47 64 65
789 3 4 45 46 60 61
671 3 4 50 51 79 80
747 26 39 70 79 80 81
1080 27 28 30 31 52 60
658 14 15 30 52 57 58
1114 30 34 35 36 60 61
762 7 8 16 25 57 58 75
263 32 33 57 58 76 77 78
898 26 60 61 64 65 81
312 15 68
868 16 25 26 27 28 57 58 60 61
850 16 32 33 45 46
838 0 7 8 16
579 0 3 4 35 36 82 83
555 0 3 4 45 46
805 0 57 58 76 77 78
451 0 3 4
1142 0 1 2 16 70 73
264 0 39 57 58 59 70
770 0 11 70
863 0 30 31 57 58 59
620 0 39 57 58 59 70 71 72
363 0 7 8 53 54 59
740 0 7 8 30 59 61
505 0 35 36 59
812 0 34 35 36 39 40 70
1028 0 7 8 16 30 61
393 3 4 17 18 47 61
830 3 4 17 18 47 52 60 61 62 63
636 17 18 32 33 47 52 59
633 14 15 16 18 82 84 85
609 12 13 16 32 33
575 5 6 59
1400 5 6 9 10 11
927 34 53 54 60 86 87
644 30 31 32 33 53 54 59
837 3 4 25 35 36 75
745 7 8 16 39 41 42 57 58
958 16 25 26 27 28 57 58 60 61
1061 25 26 27 28 47 52 57 58
362 30 32 33 52 57 58
436 32 33 48 49 57 58 76 77 78
714 3 4 7 8 57 58 72 82
798 22 23 45 46 64 65
789 53 54 62 63 86 87
912 47 52 62 63 86 87
643 3 4 31 47 57 58 62 63
779 3 4 45 46 47 61 62 63
636 37 38 45 46 53 54 59 60 61
712 45 46 48 49 64 65
894 45 46 55 56 64 65
1021 16 27 28 60 61 66 67
907 16 37 38 60 61 66 67
923 25 26 53 54 59 60 61
635 34 35 36 39 40 60 61 70
628 7 8 53 54 59 60 61
701 35 36 41 42 59 73
684 50 51 57 58 59 79 80
819 22 23 25 26 62 63
666 25 26 53 54 59 60 61 64 65
995 14 15 16
764 30 31 32 33 47 52 59
936 50 51 53 54 55 56
767 34 35 36 39 40 41 42
673 35 36 39 41 42 57 58 59
257 16 41 42 57 58 73
601 3 4 41 42 57 58 73
992 25 26 53 54 59 60 61 64 65
1016 25 26 32 33 53 54 57 58 59
954 53 54 59 60 61 64 65 66 67
857 25 26 37 38 53 54 59 60 61
446 5 6 35 36 59
1182 25 26 35 36 59 60 61
849 0 30 52 57 58 59 60 61
1077 12 13 57 58 59 60 61
799 35 36 39 41 42 57 58 59
504 31 47 57 58 59
917 0 57 58 59 66 67
980 25 26 47 57 58 59 61 64 65
977 25 26 57 58 59 60 61 64 65
1247 57 59 60 61 64 65 67
667 0 7 8 59 86 87
527 0 7 8 47 52 59
965 12 13 32 33 47 52 57 58 59
568 47 52 59 60 61
911 37 38 45 46 47 59 61
928 0 7 8 17 18 47 52 59
971 25 26 27 28 53 54 59 60 61
1187 18 35 36 59 60 61 82
901 14 15 57 58 59
982 0 39 57 58 59 70
1056 0 7 8 57 58 59
1002 32 33 59 86 87
1265 47 59 61 62 63 66 67
1434 50 51 59 60 61
431 3 4 27 28 47 61
732 0 3 4 57 58 62 63
638 0 3 4 7 8 17 18 47 52
659 3 4 12 13 53 54 60 61
851 3 4 17 18 32 33 53 54
707 3 4 25 57 58 75
782 3 4 17 18 47 57 58 61
473 3 4 24 29 32 33 57 58
650 3 4 37 38 47 61 66 67
966 3 4 32 33 50 51
728 70 73
624 30 31 47 52 62 63
374 30 32 33 52 57 58
897 0 30 34 57 58
750 0 7 8 16 25 26 57 58
263 32 33 57 58 76 77 78
889 26 37 38 60 61 81
844 16 32 33 40 61
913 16 32 33 50 51 57 58
831 16 45 46 60 61 64 65
832 16 25 26 60 61 64 65
663 24 25 26 29 62 63
279 0 3 4
734 0 3 4 82 83 88 89
812 0 1 2 7 8 16 39 70
727 0 1 2 7 8 57 58 59
689 0 3 4 39 62 63 70 90 91
1157 0 39 70 71 91
872 0 30 34 53 54 90 91 92 93
1088 0 27 28 30 52 90 91
370 0 66 67 71 83 94 95
998 0 30 34 71 72 90 91
901 0 66 67 71 82 83 91 94 95
1251 0 7 8 11 70
1081 0 7 8 9 10 11
1105 0 59 71 72 90 91
781 0 3 4 57 58 62 63
920 0 30 31 59
717 0 71 91
573 17 18 19 20 21 90 91
1011 17 18 47 59 61
641 16 17 18 60 61
464 17 18 32 33 57 58 59
981 35 36 50 51 82 83 84 85
633 14 15 16 18 82 84 85
1048 27 28 66 67 84 85
997 53 54 62 63 84 85
513 12 13 47 52 55 56
486 12 13 53 54 92 93
949 12 13 57 58 71 72 82 83
928 5 6 19 20 21 57 58 59
961 5 6 7 8 47 52 59
889 37 38 66 67 90 91 94 95
432 3 4 30 31 60 61 94 95
395 34 35 36 60 94 95
931 37 38 52 60 66 67 94 95
787 39 41 42 59 94 95
971 25 26 47 52 62 63 90 91 92 93 94
644
510 14 47 52 69 92 93 94 95
716 3 4 32 33 39 70 94 95
717 6 32 38 47 52 76 77 94 95
797 30 31 47 52 55 56 94 95
916 59 60 61 88 89 94 95 96 97
1061 31 47 71 91 92 93 94 95
227 18 19 20 21 82 90 91 94 95
459 53 54
708 25 26 34 53 54 60 94 95
644 3 4 25 26 27 28 53 54 60 61
237 30 31 32 33 53 54 59
895 35 36
445 25 26 35 36 55 56 57 58
615 35 36 82 83 84 85
859 3 4 39 41 42 57 58
890 25 26 27 28 57 58 59 60 61
576 25 57 58 59 75
977 14 15 57 58 76 77 78
910 16 30 31 32 33 57 58
853 50 51 53 54 55 56 57 58
866 31 47 57 58 59 96 97
921 30 31 57 58 59 72 82 90 91
1016 27 28 57 58 82 88 89 91
780 16 60 61 88 89 96 97
963 7 8 59 72 82 88 89
738 27 28 47 52 59 60 61 88 89
431 37 38 53 54 88 89 90 91 92 93
860 35 36 90 91 92 93
746 24 29 90 91 92 93
850 19 20 21 90 91 92 93 94 95
696 3 4 18 32 33 82 90 91
816 25 26 57 58 62 63 90 91
577 3 4 31 37 38 47 90 91
538 82 83 84 85 86 87 98 99 100
382 22 23 27 28 86 87
931 47 52 88 89 92 93
1050 47 52 62 63 88 89 90 91 92 93
610 47 52 55 56 64 65 66 67
989 3 4 31 39 47 70
646 47 50 51 57 58 59 61
816 3 4 7 8 47 61
706 45 46 47 59 61 64 65
590 66 67 82 83 94 95 98 99 100
795 3 4 53 54 60 61 62 63 66 67
751 37 38 47 52 66 67 90 91 92 93
379 53 54 55 56 64 65 66 67
635 59 60 61 88 89
422 34 35 36 39 40 60 61 70
920 7 8 16 60 61
801 39 41 42 71 91
777 47 50 51 52 59 60 61 64 65
988 22 23 25 26 27 28
831 25 26 47 52 62 63 90 91 92 93
857 25 26 37 38 47 52 59 60 61
47 25 26 59 79 80
474 16 32 33
612 30 32 33 52
779 25 26 27 28 48 49 90 91
767 16 32 33 55 56 57 58
435 34 35 36 39 40 41 42
731 16 39 41 42
674 3 4 39 41 42
808 0 16 57 58 70 73
601 16 41 42 57 58 73
773 3 4 35 36 41 42 73
813 0 25 26 34 53 54 59 60 94 95
963 0 7 8 12 13 53 54 59
842 17 18 32 33 53 54 59 94 95
847 0 53 54 59 88 89
992 53 54 59 66 67 79 80
875 32 33 50 51 53 54 57 58 59
935 0 30 35 36 52 59 60 61
550 5 6 35 36 59 94 95
870 35 36 59 60 61
693 25 26 57 58 59 79 80
721 0 3 4 25 26 64 65
969 57 58 75 76 77 78 101
815 0 3 4 50 51 64 65
575 0 1 2 66 67 71 83 94 95
902 0 29 39 59 70 102
296 0 34 39 40 70 90 91
848 0 30 34 94 95
914 0 30 31 34 47 59
1044 0 30 59 61
760 0 24 29 71 83
349 0 18 57 58 59 60 61 71
1078 0 7 8 57 58 59
640 0 7 8 16 39 70
923 0 7 8 75 76 77 78 81
1077 0 25 35 36 57 58 59 103
929 0 25 26 34 47 57 58 59
907 0 35 36 39 59 70
914 0 39 57 58 59 70
1008 0 30 59 61
566 0 71 91 94 95 101 103
420 17 18 47 52 90 91 92 93
797 17 18 53 54 59 60 61
638 17 18 34 35 36 60 92 93 94 95
796 17 18 32 33 59 90 91
593 66 67 82 83 84 85 94 95
744 3 4 7 8 72 82 84 85
1054 34 40 57 58 75 84 85 101
1053 27 28 47 52 84 85
724 9 10 11 12 13 32 33
636 12 13 34 53 54 60 92 93 94 95
1104 12 13 57 58 82 83
939 12 13 71 75 91 101
960 5 6 34 47 59 94 95
673 5 6 7 8 59 90 91
867 34 40 57 58 75 101 102 104
567 53 54 62 63 102 104
588 3 4 53 54 60 61 62 63 66 67 94
902
768 3 4 60 61 88 89 94 95 101 103
1045 16 30 31 60 61 94 95
623 34 35 36 60 88 89 92 93 94 95
605 27 28 52 60 66 67 94 95
980 16 39 40 41 42 61 94 95
448 3 4 25 26 53 54 60 61 62 63 94
671
429 7 8 16 25 75 94 95
415 32 33 59 94 95
782 30 31 32 33 59 90 91 94 95
808 3 4 32 33 48 49 94 95
582 94 95 96 97 105 106 107 108
900 35 36 59 60 61 94 95 96 97
951 24 29 92 93 94 95
669 71 72 82 91 94 95
834 27 28 82 91 94 95 107 108
507 75 76 77 78 94 95 101
689 34 40 53 54 60 61 94 95
541 3 4 53 54 60 61
781 3 4 14 15 53 54
642 30 32 33 53 54 59 61
657 30 32 33 53 54 57 58 59 61
953 35 36 39 41 42 59
1075 35 36 55 56 57 58 96 97 107 108
588 34 35 36 60 88 89 92 93 94 95
795 18 35 36 59 60 61 82
611 16 41 42 57 58 73
629 3 4 25 26 53 54 57 58 60 61 62
686
729 25 34 35 36 40 57 58 75
765 14 15 30 52 57 58
905 30 31 32 33 57 58 59
956 25 26 48 49 57 58 62 63 90 91
573 34 47 55 56 57 58 107 108
825 35 36 57 58 59 60 61 96 97
887 7 8 57 58 59 72 82 90 91
950 37 38 57 58 66 67 82 91
640 88 89 90 91 92 93 94 95 96 97 105
884
867 82 83 84 85 88 89
689 59 75 88 89 101
719 27 28 47 52 88 89 90 91 92 93
744 47 52 62 63 88 89
828 47 57 58 59 61 62 63 88 89
1253 3 4 47 61 62 63 88 89
939 57 58 101 103 107 108 109 110
1189 53 54 59 60 61 62 63 107 108
984 22 23 62 63 107 108
433 19 20 21 88 89 90 91 92 93
585 16 18 32 33 82 90 91
736 27 28 47 52 88 89 90 91 92 93
402 25 26 53 54 62 63 90 91
585 37 38 90 91 107 108
674 22 23 25 26 64 65
1050 48 49 64 65 86 87
627 29 45 46 96 97 102
847 47 52 55 56
821 27 28 47 52 90 91
850 45 46 47 52 62 63
901 47 52 55 56 64 65 66 67
788 31 39 47 57 58 59 70
420 7 8 30 31 47 52
562 30 34 47 61 94 95
907 16 37 38 45 46 60 61
790 45 46 59 79 80 90 91
714 27 28 66 67 90 91 94 95 101 103
526 57 58 62 63 66 67
582 37 38 47 52 66 67 92 93 94 95
690 55 56 64 65 66 67
667 16 32 33 57 58 59 60 61
881 3 4 27 28 60 61 66 67
675 3 4 30 31 60 61
734 34 35 36 39 40 41 42
624 47 50 51 52 55 56 64 65
710 3 4 50 51 79 80
812 25 26 27 28 59 60 61
383 0 3 4 47 52 62 63
546 0 3 4 82 83 88 89
734 0 1 2 3 4 39 70
874 0 1 2 3 4 7 8
721 0 34 35 36 39 40 70
575 0 30 34 35 36
1028 0 16 30 61
1275 0 30 31 59 71 72
821 0 7 8 59 111 112
920 0 7 8 30 31 59 90 91
1081 0 3 4 7 8 30 61
1186 0 7 8 16 30 61
1008 0 25 26 35 36 59
678 0 3 4 27 28 45 46
720 0 30 31 59
1066 0 7 8 9 10 11
802 17 18 27 28 47 52 90 91
1143 17 18 59 60 61
1104 84 85 86 87 96 97
1479 82 83 84 85 86 87
679 47 52 65 84 85 113
809 37 38 84 85 88 89
656 12 13 16 60 61 96 97
498 12 13 71 75 91 101
988 5 6 11 70
707 59 75 88 89 101 102 104
840 37 38 47 52 102 104
1055 66 67 94 95 101 102 103 104
833 35 36 39 59 60 61 70 94 95
702 7 8 16 60 61 94 95
1176 3 4 31 34 47 60 94 95
254 35 36 59 60 61 94 95
337 16 41 42 73 94 95
704 25 35 36 59 75 94 95
1065 14 15 47 52 59 94 95
903 11 32 33 70 94 95
782 25 26 48 49 94 95
1122 55 56 94 95 107 108
1097 3 4 31 47 94 95 96 97
1028 94 95 107 108 113 114
1004 82 83 84 85 94 95
1133 3 4 18 47 61 82 94 95
325 25 26 65 82 91 94 95 113
148 82 91 94 95 109 110
889 59 75 90 91 94 95 101
931 34 53 54 60 66 67 94 95
191 25 26 53 54 109 110
657 53 54 55 56 88 89
926 25 26 35 36
558 35 36 86 87 96 97
1111 35 36 82 83 86 87
318 50 51 57 58
321 25 26 29 57 58 62 63 102
362 25 34 40 57 58 75 90 91
562 14 15 57 58 59 88 89
894 16 32 33 39 57 58 70
714 48 49 57 58
807 55 56 57 58 111 112
845 57 58 86 87 96 97
594 35 36 57 58 113 114
713 57 58 65 96 97 107 108 113
902 3 4 7 8 57 58 72 82
615 37 38 57 58 82 88 89 91
797 22 23 26 27 28 57 58 101
684 27 28 47 52 92 93 94 95 111 112
552 22 23 62 63 111 112
1038 37 38 90 91 111 112
897 19 20 21 88 89 92 93 94 95
840 53 54 65 88 89 92 93 113
836 82 88 89 91 92 93 94 95
625 27 28 88 89 90 91
915 16 27 28 60 61 88 89
582 37 38 47 52 88 89 90 91 92 93
850 57 58 88 89 113 114 115 116
867 27 28 47 52 90 91 92 93 107 108
711 29 62 63 102 107 108
954 37 38 47 52 107 108
480 47 52 90 91 92 93
598 3 4 18 32 33 82 90 91
538 66 67 90 91 94 95 101 103 109 110
714 25 26 53 54 62 63 90 91
267 3 4 31 47 62 63 90 91
969 3 4 22 23 31 47 64 65
746 47 52 55 56 64 65 86 87
836 22 23 27 28 86 87
853 29 82 83 88 89 102
787 47 52 55 56 111 112
362 47 52 66 67 94 95 113 114
587 27 28 47 52 90 91 92 93 94 95
637 47 52 62 63 90 91 92 93 94 95
113 47 52 62 63 66 67 90 91 92 93 94
650
771 47 50 51 52 64 65
729 31 47 57 58 59
607 3 4 30 31 47 61
575 3 4 47 57 58 61 62 63
510 45 46
754 3 4 45 46 47 61 64 65
668 66 67 101 103 117 118
769 27 28 66 67 90 91 101 103 117 118
952 53 54 57 58 59 60 61 62 63 66 67
682 29 37 38 66 67 102
632 47 52 64 65 66 67
642 53 54 59 66 67 79 80
810 19 20 21 59 60 61 94 95
853 3 4 45 46 60 61 62 63
548 30 34 47 52 60 61
581 39 41 42 57 58 59
734 47 50 51 57 58 59 61 64 65
929 25 26 94 95 101 103 109 110
438 25 26 27 28 47 52 94 95 113 114
1019 24 25 26 29 62 63
938 3 4 75 101 119 120
840 0 3 4 25 26 35 36
1364 0 3 4 37 38 66 67
603 0 1 2 30 34 35 36
1056 0 39 59 70 90 91
1352 0 39 59 70 90 91
740 0 22 23 30 34
505 0 29 30 34 102
1113 0 16 30 31
812 0 3 4 39 70 71 72
1114 0 47 52 71 91 92 93
637 0 7 8 16 121 122
662 0 7 8 30 59 61
667 0 35 36 59
967 0 35 36 59 121 122
280 0 34 35 36 39 40 70
884 0 30 31 71 91
698 0 7 8 16
1134 3 4 7 8 17 18 47 61
802 17 18 57 58 59 60 61 123 124
780 17 18 53 54 59 60 61
906 84 85 96 97 105 106 107 108
889 45 46 65 84 85 96 97 113
691 3 4 18 32 33 82 84 85
942 25 26 65 84 85 113
762 37 38 84 85 88 89
684 12 13 34 47 55 56 57 58
979 12 13 113 114 117 118
36 12 13 29 82 83 102
625 5 6 7 8 59 90 91 123 124
814 5 6 22 23 59
836 5 6 71 82 83 91 117 118
883 18 19 20 21 57 58 82 102 104
685 102 104 109 110
481 117 118
1075 3 4 18 32 33 82 117 118
670 26 101 109 110 117 118
430 12 13 113 114 117 118
978 53 54 62 63 117 118
217 53 54 57 58 59 60 61 121 122
788 34 53 54 60 107 108
816 25 26 27 28 53 54 90 91
890 30 31 32 33 53 54 59 90 91
123 53 54 88 89 92 93
560 53 54 92 93 107 108
851 35 36 50 51
696 35 36 55 56 57 58 66 67 96 97
697 22 23 35 36 92 93
971 35 36 82 88 89 91 92 93
646 25 26 57 58
719 25 26 47 52 57 58 62 63
538 25 35 36 57 58 59 75
836 14 15 47 52 57 58 59
1083 32 33 57 58 76 77 78 123 124
758 16 30 32 33 57 58 61
592 48 49 57 58 65 66 67 113
614 34 47 55 56 57 58 111 112
545 57 58 66 67 96 97
1058 31 47 57 58 59 65 113
836 57 58 82 83 107 108
444 14 15 16 18 57 58 82
673 57 58 88 89 101 103
939 82 83 84 85 98 99 100 111 112
738 3 4 53 54 60 61 62 63 111 112
559 62 63 90 91 111 112
660 19 20 21 88 89 90 91 92 93
1086 57 58 82 83 88 89
766 88 89 101 102 103 104 109 110
1162 27 28 59 60 61 88 89
1028 37 38 53 54 88 89 90 91 92 93
770 101 102 103 104 107 108 109 110
497 3 4 27 28 60 61 107 108
687 107 108 109 110
888 3 4 31 47 90 91 92 93
760 25 26 57 58 90 91 101 103
382 27 28 31 47 59 90 91
585 47 52 62 63 90 91
1078 22 23 31 47 57 58 59 64 65
537 47 52 57 58 64 65 86 87 113 114
856 47 52 62 63 86 87
933 29 57 58 62 63 102
509 47 52 88 89 92 93
779 27 28 47 52 90 91
774 47 52 62 63 111 112
738 47 52 62 63 88 89
564 47 52 59 60 61 64 65 88 89
714 25 31 47 57 58 59 90 91 103
788 31 47 71 91
739 3 4 45 46 47 61 62 63
724 37 38 45 46 47 59 61
843 45 46 53 54 55 56 64 65
695 66 67 101 103 109 110 117 118
853 27 28 53 54 59 60 61 66 67
701 37 38 47 52 66 67 90 91 92 93
615 47 52 55 56 64 65 66 67
669 3 4 66 67 79 80
715 25 26 34 47 57 58 59 60 61
598 3 4 25 26 57 58 60 61 62 63
803 30 34 35 36 60 61
496 35 36 39 41 42 59
408 3 4 47 50 51 61 64 65
963 25 26 98 99 100 113 114 117 118
655 3 4 25 26 27 28 60 61
764 25 26 29 37 38 102
452 25 26 47 52 57 58 64 65 113 114
713 14 35 36 69 92 93
826 32 33 53 54 59
868 32 33 50 51 53 54 59
610 32 33 57 58 59 123 124
835 30 31 32 33 47 52 59
555 32 33 48 49 76 77 78
734 55 56 57 58 96 97 107 108
809 34 47 55 56 107 108
1014 16 39 41 42 57 58
942 3 4 35 36 39 41 42
383 16 32 33 70 73
735 0 3 4 45 46 64 65
624 0 3 4 82 83 88 89
740 0 1 39 59 125 126
264 0 1 50 51 57 58 59 125
682 0 1 47 52 59 121 122 125
1078 0 1 30 52 125
530 0 1 125 126 127 128
897 0 1 2 3 4 39 70
988 0 1 2 7 8 53 54 59
840 0 39 57 58 59 70
733 0 7 8 39 59 70
1261 0 7 8 16 39 70
946 0 30 34 35 36 41 57 58 128
784 0 30 35 36 52 92 93
530 0 30 52 90 91 92 93
637 0 3 4 30 61
657 0 39 59 70 71 72 90 91
1106 0 16 18 60 61 71
787 0 7 8 50 51 57 58 59
1016 0 7 8 59 90 91 123 124
997 0 3 4 7 8 30 31
1358 0 7 8 16
1062 0 41 57 58 59 88 89 128
393 0 34 47 57 58 59
426 0 3 4 57 58 101 103
676 0 1 57 58 59 125
844 0 30 52 57 58 113 114
35 0 16 30 61
773 0 7 8 47 52 59
753 3 4 17 18 47 61
1066 17 18 35 36 59 60 61
782 7 8 17 18 57 58 59 60 61
1053 16 17 18 32 33 41 57 58 128
647 84 85
1147 65 84 85 96 97 107 108 113
648 18 19 20 21 57 58 82 84 85
620 47 52 65 84 85 113
894 22 23 62 63 84 85
1479 9 10 11 12 13 32 33
615 12 13 90 91 92 93
245 12 13 47 52 65 92 93 113
827 12 13 57 58 101 103
736 3 4 5 6 119 120 123 124
856 5 6 59 123 124
777 5 6 11 70
630 5 6 71 91
671 86 87 96 97 102 104
889 45 46 96 97 102 104
426 37 38 45 46 102 104
851 65 66 67 96 97 113 117 118
507 64 65 66 67 82 91 117 118
910 62 63 86 87 117 118
708 75 76 77 78 101 117 118
357 45 46 64 65 117 118
346 3 4 30 31 53 54 60 61
1168 53 54 57 58 59 60 61
399 3 4 14 15 53 54
600 50 51 53 54 55 56 57 58
859 50 51 53 54 65 113
886 25 35 36 103 117 118
946 35 36 55 56 107 108
877 35 36 50 51 57 58 113 114
589 16 39 41 42 57 58
291 19 20 21 41 57 58 88 89 128
436 25 26 27 28 57 58 59 60 61
666 16 25 26 37 38 57 58 60 61
898 25 26 37 38 57 58 90 91
1085 25 26 32 33 53 54 57 58 59
923 16 32 33 39 40 57 58 61 70
931 11 32 33 57 58 126
956 32 33 48 49 57 58 76 77 78
651 19 20 21 55 56 57 58 88 89
668 47 57 58 59 61 96 97
683 57 58 107 108 113 114
795 57 58 82 83 84 85
782 18 47 57 58 59 61 82
1019 37 38 57 58 66 67 82 91
795 111 112
759 27 28 57 58 59 60 61 111 112
744 57 58 111 112 113 114 115 116 129 130
700 59 60 61 88 89 96 97
633 47 59 61 65 88 89 113
689 82 88 89 91 109 110
926 22 23 27 28 88 89
1086 41 57 58 62 63 88 89 128
582 37 38 57 58 59 60 61 88 89
1187 1 11 125 126 131 132
961 7 8 11 126 131 132
657 57 58 101 103 107 108 109 110
667 16 27 28 60 61 107 108
582 107 108 109 110
903 47 52 90 91 92 93
714 50 51 57 58 90 91 101 103
267 24 27 28 29 90 91
721 62 63 90 91 107 108
561 37 38 66 67 90 91
787 82 83 86 87 98 99 100 117 118
536 86 87 109 110
604 29 82 83 88 89 102
724 47 52 55 56 111 112
733 14 47 52 65 69 113
730 47 52 62 63 107 108
381 47 50 51 52 64 65
664 31 47 59 90 91
771 30 31 47 57 58 59 61
812 3 4 27 28 47 61 66 67
798 1 34 40 47 57 58 61 125
539 1 47 57 58 59 61 125
473 37 38 45 46 47 52
766 45 46 57 58 59 60 61 64 65
809 66 67 101 103 117 118
736 24 27 28 29 66 67
1420 53 54 62 63 66 67 90 91 92 93
619 133 134 135 136 137 138 139 140
407 0 3 4 84 85
1096 0 3 4 25 26 53 54 62 63
760 0 1 59 73 125 126
1232 0 1 16 59 125 131 132
1093 0 1 16 121 122 125
413 0 1 31 47 59 125 138
749 0 1 25 26 125 138
902 0 1 16 30 61 125
1087 0 1 66 67 125 126 127 128
1408 0 1 2 16 39 70
417 0 1 2 16 30 61
348 0 1 11 125 126
783 0 1 39 59 70 125
483 0 34 39 40 70 90 91
973 0 8 16 39 70 74
1114 0 16 70 73
1181 0 16 39 138 139 140
924 0 34 47 88 89 138
934 0 34 35 36 60 88 89 92 93 138
784 0 16 60 61 138
355 0 24 29 30 34
923 0 30 31 71 91
428 0 71 83 107 108
735 0 18 47 61 71 138
1078 0 7 8 25 26 53 54 59
1145 0 7 8 59 90 91 123 124
505 0 7 8 45 46 138
658 0 7 8 90 91 92 93 138
961 0 7 8 30 52
1178 0 7 8 126 127 128
1034 0 7 8 16 133 134
1295 0 71 73 91 134
833 0 35 36 59
914 0 47 52 59
637 0 3 4 90 91 101 103
1154 0 1 125 138
1182 0 16 39 138 139 140
635 0 16 60 61 138
650 0 55 56 88 89 138
690 0 30 59 61
889 0 7 8 16
898 0 30 52 134 135
696 16 17 18 135 139 140
652 17 18 34 47 90 91
606 3 4 17 18 60 61 123 124
917 7 8 17 18 53 54 59 60 61
982 17 18 41 42 59 135
545 17 18 32 33 59 90 91 123 124
780 16 17 18 32 33
645 48 49 50 51 65 84 85 113
655 7 8 72 76 77 78 82 84 85
913 66 67 84 85 96 97 105 106
1055 57 58 62 63 84 85
598 12 13 32 33 138
1003 12 13 34 47 55 56 57 58
942 12 13 47 52 92 93
1047 12 13 35 36 82 83
1194 3 4 12 13 75 101
960 5 6 7 8 11 126
564 5 6 35 36 41 57 58 59 128
785 5 6 59 71 72 90 91
501 5 6 22 23 59
603 1 5 6 9 10 11 125
777 5 6 16 60 61 138
806 5 6 7 8 59 90 91
952 14 15 16 18 82 102 104
981 27 28 88 89 102 104
527 117 118
471 16 18 73 82 117 118 139 140
441 64 65 66 67 82 91 117 118
911 62 63 107 108 117 118
978 47 52 65 113 117 118
632 62 63 90 91 117 118
357 3 4 53 54 57 58 60 61 62 63
850 34 53 54 60 111 112
902 25 26 37 38 53 54 90 91
692 32 33 53 54 59 90 91 121 122
781 53 54 92 93 107 108
533 35 36 39 41 42 57 58 59
748 25 35 36 103 117 118
469 35 36 55 56 111 112
424 35 36 113 114 117 118
935 16 41 42 57 58 133 134 135
717 41 42 57 58 59 73
317 3 4 31 41 47 57 58 128
474 24 25 26 27 28 29 57 58
914 25 26 27 28 47 52 57 58
971 25 26 37 38 47 52 57 58
907 16 25 57 58 75 134 135
920 14 47 52 57 58 69 113 114
393 32 33 57 58 59 88 89
558 3 4 32 33 57 58 75 76 77 78 101
900 16 31 32 33 57 58 60 138
1083 16 30 32 33 57 58 61
798 11 32 57 58 122 124 126 136
1174 35 36 50 51 55 56 57 58
651 57 58 96 97 107 108
682 12 13 57 58 113 114
744 47 57 58 61 65 113 138
673 57 58 82 83 107 108
903 18 35 36 57 58 59 60 61 82
638 50 51 57 58 64 65 82 91
858 111 112
1038 27 28 53 54 59 60 61 111 112
738 3 4 47 61 62 63 111 112
675 29 88 89 96 97 102
804 16 32 33 57 58 88 89 113 114
756 71 72 82 83 88 89 117 118
549 57 58 82 83 88 89 98 99 100
579 16 27 28 60 61 88 89
693 37 38 53 54 88 89 90 91 92 93
451 88 89 113 114 115 116 117 118 129 130
801 57 58 88 89 113 114 115 116 129 130
799 1 59 90 91 125 131 132
595 32 33 57 58 59 131 132 138
844 0 3 4 35 36 82 83
739 0 3 4 25 26 64 65
518 0 3 4
407 0 3 4 45 46 64 65
616 0 1 59 125 126 135
637 0 1 41 57 58 59 66 67 125 128
1012 0 1 34 47 57 58 59 125
1315 0 1 3 4 90 91 101 103 125
1019 0 1 3 4 47 61 125 138
863 0 1 25 26 125 138
733 0 1 30 31 53 54 59 125
682 0 1 53 54 59 125 134 135
732 0 1 34 40 90 91 125
924 0 1 2 11 70
770 0 1 2 30 34 90 91
1131 0 1 2 7 8 30 52
1194 0 39 59 70 71 72 90 91
313 0 7 8 39 59 70
441 0 11 70 126 133 134 135
745 0 11 39 70 122 126 136
1080 0 11 70
1301 0 70 76 77 78 135
792 0 11 70 126 135
749 0 16 73 138 139 140
1114 0 3 4 34 47 131 132 138
1096 0 32 33 58 59 66 90 91 138
1192 0 25 26 34 57 58 60 138
988 0 16 31 60 138
967 0 11 30 34 41 57 58 140
523 0 30 52 55 56 57 58
754 0 30 31 71 91
582 0 16 32 57 58 71 83 124
547 0 11 71 72 134
592 0 16 18 41 42 71 135
1068 0 57 58 71 91 141 142
895 0 7 8 59 90 91
634 0 7 8 76 77 78 123 124
898 0 3 4 7 8 47 61 138
1030 0 7 8 30 31 57 58 59
965 0 7 8 57 58 126 127 128
851 0 133 134 138
1130 0 57 58 59 73 134
1408 0 59
910 0 11 41 57 58 59 140
883 0 19 20 21 57 58 59
963 0 119 120 121 122 138
976 0 3 4 27 28 90 91
1286 0 1 47 52 59 125
1080 0 16 70 73
1031 0 57 58 62 63 66 67 138
335 0 14 69 138
927 0 88 89 92 138 142
691 0 30 31 59 90 91
978 0 30 34 47 52
650 0 47 52 71 91 141 142
483 0 59 134 135
952 17 18 19 20 21 117 118
1180 17 18 57 58 113 114 116 130 143
472 3 4 17 18 47 57 58 61 62 63
550 17 18 47 52 57 58 92 142
679 3 4 17 18 60 61 123 124
908 7 8 16 17 18 60 61
970 17 18 57 58 59 60 61
877 16 17 18 41 42 135
627 11 17 18 32 33 126
513 3 4 31 47 65 84 85 113
838 16 82 83 84 85 131 132
821 84 85 101 103 107 108
691 57 58 84 85 101 103
1107 37 38 45 46 84 85
760 12 13 32 33 47 57 58 59 61 138
981 12 13 47 52 55 56
519 12 13 57 58 59 60 61 96 97
487 3 4 12 13 60 61 96 97
942 12 13 53 54 55 56 57 58 92 142
928 12 13 57 58 90 91 92 101 103 142
1122 12 13 41 57 58 92 128 142
1030 12 13 53 54 65 92 113 142
961 12 13 101 102 103 104
565 3 4 5 6 7 8 60 61 138
827 5 6 59 90 91 126 135
923 5 6 19 20 21 57 58 59
938 1 5 6 11 125 126
522 5 6 34 35 36 60 138
650 5 6 57 58 71 82 83 91
738 29 96 97 102 104 144
758 45 46 96 97 102 104
969 27 28 47 52 102 104
822 64 65 66 67 102 104
527 25 26 48 49 65 113 117 118
471 27 28 82 86 87 91 117 118
671 26 90 91 101 115 117 118 145
886 30 31 47 52 62 63 117 118
965 90 91 101 103 117 118
711 37 38 66 67 117 118
874 3 4 53 54 57 58 60 61 62 63
232 34 53 54 60 111 112
854 25 26 53 54 62 63 102 146
532 32 33 53 54 59 121 122
905 53 54 92 93 111 112
916 53 54 92 102 142 146
1166 53 54 65 92 111 112 113 142
805 35 36 41 88 89 128
788 25 35 36 57 58 59 75
556 35 36 90 91 96 97
1064 25 35 36 57 58 90 91 92 103 142
1075 35 36 60 61 92 138 142
958 35 36 50 51 57 58 82 83
648 18 35 36 57 58 59 60 61 82
695 3 4 18 35 36 60 61 82
663 39 41 42 57 58 71 74 91 147
578 16 41 42 57 58 135
748 16 39 41 42 57 58
824 16 25 26 27 28 57 58 60 61
438 3 4 25 26 37 38 57 58 60 61
1420 25 57 58 71 75 91 134 135
1318 0 3 4 45 46 62 63
638 75 76 77 78 79 80 81
749 0 3 4 66 67 115 145
693 0 1 59 90 91 125 126 135
728 0 1 59 90 91 125
819 0 1 16 121 122 125
805 0 1 11 70 125
761 0 1 16 60 61 125 134 135 138
811 0 1 30 52 90 91 125 141 142
682 0 1 47 52 55 56 125 148
1025 0 1 125 127 128 134
1019 0 1 2 76 77 78 123 124
1008 0 1 2 34 60 107 108 138
669 0 1 2 7 8 59 88 89
348 0 1 68 69 125
712 0 7 8 39 59 70
427 0 16 70 133 134 135
965 0 39 59 70 90 91
874 0 35 36 59 70 135
1071 0 35 36 39 59 138 139 140
911 0 34 47 88 89 138
924 0 32 33 58 59 66 138
1050 0 34 60 107 108 138
748 0 7 8 16 60 61 138
845 0 30 31 34 47 59 90 91
723 0 11 30 31 126
582 0 29 71 83 102
766 0 18 47 61 71 138
716 0 71 72 82 91 148
1149 0 7 8 24 59 146
908 0 7 8 16 149 150
905 0 7 8 31 47 138 148
1135 0 3 4 7 8 47 61 138
945 0 7 8 47 61 138 148
1049 0 7 8 30 31 138
925 0 7 8 11 134
909 0 59 116 130 133 134 143
907 0 73 134 138 151 152
773 0 71 91 134 135
1085 0 59 102 146
967 0 59 66 67 143 145 153
846 0 71 91 149 150
962 0 3 4 45 46 62 63
1334 0 34 39 40 70 90 91
839 0 47 59 61 88 89 138
1164 0 34 60 88 89 138
1486 0 55 56 66 67 138
811 0 3 4 30 31
1035 0 53 54 71 91 92 142
912 0 16 32 124 148
997 0 22 23 27 28 148
477 0 7 8 50 51 138
854 0 16 39 134
425 17 18 47 52 59 135 139 140
276 17 18 22 23 34 47
884 1 17 18 60 61 125 138
895 17 18 35 36 52 60 92 142
1159 17 18 32 33 53 54 59
802 3 4 17 18 32 124 151 152
545 66 67 84 85 96 97 105 106
990 84 85 96 97 107 108
574 45 46 65 84 85 96 97 113
953 84 85 101 103 111 112
1149 50 51 65 84 85 113
942 37 38 84 85 88 89
604 12 13 32 33 138
1506 12 13 47 59 61 96 97
615 12 13 47 52 92 142
571 12 13 82 83 84 85
699 5 6 7 8 11 70
892 5 6 59 90 91 126 135
533 3 4 5 6 149 150
1104 1 5 6 16 125
316 5 6 71 91
644 3 4 31 47 96 97 102 104
495 25 26 53 54 92 102 104 142
615 45 46 62 63 102 104
852 3 4 53 54 60 61 62 63 88 89
660 34 53 54 60 107 108
863 14 53 54 69
538 30 31 32 33 53 54 59
972 45 46 53 54 92 142
399 3 4 35 36 41 42 73
1064 25 35 36 102 103 146
1064 25 35 36 90 91 103
879 35 36 55 56 107 108
837 35 36 66 67 92 142
531 18 35 36 60 61 82 148
1082 16 39 41 42 57 58
639 16 41 42 57 58 135
750 16 41 57 58 135 140
736 25 26 27 28 57 58 60 61 138
1111 25 26 37 38 47 52 57 58 59 60 61
426 3 4 25 57 58 75 134 135
682 25 26 47 52 57 58 64 65
735 11 14 15 57 58 126
605 47 52 57 58 59 150 154
700 32 33 53 54 57 58 59 121 122
513 16 32 33 39 57 58 70
895 25 26 32 33 57 58 138
525 16 32 33 57 58 148 150 154
749 6 32 38 47 52 57 58 76 77
802 45 46 48 49 57 58 92 142
764 24 29 55 56 57 58
861 57 58 90 91 96 97 105 106
875 57 58 59 60 61 96 97
520 35 36 41 57 58 88 89 92 128 142
865 16 57 58 92 131 132 142
892 57 58 66 67 92 130 142 143 145
1067 47 57 58 61 66 67 92 138 142
1094 11 41 57 58 92 140 142
533 57 58 107 108 113 114 143 145 153
473 57 58 65 66 67 113
830 16 57 58 82 83 131 132
680 16 18 57 58 82 135 139 140
869 57 58 65 66 67 82 91 113
677 57 58 101 103 107 108
963 0 3 4 72 82 148
518 0 3 4 84 85
772 0 35 36 76 77 78
822 0 76 77 78 116 130 143
658 0 3 4 64 65 66 67
896 0 1 45 46 125 126 135 138
927 0 1 18 47 52 59 90 125
996 0 1 16 125 134 135 149 150
684 0 1 16 39 125 138 139 140
901 0 1 34 60 88 89 125 138
1149 0 1 30 31 59 125
707 0 1 90 91 96 97 125 148
1126 0 1 11 125 127 134 140
890 0 1 2 3 4
962 0 1 2 34 60 86 87 138
633 0 1 2 7 8 59 90 91
441 0 1 9 10 11 125
745 0 7 8 39 59 70 90 91
1048 0 11 70 126 133
901 0 3 4 39 70
683 0 59 70 88 89 135
1364 0 3 4 39 138 139 140
1003 0 3 4 34 47 131 132 138
824 0 32 33 58 59 66 90 91 138
1057 0 34 60 107 108 138
699 0 16 60 61 134 135 138
711 0 3 4 30 31 34 47
730 0 16 30 31
824 0 71 83 86 87
624 0 18 47 59 61 71
640 0 66 67 71 91 92 142
1081 0 7 8 59 144 146
965 0 7 8 148 149 150
1102 0 7 8 31 47 59 90 91 138
505 0 7 8 55 56 66 67 138
1031 0 7 8 82 83 84 85 148
1148 0 7 8 75 76 77 78 81
469 0 7 8 9 10 11
1130 0 39 59 134
1408 0 11 73 126 134
1133 0 35 36 59
825 0 29 59 144
992 0 59 121 122
840 0 3 4
886 0 1 47 52 59 125
1085 0 16 39 70
978 0 16 32 33 58 66 138
989 0 32 33 59 88 89 138
959 0 30 52 90 91 92 142
587 0 3 4 30 61
426 0 71 75 76 77 78 91 101
825 0 90 91 92 142 148
1453 0 116 130 141 142 143 148
1310 0 53 54 59 134 135
731 17 18 19 20 21 22 23
884 3 4 17 18 47 61 149 150
895 17 18 35 36 59 60 61
882 7 8 17 18 59 60 61
783 16 17 18 60 61
1025 11 17 18 32 33 70
782 72 84 85 90 96 97 148
620 45 46 65 84 85 96 97 113
606 84 85 101 103 111 112
852 75 84 85 101 148
870 75 76 77 78 84 85 101
691 66 67 84 85 96 97
1175 22 23 62 63 84 85
1163 3 4 12 13 32 33 123 124
1028 12 13 90 91 96 97 105 106
902 12 13 90 91 92 130 142 143 145
245 12 13 48 49 65 113
725 5 6 7 8 59 90 91 123 124
777 5 6 11 70 119 120
833 5 6 59 116 130 143
1091 1 5 6 47 52 59 125
829 5 6 55 56 138
886 86 87 96 97 102 104
336 96 97 102 104 107 108
781 62 63 102 104 111 112
372 53 54 59 60 61 121 122
633 34 53 54 60 111 112
889 25 26 37 38 53 54 59 60 61
915 32 33 53 54 59 121 122
212 53 54 55 56 107 108
680 14 53 54 65 69 113
223 11 35 36 41 140
1064 3 4 35 36 150 154
191 35 36 86 87 96 97
778 35 36 60 61 92 142 148
844 57 58
1029 16 39 41 42 57 58 134 135
626 41 57 58 88 89 128
542 16 41 42 57 58 135
862 50 51 57 58
891 11 25 26 27 28 41 57 58 140
452 16 25 26 37 38 57 58 60 61
760 11 25 57 58 75 134
470 14 57 58 69 113 114 116 130 143
1098 3 4 57 58 151 152 154 155
638 57 58 148 150 154
726 32 33 57 58 121 122 138
761 32 33 57 58 138
700 32 33 55 56 57 58 138
513 32 33 53 54 55 56 57 58 148
895 6 11 32 57 58 126
659 48 49 57 58 66 67 92 142
754 41 57 58 128 156 157
805 37 38 47 52 57 58 85 156
708 24 29 55 56 57 58
666 57 58 90 91 96 97 105 106
1024 57 58 59 60 61 96 97
874 35 36 41 57 58 92 128 142
419 57 58 71 72 82 88 89 91 92 142
820 57 58 90 91 92 130 142 143 145
734 3 4 47 57 58 61 92 142
809 35 36 41 57 58 92 128 142
277 57 58 66 67 113 114 130 143 145
436 25 26 47 57 58 61 65 113 138
822 57 58 82 83 84 85
662 0 53 54 76 77 78
1039 0 3 4 37 38 66 67
657 0 1 39 59 125 126
677 0 1 53 54 59 125
605 0 1 47 52 59 125
1239 0 1 76 77 78 123 124 125
785 0 1 47 59 61 125 138
518 0 1 16 31 60 125 138
863 0 1 11 30 52 122 125 126 158
818 0 1 55 56 125 148
643 0 1 3 4 125 134 135
941 0 1 9 10 11 125
1031 0 1 2 34 47 107 108 138
1087 0 1 2 148
1487 0 1 2 7 8 30 52
799 0 19 20 21 39 59 70 90 91
487 0 39 59 70 90 91 134 135
737 0 35 36 59 70 133
713 0 59 70 90 91 133
870 0 8 16 70 73 74
1295 0 16 70 135
839 0 59 73 138 139 140
1088 0 34 47 90 91 138
1019 0 55 56 58 66 138
1294 0 62 63 85 111 112 138 159
1031 0 34 60 86 87 138
1050 0 16 60 61 138
498 0 30 34 102 146
962 0 27 28 30 52 90 91
784 0 30 61 138
763 0 11 70 71 72
741 0 18 71 85 159
1066 0 71 72 82 91 148
922 0 7 8 59
1145 0 7 8 59 90 91 121 122
885 0 7 8 11 39 70 126
924 0 7 8 60 61 138 148
565 0 7 8 11 30 31 126
1106 0 7 8 16 39 134
469 0 53 54 59 133 134
992 0 39 71 91 134
1078 0 59 116 130 134 135 143
873 0 11 35 36 41 59 140
514 0 59 116 130 143
1301 0 53 54 59 121 122
1351 0 3 4
1019 0 1 59 88 89 125
879 0 7 8 16 39 70
1112 0 34 47 86 87 138
1336 0 45 46 138
777 0 16 31 60 138
1061 0 16 32 33 138
926 0 30 35 36 52 113 114
1050 0 30 35 36 59 61
587 0 71 91 92 142 160 161
498 0 16 32 33 148
916 0 101 102 103 104 148
1253 0 7 8 59 90 91
1180 0 134 135 138 159 162
472 17 18 130 143 145 159 162
422 3 4 17 18 47 61 149 150
743 17 18 85 159
740 1 17 18 47 52 59 60 61 125
941 17 18 34 60 116 130 143
1066 16 17 18 41 135 140
980 11 17 18 32 33 126
947 66 67 84 85 96 97
385 65 84 85 86 87 96 97 113
821 11 18 33 82 84 85 126 160
1004 24 29 84 157
659 47 52 65 84 85 113
655 27 28 45 46 84 85
824 66 67 84 85 115 145
1163 11 12 13 32 33 126
1028 3 4 12 13 60 61 96 97
731 12 13 92 142 159 162
1385 12 13 71 72 82 91
813 5 6 7 8 47 59 61 138
689 5 6 119 120 138 159 162
827 5 6 59 116 130 143
227 1 5 6 47 52 59 125
440 3 4 5 6 32 33 138
816 5 6 11 126
893 18 32 33 82 102 104 148
743 88 89 92 102 104 142
498 62 63 88 89 102 104
885 53 54
232 3 4 53 54 60 61 134 135
755 25 26 27 28 53 54 85 159
481 53 54 71 91 154 155
368 53 54 85 156 157 159
915 53 54 90 91 92 142
1041 53 54 65 92 107 108 113 142
212 35 36 41 88 89 128
508 35 36 59 154 155
880 35 36 55 56
672 35 36 88 89 92 142
432 35 36 41 92 128 142 160 161
838 35 36 82 91 92 142 160 161
802 57 58
1098 57 58 158 160 161 163
654 27 28 57 58 59 60 61 160 161
295 3 4 37 38 47 57 58 61 160 161
812 33 57 58 59 160
890 33 34 47 57 58 90 91 138 160
800 11 33 57 58 127 134 140 160
648 6 11 57 58 126 160
899 34 35 36 40 41 42 57 58 133
959 16 41 42 57 58 73
736 41 57 58 107 108 128
1219 50 51 57 58 64 65 159 162
533 25 26 27 28 41 57 58 128
545 3 4 25 26 37 38 57 58 60 61
569 16 25 57 58 103 135 139 140
652 25 26 57 58 90 91 115 145
565 14 15 50 51 57 58 138
592 16 57 58 154 155
838 0 3 4 72 82 148
688 4 18 82 158 163 164
634 4 17 18 27 28 47 52 164
713 0 4 62 63 90 91 138 164
551 4 116 130 141 142 143 164
466 4 65 113 115 116 164
599 4 50 51 64 65 164
643 0 4 71 83 164
643 4 84 157 164
825 4 17 18 53 54 164
721 4 88 89 96 97 164
805 4 64 65 86 87 164
734 4 47 61 138 164
914 4 41 128 164
669 0 3 66 67 138 165
817 30 52 64 65 164 165
620 37 38 148 164 165
616 0 57 58 76 77 78
829 0 3 4 57 58 62 63 160 161
941 0 3 138 159 162 165
600 0 1 125 126 133 138 159 162
535 0 1 25 26 125 126 135 138
769 0 1 34 53 54 59 60 88 89 125
605 0 1 34 53 54 59 60 107 108 125
601 0 1 59 72 90 125 148
806 0 1 59 90 91 121 122 125
826 0 1 3 4 88 89 101 103 125
859 0 1 47 57 58 59 61 125 138
1318 0 1 60 61 125 138 148
805 0 1 55 56 107 108 125 138
681 0 1 30 31 57 58 59 125
929 0 1 16 125 148 150 154
1069 0 1 57 58 82 83 125 148
413 0 1 125 134 135 148
264 0 1 16 125 166 167
852 0 1 2 39 59 70 90 91
812 0 1 2 4 138 164
902 0 1 2 30 34 35 36
1498 0 1 2 16 32 124 148
939 0 1 11 125 126
713 0 39 57 58 59 70
686 0 1 11 39 70 125 126
1024 0 34 35 36 39 40 70
1034 0 3 4 70 133
252 0 16 39 70
694 0 57 58 59 70 135 160 161
726 0 8 16 39 74 138 139 140
641 0 57 58 59 135 138 139 140 160 161
1025 0 16 135 138 139 140
694 0 16 39 138 139 140
385 0 34 47 86 87 138
886 0 47 55 56 57 58 138 168
489 0 45 46 64 65 138 159 162
851 0 16 32 33 138 148 164 165
1056 0 66 67 138 158 163
938 0 57 58 62 63 85 138 159
824 0 34 57 58 60 138
1127 0 31 34 47 60 71 91 138
897 0 16 31 60 138
849 0 16 32 33 60 61 138 148
1358 0 6 11 32 126 138
1213 0 22 23 30 34
998 0 30 47 52 90 91 92 93 168
702 0 30 159 162 168
1056 0 30 35 36 52 92 93
1026 0 30 31 59 116 130 143
961 0 16 30 61
896 0 25 26 57 58 71 83
845 0 30 34 71 72 90 91
518 0 18 30 52 71 164 165
579 0 47 52 71 91 92 93
737 0 57 58 71 91 101 103 160 161
512 0 7 8 50 51 53 54 59
584 0 7 8 18 47 52 59 90
1081 0 7 8 16 149 150
905 0 7 8 138
583 0 3 4 7 8 60 61 138
965 0 7 8 30 52 57 58 113 114
998 0 7 8 55 56 57 58 148
832 0 7 8 57 58 127 128 134
486 0 7 8 9 10 11
1078 0 39 134 138 151 152
915 0 16 73 134
1299 0 59 73 134
893 0 47 52 59 134 135
911 0 34 53 54 59 60 111 112
1093 0 57 58 59
890 0 24 59 146
1112 0 59 88 89 143 145 153
816 0 11 121 122 126
1300 0 57 58 59 123 124 160 161
964 0 3 4 62 63 90 91
966 0 1 59 125 169 170
974 0 3 4 39 70
934 0 34 47 57 58 138
962 0 35 36 59 60 61 138
1049 0 25 26 60 138 168
864 0 32 33 59 90 91 138
1203 0 35 36 92 138 142 160 161
1111 0 30 37 38 52 90 91
1062 0 30 59 61 169 170
1088 0 53 54 71 91 92 142
1184 0 71 88 89 91 101 103
832 0 35 36 55 56 148
1182 0 47 52 113 114 148
748 0 57 58 62 63 148
890 0 7 8 47 52 59
1095 0 47 52 59 134 135
548 0 47 52 166 167 168 171
426 17 18 59 60 61 130 143 145
744 16 17 18 135 139 140
912 4 17 18 47 52 65 113 164
1123 11 17 18 34 41 47 57 58 140
509 17 18 47 52 57 58 113 114
721 4 17 18 64 65 159 162 164
537 17 18 35 36 59 60 61
583 1 17 18 57 58 59 60 61 125
560 1 17 18 59 60 61 125 169 170
545 7 8 16 17 18 60 61
663 172 173 174 175 176 177 178 179 180 181 182
752
569 4 64 65 82 91 164
781 0 3 4 58 174 180 181
571 4 26 37 38 101 164
823 4 17 18 27 28 164 169 170
575 0 3 4 57 58 62 63 160 161
510 0 3 4 45 46 62 63
614 4 66 141 142 164 175
731 4 47 61 64 65 138 164
743 4 79 82 83 89 164
742 4 17 18 143 145 153 164
817 4 12 13 164
721 4 35 36 115 145 160 161 164
670 0 3 4 57 58 160 161
670 4 62 63 111 112 164
566 4 37 38 90 91 164
758 4 47 52 164 174 175
750 4 160 161 164 174 175
830 3 39 70 151 152 165
582 55 56 138 164 165
748 16 32 33 148 164 165
1463 11 126 164 165
597 75 76 101 158 163 172 173
658 0 76 115 116 129 130 172 173
819 75 76 94 95 101 172 173
1029 0 35 36 76 77 78
927 0 3 4 75 76 77 78 101
956 0 3 4 66 67 115 145
915 0 3 16 165
772 0 1 34 40 94 95 125 126 133
610 0 1 34 40 57 58 125 126 133
785 0 1 125 126 135 138
600 0 1 50 51 53 54 59 125
730 0 1 18 59 90 125 169 170
1096 0 1 34 47 59 90 91 125
725 0 1 123 124 125 148
745 0 1 16 39 125 138 139 140
1123 0 1 34 47 86 87 125 138
811 0 1 34 60 107 108 125 138
1142 0 1 55 56 57 58 125 138 160 161
949 0 1 30 52 90 91 92 125 142
1085 0 1 16 30 61 125
953 0 1 53 54 92 125 142 148
921 0 1 53 54 125 141 142 148
899 0 1 16 125 134 135
689 0 1 68 69 125
560 0 1 2 16 70 73
507 0 1 2 66 90 91 138 175
976 0 1 2 16 33 138 160
991 0 1 2 71 83 88 89
1288 0 1 2 7 8 148
727 0 1 34 40 57 58 125
1034 0 39 47 59 70 159 162 168
953 0 3 4 7 8 39 70
1019 0 3 4 70 133 134 135
418 0 16 39 40 61 70
950 0 16 31 70 73 171
786 0 16 70 135 166 167
907 0 7 8 16 39 138 139 140
543 0 16 73 138 139 140
630 0 34 47 66 67 94 138 184
853 0 34 47 57 90 91 138 175
483 0 47 66 67 138 168
830 0 47 66 67 95 138 168 180
757 0 47 95 138 159 162 168 180
852 0 47 50 51 61 138 168 171
879 0 4 62 63 88 89 138 164
637 0 66 85 94 95 138 159 175
947 0 16 32 33 58 66 95 138 180
816 0 4 138 157 159 164
1097 0 27 28 85 138 159 160 161
751 0 25 26 34 60 94 95 138 180 184
868 0 34 35 36 50 51 60 95 138 180
1008 0 34 57 60 88 89 138 175
882 0 31 47 57 58 59 60 138 168
717 0 60 66 67 95 138 168 180
851 0 35 36 59 60 61 138
755 0 109 110 138 160 161
1070 0 5 6 7 8 16 138 180 181
833 0 72 90 138 148 180 181
732 0 47 138 160 161 168 180 184
883 0 45 46 60 138 168 180 184
938 0 32 33 76 77 78 138 180 184
482 0 34 35 36 60 95 138 180
813 0 64 65 95 138 159 160 161 162 180
769 0 16 32 33 95 138 180
1088 0 66 67 95 138 180 184 185
914 0 11 30 34 41 94 95 140
370 0 30 34 35 36 90 91 92 93
792 0 22 23 30 34
933 0 30 47 52 168
755 0 30 157 159 168
902 0 30 53 54 55 56 168
998 0 27 28 30 52 90 91
1061 0 30 59 61
911 0 66 67 71 83 94 95
523 0 17 18 53 54 71 83 180 181
833 0 25 26 57 58 71 83 95 180
839 0 30 31 71 72 138
817 0 18 47 52 57 58 71 113 114
668 0 16 18 41 42 71 73
572 0 47 52 71 91 92 142
786 0 66 67 71 91 94 95 101 103
579 0 16 32 33 148
697 0 143 145 148 153 180 184
695 0 34 35 36 60 148 180 184
718 0 34 57 58 60 148 180 184
698 0 47 52 95 148 157 159 180
520 0 3 4 32 33 95 148 180
677 0 95 148 169 170 180 184 185
583 0 3 4 35 36 82 83
641 0 4 90 91 138 164 174 175
673 4 58 164 174 186 187
533 4 26 64 65 101 164
568 4 27 28 164 169 187
559 0 4 57 58 62 63 138 160 161 164
689 4 47 61 62 63 138 164
715 4 47 61 138 141 142 164
553 0 3 4 47 52 64 65
555 4 55 56 64 65 164
520 0 4 7 8 138 164
556 4 12 13 32 33 138 164
779 4 18 82 164 188 189
764 4 62 63 94 95 160 161 164
760 4 50 51 53 54 164
721 4 35 36 156 157 164
732 0 3 4 25 26 57 58
675 4 88 89 164 184 185
574 4 22 23 164
750 4 47 52 62 63 164
746 4 62 63 160 161 164
846 138 164 165 169 187
558 55 56 138 164 165
669 0 71 91 138 164 165
773 38 76 77 164 165
780 172 173 180 181 182 183 184 185
924 0 76 158 163 172 173
821 115 116 129 130 172 173 182 183
824 72 76 82 94 95 172 173
620 35 36 77 78 180 181 182 183
438 77 78 116 130 143 182 183
620 0 76 77 78 169 170
241 0 3 4 27 28 45 46
441 0 3 4 64 65 160 161
713 0 1 59 125 126 133
524 0 1 59 90 91 125 126 135
654 0 1 34 53 54 59 60 88 89 125
376 0 1 59 90 91 125
605 0 1 34 47 59 125 190 191
760 0 1 125 149 189
756 0 1 3 4 125 149 150
767 0 1 16 39 40 61 70 125
804 0 1 3 4 31 47 125 138
734 0 1 125 138 157 159
1224 0 1 125 138 160 161
650 0 1 55 56 107 108 125 138
778 0 1 30 52 57 58 125 192 193
949 0 1 30 61 125 138
1036 0 1 57 58 125 148 186 187
870 0 1 125 148 169 170 184 185
799 0 1 59 90 91 125 134 135
1024 0 1 11 125 126
834 0 1 2 59 88 89 123 124
914 0 1 2 57 58 138 169 187
669 0 1 2 66 90 91 138 175
688 0 1 2 16 31 60 138
744 0 1 2 71 83 94 95 160 161
1169 0 1 2 7 8 66 67 138
738 0 1 11 125 126 166 167
962 0 1 34 40 94 95 125
558 0 1 34 40 53 54 125
640 0 34 39 47 59 70 94 95
984 0 39 57 58 70 71 91 141 142
330 0 39 40 70 159 162 168
351 0 70 71 91 133
832 0 3 4 70 73 151 152
487 0 59 70 88 89 135
719 0 3 4 39 138 139 140 151 152
916 0 57 58 59 135 138 139 140
652 0 50 51 94 138 169 184 187
765 0 88 89 138 169 187
944 0 25 26 34 47 94 95 138
1039 0 34 47 50 51 57 58 138 180 184
596 0 34 47 90 91 138
699 0 14 47 69 138 168
826 0 31 47 59 90 91 138
752 0 4 109 110 138 164
799 0 11 126 138 164 165
722 0 58 66 138 154 189
811 0 66 67 109 110 138
859 0 85 94 95 138 159 192 193
737 0 62 63 85 88 89 138 159
1056 0 34 50 51 60 94 95 138 180 184
824 0 34 35 36 60 66 67 95 138 180
821 0 25 26 34 57 58 60 95 138 180
803 0 3 4 31 34 47 60 138
885 0 17 18 60 138 168 180 181
833 0 59 60 61 138
884 0 45 46 60 61 138 168 171
685 0 6 11 126 138 160
828 0 12 13 16 32 33 138 180 181
438 0 16 138 150 180 181 188
997 0 29 138 144 180 181
966 0 45 46 47 138 168 180 184
917 0 34 60 88 89 138 180 184
872 0 138 154 180 184 189
1044 0 7 8 16 60 61 95 138 180
848 0 95 138 158 160 161 163 180
859 0 16 32 33 95 138 180
1127 0 90 91 95 138 180 192 193
831 0 25 26 58 95 138 174 180
897 0 16 30 31 34 60 94 95
988 0 30 34 53 54 90 91 92 93
878 0 30 34 57 169 170 175
934 0 30 31 34 47 59
533 0 30 47 52 57 58 168 192 193
697 0 30 159 162 168
537 0 30 55 56 168 169 170
548 0 30 35 36 52 92 93
707 0 30 52 90 91 92 93
674 0 30 31 47 52 168 171
652 0 30 59 61 169 170
647 0 3 4 72 82 148
633 4 17 18 90 91 164 174 175
293 0 3 4 58 174 180 181
673 3 4 75 101 119 120
533 4 27 28 90 91 164
707 0 3 4 27 28 160 161
791 0 4 62 63 90 91 138 164
631 0 3 4 37 38 160 161
497 0 3 4 115 116 129 130
695 4 64 65 164
693 4 55 56 64 65 164
695 0 4 7 8 138 164
713 0 4 17 18 138 164 194 195
466 4 164 176 177 178 179
643 4 66 94 95 164 175
608 4 94 95 138 164 196
658 4 53 54 65 113 164
831 0 3 4 35 36
756 4 34 57 58 164 194
747 4 82 83 88 89 164
858 4 64 65 86 87 164
355 4 37 38 47 52 164
743 4 60 115 145 164 195
686 4 55 56 164
808 60 138 164 165 195
755 27 28 30 52 164 165
838 148 164 165 186 187
819 34 40 164 165
910 72 76 82 172 173
894 109 110 172 173 182 183
1124 0 57 58 62 63 76 172 173
562 62 63 90 91 172 173 182 183
662 0 71 91 172 173 182 183
809 35 36 172 173 182 183
869 35 36 77 78 182 183
777 0 3 4 58 174 194 195
844 0 3 4 47 52 62 63
657 0 3 138 165
518 0 1 11 125 126 127 133 134 140
739 0 1 73 125 126 197 198
734 0 1 30 52 125 126 135
962 0 1 16 57 58 59 124 125 160
847 0 1 59 86 87 125
687 0 1 34 47 57 58 59 125
884 0 1 50 51 96 125 149 178 179 189
807 0 1 16 125 134 135 149 150
1102 0 1 3 4 90 91 101 103 125
1072 0 1 57 58 125 138 160 161 169 187
824 0 1 34 47 90 91 125 138
1023 0 1 34 57 58 60 125 138
734 0 1 95 125 138 159 162 180
626 0 1 16 96 125 138 178 179 196
1024 0 1 30 52 60 92 125 142 195
1318 0 1 16 30 31 125
757 0 1 16 32 124 125 148
570 0 1 47 52 92 125 142 148
1022 0 1 18 60 82 125 148 195
849 0 1 59 90 91 125 134 135
983 0 1 88 89 125 126 127 128
1093 0 1 11 125 126 166 167
727 0 1 16 125 166 167
1069 0 1 2 59 123 124
1012 0 1 2 138 169 187 190 191
761 0 1 2 47 138 168 199 200
641 0 1 2 34 57 58 60 138 194 195
560 0 1 2 34 90 91 138 194
965 0 1 2 16 30 61
796 0 1 2 7 8 57 58 59
738 0 1 2 76 172 173
837 0 1 34 40 90 91 125
986 0 16 32 33 39 57 58 59 70
662 0 1 34 39 40 57 58 70 125
617 0 3 4 7 8 39 70
281 0 39 40 70 168 199 200
295 0 34 40 57 58 70 133 194 195
1014 0 3 4 39 70 151 152
784 0 11 70 73 125 126 201
786 0 57 58 59 70 135
882 0 57 58 59 133 138 139 140
783 0 16 31 73 138 139 140 171
1026 0 94 95 138 160 161 169 187
870 0 57 58 138 169 187
584 0 25 26 57 58 138 169 187
518 0 34 47 60 66 67 94 95 138 168
747 0 34 47 94 95 138 159 162
944 0 34 47 57 88 89 138 175
960 0 4 47 138 164 168
500 0 25 26 47 138 168 180 184
938 0 31 47 138 168 171 199 200
771 0 4 58 138 160 161 164 174
876 0 4 64 65 138 159 162 164
713 0 66 94 95 138 159 162 175
810 0 58 66 138 154 189
783 0 58 60 66 92 138 142 195
1088 0 19 20 21 94 95 138 157 159
775 0 16 85 138 159 196
829 0 85 138 158 159 163
780 0 34 60 138 188 189 199 200
797 0 13 16 34 60 94 95 138 196 199
859 0 34 35 36 60 138 160 161 180 184
1077 0 34 35 36 60 88 89 92 93 138
1116 0 34 35 36 60 138 160 161
615 0 34 57 58 59 60 138 196
712 0 16 34 60 131 132 138
472 0 4 60 138 164 168
545 0 60 138 168 196 197 198
616 0 59 60 61 138
621 0 27 28 60 138 160 161 195
707 0 27 28 60 138 160 161 195
594 0 3 4 35 36 82 83 160 161
640 4 65 82 91 113 164
566 4 33 58 138 160 164 174
626 4 17 18 57 58 101 103 164
532 0 4 109 110 138 164
737 0 3 4 27 28 66 67
466 4 57 58 62 63 164 186 187
569 0 3 4 37 38 66 67
652 4 47 141 142 164 168
709 0 3 4 64 65 169 170
556 0 4 64 65 138 160 161 164
448 0 4 17 18 138 164
668 4 17 18 34 47 164
487 4 65 113 164 172 173 182 183
685 4 164 190 191 192 193
712 4 94 95 160 161 164
779 4 34 53 54 60 164
632 0 4 25 26 35 36 138 164
643 4 41 57 58 128 164
852 0 3 4 57 58
667 0 4 107 108 138 164
562 4 64 65 164 169 170
670 4 27 28 47 52 164
682 4 47 52 62 63 164
974 4 60 141 142 164 195
746 4 156 157 164
619 60 62 63 138 164 165 195
405 30 52 65 113 164 165
780 55 56 148 164 165
816 11 126 164 165
803 35 36 82 83 172 173 182 183
1200 76 137 158 172 173
846 115 116 129 130 172 173 182 183
650 117 118 172 173 182 183
778 77 78 182 183
490 0 3 4 35 36 82 83
654 0 3 4 27 28 169 170
683 0 3 4 115 145 160 161
775 0 3 148 165
803 0 1 125 126 133 138 199 200
730 0 1 57 58 59 125 126 135
247 0 1 39 59 70 90 91 125 152 202
1318 0 1 125 148 152 202
626 0 1 25 26 34 53 54 57 58 59 60
545
899 0 1 59 102 125 146
716 0 1 57 58 59 125 169 187
644 0 1 121 122 125 149 189
838 0 1 90 91 125 149 189 192 193
860 0 1 3 4 125
756 0 1 11 70 125
595 0 1 34 47 125 138 190 191
930 0 1 59 60 61 88 89 125 138
836 0 1 125 138 154 189
794 0 1 59 125 138 196
791 0 1 57 58 59 125 138 196
1075 0 1 90 91 92 93 125 138
892 0 1 30 52 58 125 174 199 200
822 0 1 30 61 125 138
682 0 1 53 54 55 56 125 148
743 0 1 125 148 169 170 192 193
984 0 1 57 58 101 103 125 148
906 0 1 125 134 135 138 199 200
900 0 1 125 149 166 167 189
895 0 1 9 25 26 125 198
1046 0 1 2 39 70 71 91
658 0 1 2 34 47 88 89 138
644 0 1 2 34 60 66 67 94 95 138
512 0 1 2 34 66 67 94 95 138 194
852 0 1 2 30 34 169 170
796 0 1 2 30 52 71 72
738 0 1 2 7 8 138 199 200
929 0 1 16 61 125 166 167 171
939 0 1 9 125 198
811 0 19 20 21 39 57 58 59 70
504 0 1 39 57 58 59 70 125
232 0 39 57 58 59 70 134 135
981 0 39 70 197 198 199 200
813 0 34 40 57 58 70 133 194 195
621 0 3 4 39 70 151 152
1053 0 70 73 197 198
842 0 57 58 59 70 135 160 161
605 0 59 133 138 139 140
863 0 73 138 139 140 194 195 197 198
614 0 94 95 138 169 187
908 0 50 51 94 95 138 169 187
797 0 57 88 89 138 169 175 187
684 0 34 47 85 94 95 138 159
859 0 34 47 50 51 94 138 184
812 0 34 47 57 94 95 138 175
976 0 34 47 71 91 131 132 138
980 0 34 47 138 144 146
762 0 3 4 47 60 61 138 168
510 0 47 85 138 156 168
724 0 47 57 58 59 61 138
599 0 4 27 28 138 160 161 164
1002 0 16 138 164 165 166 167
735 0 16 66 135 138 139 140 175
808 0 58 60 66 95 138 180 195
659 0 27 28 66 67 90 91 138
868 0 58 66 138 157 159 199 200
879 0 85 138 159 174 175 190 191
811 0 62 63 85 107 108 138 159
878 0 34 60 94 95 138 154 189 199 200
718 0 34 60 94 95 138 160 161
539 0 34 35 36 60 92 93 94 95 138 160
638
470 0 34 57 58 60 95 138 180 194 195
621 0 34 60 71 91 131 132 138
629 0 47 60 61 138 148 168
737 0 60 138 154 168 189 199 200
739 0 17 18 60 138 168 180 181
698 0 16 31 60 61 138 171
572 4 26 64 65 101 164
617 0 3 4 62 63 88 89
710 4 45 46 64 65 164
553 4 45 138 164 203 204 205
566 0 3 4 36 180 181 203
812 4 17 18 34 164 206 207 208
775 4 17 18 34 47 164
497 4 12 13 65 113 164
636 4 82 83 164 188 189
757 0 3 4 60 94 95 195
622 4 94 95 96 97 105 106 164
648 4 34 53 54 164 194
700 4 35 36 156 157 164
772 4 25 26 27 28 57 58 164
732 4 57 58 82 83 164
739 4 88 89 164
686 4 164 184 185 206 207
731 0 3 4 169 170
684 4 45 46 164
747 4 115 145 160 161 164
668 1 125 138 152 164 165 202
619 3 60 138 165 209
807 30 34 52 164 165 208
558 17 18 71 91 164 165
741 7 8 16 164 165
928 34 116 130 143 172 173 182 183 208
873 172 173 182 183 184 185 194 195
921 0 57 58 76 101 103 172 173
1463 0 62 63 76 172 173 206 207
693 0 76 172 173 203 204 206 207
662 117 118 172 173 182 183
696 0 76 169 170 172 173
848 35 36 77 78 180 181 182 183
809 0 3 4 174 175 206 207
814 0 3 4 27 28 60 195
1029 0 3 4 47 52 64 65
771 0 3 4 36 199 200 203
436 0 3 16 165
942 0 1 39 40 52 125 126 199 200
489 0 1 39 125 126 197 198
714 0 1 57 58 59 125 126 135 160 161
611 0 1 3 4 125 152 202
716 0 1 95 125 138 152 160 161 180 202
760 0 1 125 148 152 202 205 210
413 0 1 50 51 53 54 59 125
1033 0 1 30 52 59 72 90 125
644 0 1 47 52 59 125
699 0 1 47 52 59 121 122 125
928 0 1 125 144 146 149 189 192 193
595 0 1 125 149 150 211 212
591 0 1 3 4 57 58 101 103 125 160 161
806 0 1 94 95 125 138 169 187
725 0 1 25 26 34 47 94 95 125 138
1021 0 1 60 125 138 195
949 0 1 16 60 61 125 138
573 0 1 57 58 59 125 138 196
1070 0 1 88 89 92 93 125 138
834 0 1 16 30 52 61 125 208
1075 0 1 30 57 58 59 61 125
1059 0 1 9 50 51 125 198 205 210
624 0 1 16 125 148 150 154
800 0 1 53 54 92 125 142 148
965 0 1 16 61 125 148 208
1019 0 1 90 91 101 103 125 148
826 0 1 125 134 135 138 159 162
870 0 1 52 125 199 200 211
832 0 1 34 40 94 95 125
1158 0 1 9 25 26 125 198
865 0 1 9 125 198 199 200
412 0 1 2 3 4 39 70
847 0 1 2 34 47 57 58 138 160 161
1235 0 1 2 138 159 162
693 0 1 2 60 138 168 199 200
1107 0 1 2 30 34 94 95 194 195
1081 0 1 2 71 83 94 95 160 161
977 0 1 2 7 8 59 206 207
827 0 1 2 76 77 78
929 0 1 75 81 125 211 212
986 0 39 59 70
672 0 34 39 47 59 70 90 91
633 0 1 16 39 70 125
623 0 11 39 70 126 205 210
685 0 11 39 70 134
576 0 16 31 39 70 171
968 0 40 70 133 168 199 200
637 0 39 70 71 74 91 147
1198 0 70 73 197 198
299 0 57 58 59 70 135
1005 0 34 35 36 40 133 138 139 140
683 0 3 4 39 138 139 140
743 0 3 4 135 138 139 140
712 0 25 26 94 95 138 169 180 184 187
689 0 34 57 58 86 87 138 169 187 194
960 0 111 112 138 169 187
736 0 47 138 148 205 209 210
536 0 47 138 209 211 212
518 0 34 47 94 95 138 160 161
1058 0 34 47 94 95 138 160 161
767 0 34 47 57 138 175 190 191
634 0 34 47 88 89 90 91 92 93 138
722 0 47 59 60 61 138 168
670 0 47 138 168 196 197 198 199 200
641 0 31 47 138 148 199 200
704 0 11 45 122 126 136 138 205
590 0 4 16 33 58 138 160 164 174
725 0 4 64 65 138 159 162 164
698 0 16 138 164 165
649 0 66 94 95 138 169 175 187
514 4 72 82 164 168 211
638 0 3 4 90 91 174 175
668 4 50 51 58 164 174
446 4 94 101 103 164 184
592 4 27 28 101 164 213
699 4 37 38 101 164 213
636 4 109 110 164
686 4 27 28 164 169 187
619 0 4 27 28 138 160 161 164
677 0 4 62 63 88 89 138 164
709 0 4 45 46 62 63 138 164
703 4 141 142 164 213 214
254 4 45 138 141 142 164 205
647 4 65 113 115 116 164
821 0 3 4 60 64 65 195
610 0 3 4 60 195 215 216
710 4 79 89 164 217 218
811 4 17 18 47 52 164 203 204
778 0 4 25 26 138 164 203 204
697 4 36 65 113 164 203
530 0 4 138 164
812 4 17 18 164
547 0 3 4 17 18 180 181
748 4 164 176 177 178 179 192 193
496 4 164 174 175 190 191
724 4 50 51 94 95 164
637 4 94 95 164 174 175
736 4 34 53 54 164 208
655 4 35 36 164 217 218
643 0 4 25 26 57 58 138 164
583 4 57 58 82 83 164
898 0 4 88 89 138 164
784 4 164 168 208 213 214
834 4 116 130 141 142 143 164
768 4 47 52 65 113 164
692 0 4 66 67 138 164
686 4 160 161 164 203 204
974 4 16 33 160 164
736 4 156 157 164
862 138 157 159 164 165
436 138 164 165 219 220
827 30 164 165 168
669 82 83 148 164 165
805 138 164 165 166 167
948 35 36 113 114 172 173 182 183
781 0 53 54 76 172 173 174 175
801 76 137 158 172 173
862 62 63 172 173 182 183 206 207
1213 64 65 172 173 182 183 199 200
814 0 76 172 173
809 53 54 172 173 182 183
693 47 52 77 78 182 183 203 204
709 0 57 58 76 77 78
460 0 3 4 25 58 174 220
809 0 3 4 57 58 62 63
1065 0 3 4 45 46 64 65
569 0 3 4 66 67 203 204
865 0 3 138 165 194 212
822 0 1 34 40 90 91 125 126 133
782 0 1 59 73 125 126
657 0 1 30 52 125 126 135 199 200
481 0 1 125 138 152 157 159 202
990 0 1 30 52 125 152 202
600 0 1 30 31 59 125 152 202
619 0 1 11 125 134 152 202
760 0 1 41 57 58 59 125 128
676 0 1 18 59 90 125 206 207
785 0 1 59 75 125 211 212 214
752 0 1 34 47 59 107 108 125
792 0 1 50 51 96 125 149 178 179 189
915 0 1 34 66 67 94 95 125 149 189 208
637 0 1 125 149 189
569 0 1 3 4 88 89 101 103 125
610 0 1 66 67 94 95 125 138 169 187
884 0 1 25 26 34 47 94 95 125 138
781 0 1 16 85 125 138 159 196
965 0 1 34 60 107 108 125 138
904 0 1 16 60 61 95 125 138 180
730 0 1 55 56 125 138 160 161
573 0 1 60 92 125 138 142 195
915 0 1 30 52 57 58 125 141 142
708 0 1 30 61 125 149 189
1239 0 1 9 25 125 198 205 210 220
892 0 1 125 148 154 189
847 0 1 53 54 125 148 217 218
1084 0 1 90 91 125 148 192 193
1084 0 1 113 114 125 148 169 170
737 0 1 57 58 125 141 142 148
810 0 1 125 134 135 138 159 162
929 0 1 34 125 206 207 211
870 0 1 75 76 77 78 81 125
1039 0 1 9 10 11 125
871 0 1 2 39 70 71 91
1035 0 1 2 34 47 57 58 138
976 0 1 2 25 47 138 168 220
761 0 1 2 47 138 168 219 220
601 0 1 2 34 60 94 95 138 160 161
721 0 1 2 138 148 194 209
614 0 1 2 30 34 35 36
304 0 1 2 71 83 94 95 160 161
1075 0 1 2 50 51 210 216
988 0 1 2 7 8 25 26 138
560 0 1 125 138 152 160 161 202
580 0 1 34 40 125 169 170
725 0 16 32 33 39 57 58 59 70
688 0 3 4 27 28 39 70 90 91
641 0 39 60 70 71 91 94 95 192 193 195
772 0 39 46 64 65 70 159 162 210
641 0 11 39 70 126
585 0 16 39 61 70 171
638 0 16 40 61 70 133
710 0 3 4 82 83 94 181
677 4 18 45 82 164 216
653 0 3 4 174 175 213 214
664 4 25 58 164 174 220
676 4 94 101 103 164 184
638 4 101 164 174 175 213
811 0 3 4 109 110
602 0 3 4 27 28 169 170
529 3 4 27 28 60 209
691 4 57 58 62 63 164
682 4 47 61 62 63 138 164
535 4 141 142 164 213 214 217 218
859 4 47 52 141 142 164
279 4 17 18 60 115 145 164 195
703 4 45 46 64 65 164
254 4 64 65 164 186 187
869 4 156 157 164 215 216
739 4 164 168 169 170 184 185 221
895 4 17 18 60 164 168 195 221
736 4 31 138 164 221
698 4 31 47 138 164 203 204
572 4 25 164 203 204 220
496 0 3 4
715 0 4 138 164
536 4 17 18 164
667 4 17 18 32 164 222
700 4 12 13 65 113 164
869 4 12 13 82 83 164
619 4 62 63 148 164 223
631 4 82 83 164 188 189
496 0 3 4 60 94 95 195
617 4 32 33 94 95 138 164
550 4 50 51 53 54 164
622 0 3 4 35 36 160 161
610 0 4 35 36 138 164
808 4 57 58 164 194 195
886 4 57 58 164
810 4 107 108 164 168 221
670 4 164 184 185 213 214
651 4 116 130 141 142 143 164
783 3 4 47 52 208 209
824 4 37 38 66 67 164
839 4 115 145 160 161 164
718 4 115 145 164 194 195
806 34 47 138 164 165
784 50 51 138 164 165
700 30 52 164 165 174 175
779 16 32 33 148 164 165
775 128 164 165 224 225
685 164 165 168 171
673 113 114 169 170 172 173 182 183
673 0 76 172 173 174 175 213 214
451 27 28 90 91 172 173 182 183
881 47 52 62 63 172 173 182 183
822 60 172 173 182 183 195 215 216
988 172 173 180 181 182 183 203 204
1006 0 76 94 95 172 173
984 172 173 182 183 199 200
1084 0 76 77 78 168 213 214 221
837 77 78 168 182 183 213 214 221
830 76 77 78 94 95 194 209
786 0 3 4
433 0 3 4 90 91 101 103
872 0 3 4 45 46 62 63
643 0 3 4 64 65 219 220
654 0 3 4 168 219 220 221
969 0 3 4 36 203 219 220
983 0 3 16 135 165 224
433 0 1 46 125 126 133 210
1036 0 1 73 125 126 138
502 0 1 125 126 135 148 199 200
475 0 1 66 67 125 138 152 202
990 0 1 59 90 91 125 138 152 196 202
247 0 1 125 152 202 205 210 224 225 226
621 0 1 25 26 34 53 54 57 58 59 60
666
1066 0 1 57 58 59 125 160 161
535 0 1 19 59 125 177 178 179
455 0 1 59 125 169 170
834 0 1 11 121 122 125 126
899 0 1 57 58 125 149 189 217 218
627 0 1 34 125 149 189 208 227 228
756 0 1 125 149 189
807 0 1 3 4 125
716 0 1 3 4 58 125 160 161 174
701 0 1 3 4 50 51 58 125 174
569 0 1 70 125 225 226
884 0 1 47 57 58 59 61 125 138
973 0 1 9 45 125 138 198 199 200 205
900 0 1 60 61 125 138 211 212
762 0 1 125 138 154 189
771 0 1 3 4 125 138 196
670 0 1 88 89 125 138 217 218
752 0 1 30 52 60 92 125 142 195
1148 0 1 30 31 59 125 213 214
779 0 1 16 30 61 125 134 135
1070 0 1 125 149 189 205 210
708 0 1 125 148 154 189
1059 0 1 60 96 97 125 148 195
803 0 1 60 92 125 142 148 195
979 0 1 94 95 113 114 125 148
897 0 1 94 95 101 103 125 148
673 0 1 73 125 197 198 224
794 0 1 59 125 135 213 214 224
819 0 1 16 73 125 224
996 0 1 125 134 135 148 199 200
776 0 1 52 125 199 200 211
700 0 1 75 76 77 78 81 125
561 0 1 9 125 198 199 200
600 0 1 2 66 67 94 95 123 222
704 0 1 2 138 139 226
616 0 1 2 45 46 47 138 168
560 0 1 2 16 85 138 159 196
820 0 1 2 34 60 111 112 138
613 0 1 2 34 60 88 89 138
329 0 1 2 3 4
638 4 18 66 82 164 175
583 4 17 18 164 174 175 213 214
784 0 3 4 58 174 194 195
594 0 3 4 57 58 101 103 160 161
809 4 27 28 101 164 213
608 0 4 109 110 138 164
581 4 17 18 27 28 164 169 170
799 4 27 28 82 83 160 161 164
604 4 62 63 88 89 164 186 187
578 4 62 63 164
624 3 4 141 142 208 209 213 214
448 4 47 61 138 141 142 164
661 4 60 115 145 164 195
673 0 3 4 64 65 66 67
647 4 64 65 164 217 218
556 4 55 56 164 215 216
647 0 3 4 168 169 170 221
472 4 60 164 168 195 221
677 4 16 61 164 221
629 4 47 61 138 164 203 204
686 0 3 4 180 181 203 204
737 0 1 4 125 138 164
712 4 17 18 19 20 21 164
485 4 17 18 47 52 164 217 218
673 0 3 4 17 18 180 181
520 4 102 104 164
863 3 4 119 120 223
605 4 18 82 164 190 191
668 4 94 95 160 164 222
775 4 94 95 164 184 185
709 4 53 54 164 217 218
878 4 35 36 164 219 220
960 4 57 58 160 161 164
583 4 33 57 58 138 160 164
898 4 57 58 164 186 187
868 4 88 89 164 184 185
684 4 90 91 164 168 221
636 4 34 164 206 207 208
557 4 164 169 170 174 175
574 4 47 52 164 168 221
711 4 27 28 60 164 195
573 4 50 51 164
746 123 164 165 222
689 138 157 159 164 165
862 138 164 165 219 220
716 30 34 164 165
731 65 113 148 164 165
688 127 128 134 164 165
669 168 172 173 182 183 206 207 208
805 172 173 180 181 182 183 184 185
948 58 75 76 101 172 173 174
781 0 62 63 76 172 173 227 228
758 115 116 129 130 172 173 182 183
776 64 65 172 173 180 181 182 183
961 64 65 172 173 182 183 199 200
1142 169 170 172 173 182 183 203 204
814 0 76 94 95 172 173 194 195
650 116 130 143 172 173 182 183
862 47 52 77 78 182 183 203 204
678 0 57 58 76 77 78
751 0 3 4 25 58 174 220
686 0 3 4 57 58 62 63
277 0 3 4 47 52 64 65 199 200
636 0 3 4 47 52 168 199 200 221
965 0 3 4 50 51 203 204
964 0 3 30 52 165
844 0 1 34 40 90 91 125 126 133
950 0 1 52 125 126 199 200 221 225 226
580 0 1 50 51 125 126 135 138
597 0 1 39 46 70 125 152 202 210
744 0 1 66 67 95 125 138 152 180 202
713 0 1 66 67 125 138 152 202 205 210
619 0 1 53 54 59 125
743 0 1 11 41 57 58 59 125 140
803 0 1 18 59 90 125 213 214
772 0 1 59 90 91 103 125 214
851 0 1 34 47 57 58 59 125
605 0 1 16 121 122 125 135 224
838 0 1 57 58 125 149 189 192 193
725 0 1 46 125 149 150 210
742 0 1 123 125 190 191 222
796 0 1 16 39 40 61 70 125
1022 0 1 66 67 94 95 125 138 169 187
765 0 1 34 47 94 95 125 138 160 161
1072 0 1 85 125 138 159
881 0 1 34 60 111 112 125 138
968 0 1 66 67 95 125 138 180
842 0 1 55 56 111 112 125 138
845 0 1 90 91 92 93 125 138
663 0 1 57 58 92 125 138 142
684 0 1 30 34 52 57 58 125 208
310 0 1 30 31 60 125 138 195
1133 0 1 30 34 90 91 125
760 0 1 125 138 160 161 205 210
899 0 1 16 32 124 125 148
1184 0 1 125 148 213 214 217 218
779 0 1 125 148 192 193 213 214
753 0 1 125 148 184 185 213 214
1022 0 1 125 141 142 148 213 214
783 0 1 59 73 125 206 207 224
810 0 1 45 46 125 135 138 224
686 0 1 16 125 134 135
514 0 1 16 73 125 134
469 0 1 66 67 125 126 127 128
665 0 1 34 40 57 58 125
569 0 1 16 61 125 171
688 0 1 2 39 59 70
677 0 1 2 88 89 138 169 187
652 0 1 2 47 138 168 199 200
569 0 1 2 25 26 34 60 94 95 138
505 0 1 2 138 148 194 209
752 4 17 18 164 169 170 174 175
589 4 75 76 77 78 101 164
699 4 23 64 65 164 229
636 4 18 27 28 82 90 91 164
688 4 17 18 27 28 47 52 164
781 4 25 26 53 54 62 63 164
308 0 3 4 62 63 90 91
640 0 4 62 63 90 91 138 164
598 0 4 37 38 66 67 138 164
708 4 65 113 141 142 164 206 207
611 4 66 141 142 164 175
590 4 64 65 139 164 226
611 0 3 4 60 64 65 195
598 0 3 4 60 195 215 216
754 4 50 51 79 164 230
572 4 79 82 83 89 164
649 4 164 168 221
448 4 138 164 168 196 221
540 4 139 164 203 204 226
524 0 3 4 60 195 203 204
790 0 4 25 26 36 138 164 203
672 0 4 30 34 164
503 4 17 18 164 206 207
523 4 17 18 60 61 138 164
485 4 12 13 164 168 208
673 4 18 82 148 164 223
520 4 34 164 188 189 208
863 4 60 61 94 95 138 164
482 3 4 94 95 194 209
557 0 3 4 25 26 230 231
710 4 82 83 89 164 231
596 3 4 53 54 208 209
691 0 3 4 35 36 180 181
523 4 35 36 138 164 196
726 4 33 57 58 138 160 164
924 4 57 58 164 186 187
565 4 88 89 164 184 185
688 4 90 91 164 168 221
675 3 4 206 207 208 209
686 4 164 169 170 184 185
533 4 47 52 164 215 216
823 4 60 61 138 164
728 4 50 51 164 203 204
671 4 164 229 232
713 66 67 138 164 165
815 138 164 165 194 212
692 30 31 138 164 165
781 3 148 165 208 209
605 38 76 77 164 165
558 34 116 130 143 172 173 182 183 208
838 116 130 143 172 173 182 183 184 185
854 47 52 172 173 174 175 182 183
739 0 27 28 47 52 76 172 173
840 37 38 47 52 172 173 182 183
893 79 172 173 182 183 199 200 230
793 0 1 2 76 172 173
862 172 173 182 183 199 200 230 231
1159 169 170 172 173 182 183
852 0 76 77 78 169 170 203 204
657 35 36 77 78 180 181 182 183
646 0 3 4 90 91 174 175
848 0 3 4 27 28 213 214
839 0 3 4 141 142 169 170
490 0 3 4 25 215 216 220
1065 0 3 4 168 213 214 221
778 0 3 4 168 206 207 221
647 0 3 4 66 67 203 204
1098 0 3 138 165 194 195
728 0 1 11 125 126 133 134
941 0 1 39 125 126 138 159 162
510 0 1 125 126 135 138 139 226
607 0 1 3 4 125 152 202
653 0 1 125 138 152 160 161 180 184 202
685 0 1 125 148 152 202
1318 0 1 11 125 134 152 202
548 0 1 57 58 59 90 91 125 160 222
642 0 1 59 88 125 159 162 230
1033 0 1 19 59 125 179 219 220
783 0 1 57 58 59 125 160 161 169 187
830 0 1 59 90 91 121 122 125
756 0 1 25 26 57 58 92 125 142 149 189
617 0 1 34 107 108 125 149 189 208
658 0 1 59 88 89 123 124 125
756 0 1 3 4 25 58 125 174 220
564 0 1 11 70 125
897 0 1 47 59 61 88 89 125 138
595 0 1 45 46 125 138 205 210
818 0 1 16 60 61 125 138
787 0 1 125 138 154 189 199 200
824 0 1 46 125 138 196 210
1005 0 1 88 89 125 138 217 218
1023 0 1 30 52 57 58 92 125 142
673 0 1 30 31 59 125
1148 0 1 30 61 125 138
781 0 1 9 25 26 125 198 205 210
605 0 1 125 205 210 211 212
834 0 1 53 54 55 56 125 148
505 0 1 90 91 92 93 125 148
1013 0 1 92 125 142 148 169 170
787 0 1 47 52 92 125 142 148
892 0 1 52 125 148 199 200 208
685 0 1 18 60 82 125 148 195
642 0 1 53 54 125 128 224 225
698 0 1 16 73 125 224
709 0 1 76 77 78 125 135 224
700 0 1 3 4 125 134 135
682 0 1 34 94 95 125 211
570 0 1 16 125 166 167
530 0 1 34 40 47 52 125
566 0 1 2 59 90 91 123 124
641 0 1 2 39 70 71 91
541 0 1 2 34 47 66 67 94 95 138
701 0 1 2 138 148 223 233 234
751 4 35 36 82 83 160 161 164
655 4 18 28 82 164 235
699 4 18 90 164 174 175
482 4 25 26 58 164 174
711 0 3 4 94 101 103 181
552 4 34 75 101 164 211
514 0 3 4 23 229
674 4 17 18 27 90 91 164 236
739 4 27 28 164 169 170 184 185
730 4 17 18 27 28 60 164 195
529 4 62 63 164 237 238
629 4 17 18 62 63 164 213 214
808 0 3 4 37 38 60 195
700 0 3 4 116 130 141 142 143
544 0 3 4 60 141 142 195
791 3 4 64 65 169 170 208 209
787 4 64 65 164 169 170 184 185
692 0 4 60 64 65 138 164 195
584 4 60 64 164 195 238
731 4 82 83 160 161 164 215 216
739 4 17 18 79 164 194 195 230
466 4 17 18 164 168 213 214 221
483 4 164 168 221 235 236
679 4 164 221 222 239 240
572 4 17 18 164 169 170 203 204
710 4 60 164 195 203 204
577 4 36 164 194 203 212
841 0 4 71 91 164
788 4 17 18 116 130 143 164
530 0 3 4 17 18 60 195
497 4 12 13 65 113 164
712 0 4 138 148 164 223
574 0 3 4 188 189
803 4 164 219 220 230 231
746 4 164 219 220 241 242
543 4 34 53 54 164 194
740 0 4 60 138 164 195 237 238
550 4 164 174 175 237 238
764 4 34 35 36 164 208
746 0 4 25 26 57 58 138 164
681 4 57 58 138 164 196
700 4 57 58 164 219 220
888 4 88 89 164 186 187
750 4 90 91 164 192 193
838 4 164 174 175 213 214
752 0 3 4 116 130 143
767 4 34 47 52 164 208
686 4 37 38 66 67 164
836 4 62 63 160 161 164
707 4 25 164 168 220 221
662 34 39 40 70 164 165
780 3 60 138 165 209
697 138 164 165
648 18 71 82 91 164 165
714 27 148 164 165 236
589 3 165 209 211
720 168 172 173 182 183 199 200 208
745 0 71 72 76 82 91 172 173
702 90 91 101 103 172 173 182 183
894 27 28 169 170 172 173 182 183
988 37 38 169 170 172 173 182 183
776 76 79 172 173 194 209 230
820 36 172 173 180 181 182 183 203
987 76 172 173 194 209 230 231
937 0 76 116 130 143 172 173
1119 52 77 78 182 183 199 200 221
669 53 54 77 78 182 183 199 200
809 0 3 4 72 82 148
817 0 3 4 23 229
678 0 3 4 47 52 62 63
751 0 3 4 25 64 65 220
653 0 3 4 160 161 215 216
895 0 3 4 50 51 215 216
643 0 3 4 50 51 168 221
861 0 3 4 25 26 36 203
580 0 3 148 165 199 200
927 0 1 125 126 133 138 139 226
804 0 1 59 73 125 126
682 0 1 25 26 125 126 135 138
803 0 1 39 46 70 125 152 202 210
473 0 1 66 67 95 125 138 152 180 202
612 0 1 45 46 125 138 152 202 205 210
714 0 1 16 61 125 166 167 171
495 0 1 57 58 59 125 235 236 237 238
766 0 1 59 114 125 206 207 237
541 0 1 32 57 58 59 125 222 241 242
803 0 1 18 59 90 125 169 170
413 0 1 57 58 59 103 125 160 161 214
822 0 1 34 47 59 66 67 94 95 125
851 0 1 121 122 125 149 189
595 0 1 92 107 108 125 142 149 189
699 0 1 12 13 113 114 125 149 189
616 0 1 59 123 124 125 237 238
929 0 1 3 4 18 82 125 159 162
569 0 1 16 39 70 125 135 224
578 0 1 31 47 57 58 59 125 138
625 0 1 34 47 57 58 125 138 160 161
739 0 1 60 125 138 195
672 0 1 34 60 88 89 125 138
641 0 1 66 67 95 125 138 180
618 0 1 55 56 57 58 125 138
827 0 1 88 89 92 93 125 138
692 0 1 30 52 125 192 193 241 242
713 0 1 16 30 52 61 125 221
689 0 1 30 61 125 149 189
808 0 1 3 4 30 61 125
536 0 1 9 125 198 205 210
703 0 1 76 77 78 125 205 210
676 0 1 95 125 148 159 162 180
498 0 1 92 93 94 95 125 148
583 0 1 22 23 125 148 192 193
668 0 1 57 58 113 114 125 148
820 0 1 101 103 125 148 241 242
628 4 35 36 82 83 164
580 4 18 27 28 60 82 164 195
782 4 164 174 175 213 214
547 0 4 58 138 164 174 194 195
615 4 34 60 101 103 164 237 238
541 4 34 40 75 101 164
782 3 4 122 158 209 211
559 4 27 38 164 206 236
559 4 27 28 164 169 170
727 4 27 28 82 83 160 161 164
478 4 57 58 62 63 160 161 164
556 4 17 18 62 63 164 206 207
676 4 37 38 60 164 195
809 4 141 142 143 145 153 164
676 3 4 60 141 142 209
296 4 17 18 64 65 164 169 170
624 4 60 64 65 164 195
448 4 33 64 138 160 164 238
671 0 4 138 160 161 164 215 216
598 4 79 164 194 212 230
706 4 164 168 184 185 206 207 221
763 4 17 18 164 168 169 170 221
845 4 164 168 169 170 221
788 4 82 83 160 161 164 168 221
762 4 61 138 164 221
610 4 164 203 204
496 0 3 4 180 181 203 204
773 0 1 4 125 138 164
731 0 4 164 168 211
572 4 17 18 164 168 169 170 208
752 0 4 17 18 60 138 164 195
706 4 148 164 243 244 245
746 4 12 13 34 164 208
560 4 164 176 177 178 193
485 3 4 152 202 223
607 4 164 174 175 190 191
763 0 4 94 95 138 160 161 164
706 4 34 94 95 164 208
670 4 34 164 208 230 231
776 4 164 219 220 241 242
782 4 53 54 164 194 212
543 4 60 62 63 164 195 237 238
758 4 164 168 208 237 238
362 4 35 36 55 56 164
788 4 33 57 58 138 160 164
722 4 57 58 96 97 105 106 164
781 4 34 57 58 164 208
583 4 57 58 164 168 208
716 4 63 88 89 164 244
780 4 27 28 90 91 164
865 4 62 63 164 213 214
862 0 3 4 116 130 143
858 4 47 52 164 192 193
774 4 164
607 4 160 161 164 244 245
582 4 25 26 64 65 164
787 1 3 125 152 165 202
764 138 157 159 164 165
743 3 138 165 194 209
586 30 52 164 165
679 164 165 244 245 246 247
802 161 164 165 203 204 246
815 62 63 148 164 165
731 164 165 168 211
773 52 172 173 182 183 199 200 208
648 0 76 172 173 227 228 244 245
740 63 90 91 172 173 182 183 244
611 0 76 172 173 174 175 206 207
712 109 110 172 173 182 183
817 53 54 62 63 172 173 180 181 182 183
802 90 91 115 145 172 173 182 183
754 168 172 173 182 183 213 214 221
648 0 1 2 76 172 173
960 0 76 94 95 172 173 194 195
776 76 94 95 172 173 243
961 76 172 173 194 209 230 231
1142 57 58 75 76 101 172 173
658 0 76 77 78 168 169 170 221
834 0 76 77 78 94 95 194 195
633 57 58 72 76 77 78 82
631 0 3 4 169 170 174 175
642 0 3 4 27 28 206 207
764 0 3 4 116 130 141 142 143
643 0 3 4 64 194 195 238
872 0 3 4 47 52 168 199 200 221
643 0 3 4 50 51 203 204
861 0 3 30 52 165
580 0 1 34 40 57 58 125 126 133
965 0 1 39 125 126 138 199 200
888 0 1 3 4 125 126 135
800 0 1 125 149 150 152 202 246 247
944 0 1 85 125 138 152 159 202 219 220
459 0 1 46 125 138 152 196 202 210
565 0 1 76 77 78 125 152 202 205 210
714 0 1 59 125 241 242
806 0 1 57 58 59 125 235 236 237 238
685 0 1 59 114 125 206 207 237
597 0 1 32 57 58 59 125 222 241 242
500 0 1 18 59 90 125 213 214
818 0 1 59 103 125 214 237 238
626 0 1 47 59 125 161 209 246
684 0 1 59 121 122 125 213 214
803 0 1 57 58 92 125 142 149 160 161 189
783 0 1 34 57 58 125 149 189 208
757 0 1 125 149 150 211 212
628 0 1 66 67 94 95 123 125 222
700 0 1 34 39 40 70 90 91 125
766 0 1 9 39 70 125 198 199 200
548 0 1 39 59 70 125 241 242
541 0 1 125 138 169 187 237 238
749 0 1 34 47 125 138 190 191
585 0 1 4 125 138 164
809 0 1 60 125 138 161 209 246
545 0 1 125 138 154 189 199 200
763 0 1 59 90 91 125 138 196
674 0 1 125 138 217 218 227 228
565 4 18 90 164 174 175
686 4 34 101 103 164 194 237 238
514 3 4 75 101 119 120
674 0 4 23 138 164 229
739 4 27 90 91 164 236
730 0 3 4 27 28 169 170
614 4 27 28 60 164 195
515 0 3 4 57 58 62 63 160 161
569 4 62 63 164 213 214
583 0 4 37 38 60 138 164 195
583 4 116 130 141 142 143 164
725 0 4 60 138 141 142 164 195
644 4 64 65 164 169 170 184 185
847 0 4 60 64 65 138 164 195
779 4 60 64 164 195 238
688 4 82 83 160 161 164 215 216
634 3 4 194 209 215 248
601 4 79 156 157 164 230
448 3 4 168 169 170 208 209 221
644 4 157 159 164 168 221
472 4 60 61 138 164 168 221
518 4 52 65 113 164 221
668 0 3 4 47 52 203 204
712 4 50 51 164 203 204
472 4 36 164 186 187 203
521 0 4 148 164
668 4 17 18 63 164 206 207 244
626 4 17 18 47 61 138 164
776 4 32 33 138 148 164 243
727 4 110 164 243 249
614 4 164 168 172 173 182 183 208
803 0 3 4 25 26 248 250
553 4 63 148 164 223 244
712 4 164 202 223 251
737 4 18 82 164 190 191
572 0 3 4 94 95 160 161
869 3 4 94 95 208 209
448 3 4 208 209 230 231
472 4 89 164 231
589 4 25 53 54 164 220
703 4 27 28 60 164 195 237 238
643 4 34 164 208 237 238
865 4 35 36 156 157 164
761 4 57 58 160 161 164
655 4 57 58 164 194 212
703 3 4 57 58 194 209
829 4 57 58 164
667 4 131 132 138 164
894 4 86 87 164 168 221
862 4 65 113 164 206 207
747 4 164 169 170 244 245
598 4 37 38 47 52 164
774 4 66 67 164
692 4 160 161 164 168 221
702 4 16 32 33 164
715 3 47 138 165 209
825 138 160 161 164 165 174 175
689 3 30 52 165 208 209
562 27 71 91 164 165 236
746 164 165 203 204 246 247
713 148 164 165 186 187
716 73 138 164 165 224
719 40 164 165 168
773 35 36 113 114 172 173 182 183
648 0 53 54 76 172 173 244 245
740 63 172 173 182 183 206 207 244
557 0 76 169 170 172 173 174 175
651 76 109 110 172 173 243
691 62 63 172 173 182 183 227 228
756 115 116 129 130 172 173 182 183
885 0 76 79 172 173 194 195 230
799 169 170 172 173 182 183 203 204
873 0 76 110 172 173 243 249
777 76 94 95 172 173 243
887 76 172 173 194 209 230 231
981 57 58 75 76 101 172 173
1213 76 77 78 79 199 200 230 243
814 36 77 78 182 183 199 200 203
825 77 78 182 183 230 231
819 77 78 182 183 199 200
636 0 3 4 58 174 199 200
718 0 3 4 60 62 63 195 237 238
460 0 3 4 47 52 64 65
745 0 3 4 199 200 215 216
879 0 3 4 66 67 168 221
1048 0 3 4 25 203 204 220
822 0 3 71 91 165
835 0 1 34 40 90 91 125 126 133
771 0 1 39 46 125 126 210
786 0 1 125 126 135 138
436 0 1 125 149 150 152 161 202 246
685 0 1 60 125 138 148 152 202 209
530 0 1 30 52 125 152 202
533 0 1 125 152 202 205 210 211 212
465 0 1 52 125 166 167 171 199 200
698 0 1 53 54 59 125 219 220
806 0 1 59 89 114 125 231 237
861 0 1 25 57 58 59 90 91 103 125
713 0 1 30 52 59 72 90 125
716 0 1 59 94 95 103 125 214
781 0 1 47 52 59 125
563 0 1 59 121 122 125 241 242
833 0 1 88 89 125 149 189 217 218
486 0 1 34 94 95 125 149 160 161 189 208
970 0 1 125 149 150 224 225 226
614 0 1 117 118 123 125 222
767 0 1 66 67 94 95 123 125 222
803 0 1 94 95 123 125 160 161 222
734 0 1 16 39 40 61 70 125
724 0 1 94 95 125 138 169 187
546 0 1 47 125 138 148 209
713 0 1 16 45 125 134 135 138 205
248 0 1 16 60 61 125 138 166 167
725 0 1 25 125 138 220
710 0 1 95 125 138 180 219 220
677 0 3 4 72 82 110 249
496 4 82 91 164 174 175
581 4 47 52 164 174 175
679 0 3 4 90 91 101 103
733 4 26 27 101 164 236
668 3 4 109 110 208 209
598 4 18 27 28 90 164
785 4 27 28 164
598 4 53 54 62 63 164
638 4 57 58 62 63 164
631 4 47 61 62 63 138 164
710 4 37 164 184 185 207
725 0 3 4 47 52 141 142
603 4 66 67 115 145 164
632 4 47 52 64 65 164
586 0 4 25 26 64 65 138 164
671 4 55 56 64 164 238
598 4 25 164 215 216 220
706 4 164 184 185 215 248
739 3 4 79 89 208 209
743 4 17 18 47 52 164 168 221
480 0 3 4 25 26 168 221
682 4 164 203 204 213 214
758 0 3 4 66 67 203 204
580 0 4 36 138 160 161 164 203
448 0 4 66 67 138 164
503 0 4 164 168 211
593 4 17 18 164 168 169 170 208
722 0 4 17 18 60 138 164 195
608 4 17 18 34 60 164
767 4 17 18 60 164 168
607 0 3 4 148 243
672 4 12 13 96 97 164
472 3 4 5 6 152 202
575 4 164 184 185 248 250
721 4 138 164 223 252 253
691 4 164 184 185 188 189
619 4 66 67 94 95 164
701 4 25 94 95 164 220
731 0 3 4 94 95
664 4 164 230 231
745 4 27 28 164 241 242
740 3 4 53 54 208 209
664 4 41 128 164 237 238
769 4 35 36 115 145 160 161 164
740 4 18 35 36 82 164
610 4 25 26 57 58 164
655 4 57 58 164 184 185
703 4 88 89 164 174 175
829 4 37 38 90 91 164
667 4 141 142 164 213 214
894 4 116 130 143 164
862 4 34 47 52 164 208
747 4 27 28 66 67 164
598 4 82 83 160 161 164
643 4 25 26 164 168 221
607 4 115 145 164 194 195
578 4 16 32 33 164
674 3 47 138 165 209
839 138 160 161 164 165 174 175
678 3 30 52 165 208 209
768 27 71 91 164 165 236
683 164 165 203 204 246 247
767 148 164 165 186 187
801 73 138 164 165 224
606 126 127 128 164 165
756 52 172 173 182 183 199 200 208
720 172 173 182 183 241 242 244 245
578 57 58 63 76 172 173 243 244
680 0 76 172 173 174 175 213 214
676 76 158 163 172 173 243
669 27 28 47 76 172 173 209
948 0 37 38 47 52 76 172 173
744 76 172 173 194 209 215 248
881 0 76 172 173 203 204 213 214
893 75 76 84 85 101 172 173
705 76 94 95 172 173 243 244 245
804 0 57 58 76 172 173 194 195
987 75 76 77 78 79 80 81
937 0 47 52 76 77 78 203 204
1224 76 77 78 94 95 243
673 77 78 116 130 143 182 183
650 0 3 4 25 58 174 220
745 0 3 4 88 89 101 103
600 0 3 4 90 91 101 103
485 0 3 4 62 63 90 91
835 0 3 4 64 65 159 162
912 0 3 4 194 195 215 248
894 0 3 4 50 51 168 221
605 0 3 4 25 26 36 203
620 0 3 161 165 246
595 0 1 57 58 59 125 126 133
736 0 1 52 125 126 199 200 221 225 226
1078 0 1 66 67 125 126 135 138
710 0 1 125 149 150 152 202 211 212
956 0 1 125 138 152 160 161 202
660 0 1 30 31 59 90 91 125 152 202
730 0 1 25 125 152 202 210 220 248
695 0 1 125 138 152 199 200 202 252 253
863 0 1 34 53 54 59 60 111 112 125
639 0 1 32 59 125 222 237 238 241 242
1145 0 1 41 57 58 59 66 67 125 128
698 0 1 16 59 125 131 132
706 0 1 19 50 51 59 125 179
694 0 1 59 94 95 125 169 187
968 0 1 34 47 59 90 91 125
2864 0 1 125 149 156 162 189
533 0 1 90 91 125 149 189 192 193
761 0 1 113 125 149 189 199 200 238
794 0 1 46 123 124 125 210
641 0 1 3 4 25 26 58 125 174
602 0 1 16 39 70 125
613 0 1 31 47 125 138 148 199 200
649 0 1 34 47 125 138 241 242
709 0 1 34 47 125 138 227 228
560 0 1 125 138 159 162
638
520 0 3 4 72 82 148
605 4 18 82 164 194 195
674 4 164 169 170 174 175
509 4 16 58 164 174 196
794 0 3 4 101 103 237 238
589 4 75 101 164 202 251
566 4 23 164 229
503 4 18 27 90 164 236
611 4 17 18 27 28 164 169 170
542 3 4 27 28 60 209
637 0 4 57 58 62 63 138 160 161 164
629 0 3 4 62 63 206 207
808 4 17 18 37 38 60 164 195
688 4 130 141 142 143 145 164
561 4 60 141 142 164 195
708 4 64 65 139 164 226
636 4 60 61 64 65 138 164
703 4 60 61 64 138 164 238
733 4 17 18 60 164 195 215 216
688 0 3 4 194 195 215 248
688 4 79 164 194 195 230
742 4 17 18 164 168 213 214 221
634 4 164 168 221 235 236
536 4 55 56 164 168 221
595 3 4 169 170 203 204 208 209
673 0 3 4 60 195 203 204
700 0 3 4 25 26 36 203
742 0 4 138 164
611 0 4 32 148 164 222
769 0 4 148 164
535 4 17 18 164 206 207 244 245
550 4 17 18 47 52 164
611 4 84 157 164
841 0 4 110 138 164 243 249
788 0 4 12 13 138 164
658 4 25 164 220 248 250
763 4 148 164 174 175 223
724 4 138 164 202 223 254
847 4 82 83 164 190 191
710 4 164 174 175 230 231
496 4 18 82 164 241 242
671 4 53 54 55 56 164
757 3 4 60 209 237 238
722 4 164 174 175 237 238
601 4 34 35 36 164 208
960 4 25 26 57 58 62 63 164
726 4 34 57 58 164 208
724 4 88 89 164 244 245
825 4 27 90 91 164 236
763 4 27 28 164 213 214
868 4 116 130 141 142 143 164
859 4 47 52 164 217 218
960 4 45 46 164
782 4 60 164 195 203 204
636 4 25 26 115 145 164
691 123 164 165 222
731 66 67 138 164 165
480 17 18 138 164 165 194 195
602 30 52 64 65 164 165
545 3 30 165 209
657 30 34 164 165
673 27 164 165 236 246 247
784 164 165 222 246
707 0 3 148 165
436 127 128 134 164 165
665 168 172 173 182 183 208 213 214
854 172 173 182 183 184 185 194 195
611 63 76 172 173 227 228 243 244
532 53 54 172 173 174 175 180 181 182 183
673 0 75 76 101 110 172 173 249
721 0 27 28 76 172 173 206 207
802 37 38 90 91 172 173 182 183
854 60 172 173 182 183 195 215 216
678 168 172 173 180 181 182 183 221
779 0 76 172 173
840 110 172 173 182 183 223 249
840 0 53 54 76 172 173
819 0 76 77 78 194 195 215 248
934 52 76 77 78 199 200 221 243
1026 76 77 78 94 95 194 209
658 57 58 75 76 77 78 101
657 0 3 4 169 170 174 175
824 0 3 4 27 28 213 214
676 0 3 4 141 142 206 207
816 0 3 4 16 60 61 64 238
681 0 3 4 25 215 216 220
643 0 3 4 215 216 219 220
721 0 3 4 45 46 168 221
594 0 3 4 25 26 203 204
856 0 3 30 52 165 199 200
778 0 1 34 40 57 58 125 126 133
1033 0 1 39 125 126 138 159 162
768 0 1 59 90 91 125 126 135
766 0 1 125 148 149 150 152 202
797 0 1 125 138 152 159 162 202
950 0 1 3 4 125 138 152 196 202
519 0 1 125 152 202 205 210 224 225 226
500 0 1 57 58 59 125 152 202 252 253
677 0 1 25 26 34 53 54 59 60 94 95
247
830 0 1 16 59 60 61 125 237 238
619 0 1 57 58 59 90 91 125 160 222
760 0 1 57 58 59 125 219 220
654 0 1 29 59 125 144
685 0 1 16 59 73 125 139 140
530 0 1 34 47 57 58 59 125 160 161
566 0 1 16 121 122 125 135 224
734 0 1 94 95 125 149 189 192 193
571 0 1 113 114 125 149 189 227 228
571 0 1 57 58 59 123 124 125
553 0 1 3 4 125
757 0 1 39 46 70 125 210
668 0 1 31 47 59 125 138
748 0 1 25 26 34 47 94 95 125 138
569 0 1 125 138 157 159
585 0 1 34 60 66 67 94 95 125 138
640 4 34 75 101 164 211
701 0 3 4 23 229
569 4 82 83 98 99 100 164
574 4 17 18 27 28 90 91 164
667 4 27 28 90 91 164 255 256
719 4 27 28 31 47 138 164
608 4 27 28 160 161 164
482 4 57 58 62 63 160 164 222
610 4 62 63 164 213 214 217 218
656 0 4 37 38 66 67 138 164
666 0 3 4 141 142 213 214
584 4 47 141 142 164 168
775 0 3 4 60 115 145 195
683 4 47 61 64 65 138 164
740 4 41 64 65 128 164
448 4 16 33 64 160 164 238
539 4 60 164 195 215 216
533 4 55 56 164 215 216
668 4 79 157 159 164 230
803 4 79 89 113 114 164 255 256
577 0 3 4 47 52 168 221
614 0 3 4 160 161 168 221
689 4 52 156 157 164 221
508 4 164 169 187 203 204
598 4 17 18 60 164 195 203 204
673 4 36 160 161 164 203
731 0 4 45 138 164 216
622 0 4 128 164 224 225
520 0 4 7 8 138 164
557 4 17 18 164 206 207 257 258
469 4 17 18 47 52 164 257 258
737 4 17 18 41 128 164
478 4 18 82 148 164 243
715 4 12 13 96 97 105 106 164
713 4 96 97 105 106 164 259 260
518 4 5 6 110 164 249
509 4 25 164 220 248 250
721 4 66 164 175 255 256
566 4 32 148 164 222 223
535 4 101 110 164 223 249 256
698 4 164 188 189 217 218
598 4 101 164 190 191 256
854 4 63 164 230 231 244
757 4 96 97 105 106 164 241 242
619 4 50 51 53 54 164
574 4 17 18 53 54 164
745 0 3 4 180 181 237 238
671 0 4 35 36 138 160 161 164
555 4 18 35 36 82 164
632 4 25 26 27 28 57 58 164
550 4 55 56 57 58 164
616 4 57 58 164 255 256
724 4 88 89 101 164 256
865 4 90 91 164 244 245
667 4 164 192 193 213 214
750 4 63 164 206 207 244
843 4 17 18 116 130 143 164
859 4 116 130 143 164
679 4 47 52 164 217 218
739 0 3 4 45 46
643 4 60 141 142 164 195
827 4 50 51 164 215 216
557 4 164 261 262
641 47 138 164 165 168
851 62 63 138 160 161 164 165
728 3 30 52 165 208 209
782 71 91 101 164 165 256
720 164 165 174 175 246 247
562 64 65 161 164 165 246
573 148 164 165 244 245 255 256
803 7 8 16 164 165
704 126 127 128 164 165
656 47 52 172 173 182 183 257 258
619 168 172 173 182 183 206 207 208
756 47 52 172 173 182 183 184 185
720 0 47 52 76 172 173 244 245
578 0 72 76 82 110 172 173 249
680 58 72 76 82 172 173 174
827 0 27 57 58 76 172 173 194 195 236
713 62 63 172 173 182 183 241 242
785 0 62 63 76 172 173 227 228
929 37 38 60 172 173 182 183 195
858 172 173 182 183 199 200 215 248
969 172 173 182 183 203 204 206 207
841 84 85 172 173 182 183
1006 76 94 95 172 173 243 244 245
984 0 57 58 76 172 173 194 195
1015 75 76 77 78 79 80 81
842 0 47 52 76 77 78 203 204
765 72 76 77 78 82 94 95
862 0 76 77 78 206 207
752 0 3 4 16 33 58 160 174
752 0 3 4 101 199 200 256
657 0 3 4 62 63 169 170
508 0 3 4 50 51 64 65
1009 0 3 4 215 219 220 248
495 0 3 4 168 219 220 221
910 0 3 4 36 203 219 220
636 0 3 165 224 225 226
647 0 1 125 126 133 138
961 0 1 10 11 73 125 126 197
1074 0 1 50 51 125 126 135 138
754 0 1 39 59 70 125 152 202
942 0 1 45 46 125 138 152 180 184 202
803 0 1 30 31 125 138 152 159 162 202
461 0 1 125 152 202 246 247
640 0 1 76 77 78 125 152 202
709 0 1 34 53 54 59 60 86 87 125
697 0 1 16 32 59 124 125 237 238
472 0 1 11 41 57 58 59 125 140
511 0 1 59 88 125 159 162 230
679 0 1 19 59 125 177 178 179 219 220
580 0 1 59 125 214 219 220 256
730 0 1 25 26 34 47 59 94 95 125
620 0 1 47 52 59 121 122 125
611 0 1 121 122 125 149 189
694 0 1 92 111 112 125 142 149 189
585 4 38 82 83 164 206
726 4 18 28 82 164 235
748 4 17 18 90 91 164 174 175
611 4 33 58 138 160 164 174
677 4 55 56 58 164 174
772 4 88 89 101 103 164
655 4 45 46 101 164 256
557 4 25 26 62 63 101 164 256
541 4 101 164 213 215 216
699 0 4 138 158 163 164
811 4 27 164 169 187 236
530 0 3 4 27 28 169 170
677 0 3 4 27 28 60 195
506 4 62 63 164 186 187 237 238
677 4 62 63 88 89 164 217 218
605 4 47 61 62 63 138 164
703 4 37 38 160 164 222
757 4 141 142 164 169 170
509 4 41 128 141 142 164
604 4 17 18 64 65 164 169 170
859 0 3 4 60 64 65 195
769 4 64 65 164 186 187
667 4 66 67 101 164 215 216 256
661 4 25 164 215 216 220 255 256
671 4 156 157 164 215 248
656 4 79 164 217 218 230
748 4 139 164 168 221 226
731 4 66 67 164 168 221
704 4 164 168 219 220 221 255 256
511 0 3 4 203 204 206 207
904 4 66 67 101 164 203 204 256
722 4 25 164 203 204 220
493 4 36 164 203 217 218
620 0 4 164 246 247
737 4 17 18 19 20 21 164
652 4 17 18 164 168 208 213 214
608 4 17 18 65 113 164 213 214
704 4 17 18 164 169 170 244 245
473 0 3 4 17 18 60 195
593 4 34 148 164 208 243
602 4 17 18 163 164 243 263
647 4 12 13 164 244 245
524 4 164 244 245 259 260
634 4 5 6 101 163 164 256 263
535 4 25 26 62 63 164 248 250
492 4 62 63 66 67 164 255 256
569 4 55 56 164 255 256
698 3 4 151 152 223 252 253
737 4 164 211 212 223
643 4 96 97 164 190 191
646 4 66 67 94 95 164
657 4 50 51 94 95 164 255 256
574 4 94 95 164 255 256 257 258
775 0 3 4 25 26 230 231
731 4 89 164 204 231 257
710 4 18 82 164 241 242
614 0 3 4 53 54 180 181
589 4 37 38 60 164 195 237 238
