271 3314
996 0 1 2 3 4
980 5 6 7 8 9 10 11
996 0 1 2 3 4
961 12 13 14 15 16
536 5 6 7 8 16
959 17 18 19 20 21 22 23
279 0 3 4
536 5 6 7 8 16
996 0 1 2 3 4
1400 5 6 9 10 11
279 0 3 4
637 0 7 8 16
759 0 3 4 12 13
1184 0 1 2 7 8 16
1140 9 10 11 17 18 24 25
517 3 4 14 15
312 15 26
1184 0 1 2 7 8 16
1450 0 7 8 16
487 22 23
435 16 27 28 29
922 0 30 31 32 33
599 0 3 4 17 18 34 35
1034 0 7 8 16 30 36
1450 0 7 8 16
1348 5 6 7 8 16
339 22 23 37 38 39 40
517 34 35 41 42
380 3 4 5 6
870 14 15 30 35
844 16 27 28 29
852 0 3 4 34 35 39 40
332 0 3 4 7 8
165 17 18 34 35
237 32 33
847 7 8 30 34 35 36
697 37 38 43 44 45 46
552 41 42
448 3 4 17 18 24 25
1083 30 34 35 36 39 40
1002 0 31 34 35 47
582 0 3 4 39 40 48 49
780 0 3 4 39 40 48 49
863 0 1 2 7 8 30 35
872 0 30 50 51 52 53
363 0 7 8 51 52 53
961 0 7 8 51 52 53 54 55
1081 0 7 8 9 10 11
854 0 3 4 39 40 56 57
1172 0 30 31 58 59
847 17 18 34 35 41 42 58 59
525 17 18 31 32 33 60
609 12 13 16 24 25
850 3 4 5 6 34 35 61 62
504 3 4 7 8 50 52 53 60
298 24 25 51 52 53 58 59
480 32 33 41 42 56 57
754 37 38 50 51 52 53 58 59 60 61 62
611 14 15 30 35 58 59
315 54 55 58 59 63 64
502 22 23 54 55 65 66
761 3 4 34 35 43 44 50 60
356 34 50 51 58 59
608 3 4 34 43 44 48 49 50
812 39 40 45 46 56 57
394 34 35 43 44 56 57
622 3 4 34 43 44 50 56 57
784 43 44 50 51 56 57 60
923 37 38 50 51 52 53 60
556 30 36 50 51 52 53 60
582 27 28 29 31 32 33 47
339 22 23 37 38 39 40
663 22 23 37 38 43 44
726 37 38 41 42 52 53 65 66
592 24 25 30 36 51 58 59
946 32 33 41 42 54 55
868 16 27 28 29 58 59
971 37 38 39 40 50 51 52 53 60
704 14 15 51 52 53 58 59
968 50 51 52 53 54 55 60 65 66
1022 0 30 32 33 36 51
956 34 50 51 54 55 58 59 65 66
495 17 18 24 25 51 58 59
1023 17 18 24 25 51 52 53 58 59
696 43 44 48 49 50 51 58 59 60
985 27 28 29 51 58 59
1133 50 51 54 55 58 59 60
1112 43 44 50 51 57 58 60
1086 19 20 21 50 51 58 59 60
1015 0 34 35 51 58 59
1176 34 35 50 51 54 55 60
1116 0 24 25 30 35 51
579 12 13 24 25 51
1087 0 12 13 51
1179 17 18 50 51 52 53 60
881 34 37 38 43 44 50 51 58 59
773 22 23 34 50 51 65 66
1065 50 51 52 53 56 57 60 61 62
1257 37 38 39 40 50 51 60
428 3 4 39 40 50 60
864 0 3 4 34 35 61 62
911 3 4 12 13 24 25
972 3 4 24 25 52 53
779 3 4 24 25 37 38 58 59
606 3 4 24 25 45 46
701 0 3 4 7 8 56 57
678 3 4 14 15
531 30 34 35 36 65 66
788 30 36 67 68
1056 16 24 25 30 36
886 31 34 47 50 58 59
775 24 25 26 69
757 0 7 8 16 48 49
676 5 6 45 46 51
558 0 3 4 52 53 61 62
766 0 3 4 37 38 52 53 61 62
1093 0 1 2 16 30 50
976 0 16 27 47 50 70
500 0 30 31 34 35
546 0 16 30 50
914 0 30 50 51
743 0 3 4 18 50 60 71
560 0 7 8 30 36 51 52 53
1302 0 32 33 51 54 55
907 0 27 51 58 59 70
1172 0 30 31 58 59
943 17 18 34 35 41 42
515 17 18 31 52 53 60
1223 11 12 13 24 25 70
409 3 4 5 6
443 30 36 50 51 52 53 58 59 60
316 14 52 53 69
615 3 4 28 29 32 33 72
1075 16 28 29 58 59 72
651 3 4 34 37 38 43 44 50 58 59
503 3 4 24 25 27 58 59 70
423 3 4 24 25 58 59 63 64
865 22 23 56 57 65 66
970 34 35 50 51 60 65 66
504 34 50 51
113 48 49
738 41 42 48 49 58 59 65 66
955 34 50 51 56 57 61 62
1042 16 50 56 57 60 65 66
714 3 4 39 40 50 56 57 60
853 30 31 32 33 50 60
841 7 8 16 27 28 29
702 41 42 54 55 58 59 65 66
839 34 37 38 50 51 58 59 61 62
701 37 38 63 64 65 66
771 24 25 27 51 70
330 54 55 63 64
848 16 24 25 41 42 56 59
673 27 28 29 32 33 51 58 59
808 16 28 29 58 59 72
619 70 72
1035 0 30 50 51 52 53
1023 17 18 24 25 51 52 53 58 59
857 37 38 43 44 50 51 52 53 60
1022 0 30 32 33 36 51
1158 32 33 50 51 54 55 60
696 0 27 51 58 59 70 71 73
936 50 51 52 53 54 55 58 59 60
995 5 6 32 33 51 58 59
764 50 51 52 53 56 57 58 59 60 61 62
1001 34 37 38 50 51 58 59 61 62
977 37 38 50 51 58 59 60 65 66
795 5 6 22 23 51
657 17 18 24 25 34 35 51
1223 24 25 34 35 51 58 59
941 0 31 34 37 38 51 58 59
1232 0 30 50 51
539 50 51 52 53 60
1227 24 25 37 38 51 52 53
916 14 15 51 52 53
1133 50 51 54 55 58 59 60
1003 5 6 7 8 51 58 59
1026 48 49 50 51 52 53 60
1257 34 50 51 54 55 65 66
915 3 4 34 39 40 50
720 3 4 34 37 38 50 58 59 61 62
391 3 4 17 18 50 60
515 3 4 14 15 52 53
699 3 4 50 54 55 58 59 60
620 3 4 5 6 7 8 58 59
593 3 4 48 49 50 52 53 60
734 3 4 34 50 54 55 65 66
711 16 24 25 27 47 50 70
624 30 34 35 36 61 62
1093 30 35 50 58 59 60
1132 30 31 34 35 50 60
815 7 8 16 50 56 57 60
844 16 24 25 47 50
823 16 37 38 43 44 50 58 59 60
852 16 50 56 57 60 65 66
663 37 38 45 46 58 59
594 0 3 4 43 44 56 57
781 0 3 4 58 59 61 62
906 0 1 2 30 35 71 73
790 0 27 31 47 58 59 70
973 0 30 31 45 46
620 0 27 51 58 59 70 71 73
961 0 7 8 51 52 53 54 55
764 0 7 8 30 34 35 50 51
1276 0 51 54 55 58 59
1408 0 16 27 70
637 0 7 8 16
1011 17 18 34 50 51
500 17 18 31 58 59 60
1053 9 10 11 12 13 24 25
723 3 4 5 6 52 53 61 62
745 30 31 50 52 53 58 59 60
524 14 15 51 52 53 58 59
615 3 4 28 29 32 33 72
615 3 4 28 29 58 59 72
788 3 4 34 37 38 50 58 59 61 62
611 14 15 30 35 58 59
977 16 24 25 30 36 58 59
701 30 34 35 36 41 42 58 59
825 34 35 39 40 50 51 58 59 60
808 3 4 34 35 39 40 50 60
764 22 23 34 36 51
779 3 4 34 48 49 50 61 62
622 43 44 48 49 50 51 58 59 60
307 22 23 39 40 56 57
662 22 23 43 44 56 57
751 41 42 52 53 56 57 65 66
680 3 4 34 35 39 40 50 60
1021 16 30 36 50 60
682 27 28 29 51 58 59
858 41 42 54 55 65 66
622 3 4 37 38 50 52 53 60 61 62
639 3 4 34 37 38 50 65 66
47 16 24 25
786 24 25 30 50 51
921 32 33 37 38 41 42
647 16 27 28 29 47 50
844 0 27 51 70
785 0 16 70 72
694 0 11 58 59 70
421 12 13 24 25 51 52 53
711 43 44 48 49 50 51 52 53 60
916 14 15 51 52 53
1067 0 32 33 51 70 72
1158 32 33 50 51 54 55 60
982 0 27 51 58 59 70
936 12 13 24 25 51 52 53 58 59
1194 24 25 51 52 53 58 59
834 34 48 49 50 51 58 59 65 66
909 16 24 25 50 51 58 59 60
956 34 50 51 54 55 58 59 65 66
909 16 24 25 50 51 58 59 60
819 17 18 24 25 45 46 51
1176 12 13 24 25 34 35 51
899 24 25 34 35 48 49 51 58 59
984 31 34 37 38 50 51 58 59 60
1208 0 30 36 51
450 5 6 7 8 51
1016 24 25 37 38 51 52 53 58 59
1172 37 38 50 51 52 53 60
936 50 51 52 53 54 55 58 59 60
1164 17 18 50 51 58 59 60
908 43 44 48 49 50 51 60
1421 50 51 56 57 60
1211 16 24 25 50 51 60
794 0 3 4 37 38 52 53 61 62
675 3 4 48 49 50 52 53 60 61 62
632 3 4 24 25 52 53 54 55 58 59
749 3 4 32 33 37 38 50 60
515 3 4 14 15 58 59
606 3 4 24 25 45 46
717 3 4 50 56 57 60 65 66
855 3 4 34 37 38 50 61 62
1143 16 24 25 27 70
534 30 35 43 44 50 60
879 16 24 25 30 35 50 60
969 30 34 35 36 43 44
829 7 8 16 50 54 55 60
493 34 44 50 74 75
940 31 34 35 47 50 60
614 15 26 76 77
789 16 43 44 48 49 50 60
832 16 37 38 50 60 65 66
678 24 25 45 46 51
581 0 3 4 32 33 37 38
942 0 3 4 37 38 65 66
899 0 1 2 7 8 34 35 51
1087 0 8 16 27 70 76
847 0 30 35 41 42
1240 0 54 55 58 59 71 78
1261 0 16 18 50 60 71
547 0 7 8 30 36 51 58 59
717 0 31 51 52 53 60 79 80
909 0 3 4 34 35 61 62
1078 0 7 8 16 27 70
1498 0 16 27 70
1081 0 7 8 9 10 11
847 17 18 34 35 41 42 58 59
525 17 18 31 32 33 60
422 58 59 78 81 82 83
982 58 59 61 62 81 82
1029 12 13 16 24 25 58 59 78 83
723 3 4 5 6 52 53 61 62
745 30 31 50 52 53 58 59 60
316 14 52 53 69
615 3 4 27 28 29 32 33
212 58 59
862 34 37 38 39 40 50 51 58 59
795 31 32 33 37 47 58 59 84
503 3 4 24 25 27 58 59 70
315 54 55 58 59 63 64
675 3 4 30 36 58 59 73 83
502 22 23 54 55 65 66
846 34 35 39 40 79 80
912 34 35 61 62 79 80
738 27 34 36 51 70
621 27 34 50 51 58 59 70
605 3 4 43 44 48 49 50 60
307 22 23 39 40 56 57
662 22 23 43 44 56 57
751 41 42 52 53 56 57 65 66
684 31 34 50 51 60 79 80
526 3 4 30 36 50 60
830 27 28 29 51
1017 16 50 54 55 60 65 66
1020 16 37 38 39 40 50 60
485 34 35 37 38 65 66
534 14 15 51 58 59
474 24 25 30 35
452 24 25 63 64 74 75 85
946 32 33 41 42 54 55
921 32 33 37 38 41 42
742 27 28 29 31 47 58 59
859 27 28 29 51 58 59
1020 16 28 29 72
720 0 11 32 33 70
1179 17 18 50 51 52 53 60
1139 50 51 52 53 58 59 60
1148 50 51 52 53 54 55 60
540 32 33 37 51 84
761 32 33 50 51 60 79 80
870 37 38 51 58 59 86 87
1167 17 18 34 50 51 58 59
384 24 25 51 52 53 58 59
582 34 50 51 58 59 65 66 79 80
921 34 39 40 50 51 56 57 58 59
1188 24 25 51 54 55 58 59
845 34 37 38 43 44 50 51 58 59
842 37 38 43 44 50 51 58 59 60
977 37 38 50 51 58 59 60 65 66
1140 51 57 58 86 87
806 24 25 51 52 53 79 80
657 17 18 24 25 34 35 51
1223 24 25 34 35 51 58 59
1232 24 25 34 35 51 54 55
928 0 1 2 27 51 70
666 17 18 24 25 51
595 24 25 51 52 53
1136 34 50 51 54 55 58 59
982 0 27 51 58 59 70
1002 24 25 51 79 80
1109 34 43 44 50 51 56 57
1260 34 37 38 39 40 50 51
764 0 3 4 39 40 48 49
720 3 4 34 37 38 50 58 59 61 62
391 3 4 17 18 50 60
380 3 4 5 6
614 3 4 27 28 29 32 33
595 0 3 4 7 8 37 38 58 59
905 3 4 34 50 58 59
626 3 4 43 44 48 49 50 60
897 3 4 50 56 57 60
687 3 4 16 24 25 50 60
1312 11 24 25 70
791 0 1 2 7 8 30 35
879 16 24 25 30 35 50 60
1017 30 35 86 87
678 0 7 8 16 27 70
1059 34 36 44 74 75
584 47 50
614 15 26 76 77
963 16 24 25 58 59
916 16 50 54 55 60
622 45 46 50 51 60
594 0 3 4 56 57 65 66
780 0 3 4 32 33 78 83
812 0 1 2 7 8 16 27 70
1093 0 1 2 16 30 50
562 0 1 2 71 88
438 0 27 51 70 88 89
902 0 27 31 47 70 88 89
917 0 16 30 31 36 60 90 91
683 0 3 4 30 31 34 36
840 0 3 4 30 50
734 0 30 36 51 71 73
781 0 56 57 71 88 90 91 92 93
751 0 7 8 27 51 70 88 89
1081 0 7 8 9 10 11
660 0 51 88 89
850 0 3 4 37 38 52 53 61 62
920 0 30 36 51
878 0 71 88 90 91 92 93
165 17 18 34 35
555 17 18 50 51 60
949 17 18 31 34 35 60 90 91 92 93
696 16 17 18 24 25
814 16 24 25 58 59 78 81 82 83
894 78 81 82 83 90 91
549 12 13 24 25 34 35 51
1143 12 13 16 50 60 94 95
636 12 13 58 59 78 83
1032 5 6 16 24 25 51 58 59
536 5 6 7 8 16
1004 34 35 39 40 56 57 90 91
598 30 36 50 51 60 90 91
758 31 52 53 60 90 91 92 93 96 97
798 35 43 44 60 90 91 96 97
405 16 27 28 29 90 91
971 34 35 37 38 61 62 88 89 90 91 92
564
1001 14 32 33 69 78 83 90 91
321 16 24 25 27 70 90 91
529 54 55 63 64 90 91
409 88 89 90 91 94 95 98 99
578 52 53 90 91 92 93
1144 32 33 78 83 90 91
527 16 18 50 60 83 90 91
455 3 4 50 52 53 58 59 60 61 62
961 31 52 53 60 96 97
910 37 38 43 44 52 53 88 89
952 41 42 52 53 54 55 58 59
539 31 32 33 37 47 84 88 89
481 14 32 33 58 59 69 78 83
961 32 33 41 42
754 32 33 37 38 90 91 92 93
772 8 16 27 28 29 58 59 76
886 34 35 37 38 39 40 41 42 58 59
611 16 37 38 43 44 50 58 59 60
977 14 15 30 35 58 59
885 16 24 25 30 36 58 59
687 37 38 41 42 52 53 58 59
914 3 4 34 36 58 59 94 95
807 30 31 58 59 73 83 88 89
753 43 44 58 59 83 88 96 97
735 71 73 88 89 92 93 96 97
667 78 81 82 83 96 97 100 101 102
730 3 4 50 52 53 60 61 62 96 97
582 3 4 34 43 44 50 96 97
939 34 35 88 89 92 93
1030 34 35 39 40 88 89 92 93 96 97
645 34 35 61 62 88 89 92 93 96 97
497 22 23 34 36 51 65 66
540 22 23 34 36 51 58 59 65 66
867 34 50 51 58 59 65 66 79 80
870 34 35 65 66 79 80
927 34 35 39 40 79 80
736 34 35 43 44 50 51 60
892 34 35 41 42 58 59 86 97
604 30 31 34 36 58 59
771 3 4 27 34 50 70
991 43 44 48 49 50 51 60
714 48 49 65 66 88 89 92 93
557 39 40 50 51 52 53 56 57 60
691 43 44 56 57 88 89 90 91 92 93
933 50 51 52 53 56 57 60 65 66
627 32 33 37 38 50 51 60
853 3 4 50 58 59 60 61 62
701 30 31 32 33 50 60
642 27 28 29 32 33 51
339 50 51 52 53 54 55 60 65 66
639 22 23 37 38 39 40
622 37 38 50 51 52 53 58 59 60 61 62
810 3 4 37 38 50 52 53 60 61 62
847 34 37 38 43 44 50 51
517 34 35 37 38 41 42 65 66
1080 3 4 14 15
330 16 24 25 27 70
895 54 55 63 64
767 37 38 41 42 58 59
1079 27 28 29 31 32 33 47
809 16 27 28 29
654 0 27 70 71 88
889 28 29 32 33 51 72 90 91
971 7 8 70 72
918 37 38 39 40 50 51 52 53 60
960 24 25 51 52 53 56 57 90 91
846 37 38 50 51 52 53 58 59 60
1203 48 49 50 51 52 53 60 65 66
595 24 25 51 52 53 54 55
799 24 25 51 52 53
783 28 29 32 33 51 72 90 91
514 32 33 50 51 60 90 91 96 97
677 37 51 58 59 84
827 0 3 4 61 62 88 89
822 73 74 75 83 85 90 91
1093 0 3 4 48 49 61 62
761 0 1 2 16 30 50
685 0 16 24 25 27 51 58 59 70
110 0 16 27 70
848 0 30 35
872 0 30 31 34 36 51
683 0 30 50 51 52 53
760 0 27 51 70 71 73
569 0 30 36 51 71 73 88 89
1056 0 3 4 30 36 71 73
750 0 34 35 71 88 92 93
592 0 7 8 45 46 51
1291 0 7 8 30 50 51 58 59
965 0 51 52 53 54 55
835 0 19 20 21 51 90 91
878 0 3 4 37 38 58 59 61 62
781 0 30 36 51 52 53
341 0 56 57 71 88 90 91 92 93
1186 17 18 19 20 21 90 91
659 17 18 34 35 39 40 88 89
1453 3 4 7 8 17 18 50 60
352 16 17 18 50 60
735 78 81 82 83 90 91
683 58 59 71 73 78 81 82 83
1054 31 47 81 82 84 90 91 103
609 34 35 39 40 81 82
863 12 13 16 24 25
889 12 13 31 34 35 60 90 91 92 93
1149 12 13 45 78 83 104
901 5 6 7 8 11 70
480 3 4 5 6 88 89 103 105
795 104 106
646 18 24 25 51 83 104 106
603 18 24 25 51 58 59 83 104 106
839 39 40 79 80 104 106
1025 56 57 71 84 88 90 91 103
572 34 35 56 57 65 66 90 91
768 7 8 16 30 36 50 60 90 91
798 31 32 33 60 90 91 92 93 96 97
734 35 43 44 60 90 91 96 97
812 8 16 27 28 29 76 90 91
1041 37 38 52 53 61 62 88 89 90 91 92
810
714 34 35 37 38 39 40 90 91
867 24 25 51 90 91 107 108
523 24 25 30 34 35 50 51 90 91
628 37 38 41 42 52 53 90 91
736 88 89 90 91 94 95
782 31 52 53 60 79 80 90 91 92 93
443 31 34 79 80 90 91 92 93
527 3 4 18 34 50 83 90 91
455 90 91 103 104 105 106
680 3 4 50 52 53 58 59 60 61 62
524 31 52 53 60 96 97
976 37 38 43 44 50 51 52 53 58 59 60
951 3 4 24 25 30 50 52 53
640 52 53 54 55 90 91 92 93
806 37 38 52 53 90 91 92 93
604 14 32 33 69 88 89 92 93
824 32 33 50 51 60 94 95 96 97
754 32 33 78 83 96 97
795 28 29 58 59 71 72 88
576 37 38 50 51 52 53 58 59 60 61 62
655 31 32 33 37 47 58 59 84
436 14 15 58 59 74 75 85
933 24 25 30 36 51 58 59 88 89
1114 24 25 58 59 63 64 74 75 85
765 58 59 94 95 98 99 107 108
592 16 50 58 59 60 94 95
633 3 4 18 34 50 58 59 83
766 58 59 96 97 103 105
735 3 4 34 50 94 95 96 97
512 19 20 21 78 83 90 91 96 97
503 78 81 82 83 96 97 100 101 102
829 52 53 61 62 96 97
919 34 35 43 44 96 97
996 34 35 39 40 88 89 92 93 107 108
723 34 35 61 62 88 89 92 93 107 108
1017 54 55 88 89 90 91 92 93
879 30 36 51 58 59 73 83 88 89
937 51 84 88 89 103
487 34 36 39 40 51 58 59 88 89
696 34 35 61 62 88 89 90 91 92 93
888 22 23
591 34 35 65 66 79 80 88 89 92 93
521 34 35 61 62 79 80
675 45 61 62 79 80 104
718 34 35 88 89 92 93
699 34 35 61 62 88 89
892 34 35 37 38 65 66
1003 3 4 34 36 39 40 88 89
604 30 31 34 36 58 59
608 30 31 34 36 88 89
831 3 4 27 34 50 70
771 3 4 34 43 44 48 49 50
607 48 49 52 53 65 66 92 93
698 56 57 58 59 78 83 100 101 102
1042 50 51 52 53 56 57 58 59 60 61 62
761 43 44 45 46 56 57
714 16 50 56 57 60 65 66
691 32 33 37 50 51 58 59 60 105
605 3 4 39 40 50 56 57 60
780 7 8 16 30 36 50 60
711 27 28 29 71 76 77 88
1020 34 50 51 54 55 65 66
594 37 38 58 59 103 105 109 110
780 16 37 38 39 40 50 60
922 0 3 4 56 57 65 66
733 0 3 4 39 40 48 49
1157 0 1 2 30 31 52 53
771 0 27 51 70 71 73 88 89
1255 0 27 70 71 88
743 0 30 32 33 35 41 42
540 0 52 53 54 55 71 78
1081 0 3 4 18 50 60 71
1044 0 3 4 7 8 74 75 84 85 103
907 0 7 8 9 10 11
872 0 22 23 51
702 0 27 31 47 70 88 89
483 0 30 50 51 52 53
1310 0 74 75 85
652 7 8 16 17 18 50 60
1033 11 17 18 24 25 70
895 54 55 63 64 66 81 82 111
878 16 18 24 25 81 82 83
609 81 82 103 105 112 113
889 39 40 81 82 107 108
845 12 13 16 24 25
245 12 13 45 78 83 104
850 5 6 45 51 104
733 79 80 94 95 104 106
620 39 40 48 49 104 106
328 50 51 52 53 56 57 60 61 62 90 91
291 3 4 39 40 50 56 57 60 90 91
994 7 8 16 50 60 90 91
657 31 60 79 80 90 91
774 7 8 16 36 60 90 91
564 28 29 32 33 51 72 90 91
1001 31 32 33 37 47 84 90 91
254 14 15 51 90 91 96 97
818 16 24 25 27 70 90 91
914 37 38 63 64 90 91
977 41 42 90 91 107 108
1052 34 50 51 90 91 94 95
1144 19 20 21 90 91 96 97 111 114
608 78 83 90 91 112 113
664 16 18 50 60 83 90 91
486 90 91 96 97 103 105
524 7 8 50 51 52 53 60
781 37 38 39 40 52 53 88 89
335 3 4 24 25 30 50 52 53
346 27 28 29 32 33 51
502 32 33 41 42 96 97
615 32 33 41 42 107 108
433 32 33 56 57 78 83 90 91
828 3 4 28 29 58 59 72
253 37 38 52 53 58 59 61 62
685 37 45 58 59 104 105
580 14 15 16 58 59
321 24 25 27 51 58 59 70 88 89
864 16 24 25 58 59
1143 41 42 58 59 112 113
1040 58 59 79 80 94 95
931 32 33 37 38 58 59 111 114
1076 56 57 58 59 66 94 95 111
551 18 34 50 51 58 59 83
654 56 57 58 59 65 66 83 88
744 103 105 109 110 112 113 115 116
648 3 4 34 39 40 50 112 113
464 3 4 34 50 61 62 112 113
902 32 33 88 89 92 93 94 95 96 97
977 32 33 96 97 111 114
717 16 24 25 58 59 78 83 96 97
837 71 84 88 96 97 103
916 34 35 39 40 90 91 92 93 96 97
437 22 23 61 62 96 97
553 34 35 43 44 50 51 60 96 97
721 39 40 88 89 107 108
446 3 4 50 52 53 60 61 62 107 108
874 22 23 39 40 107 108
852 88 89 92 93 96 97
712 18 19 20 21 83 88 89 90 91
1032 3 4 84 88 89 103
645 39 40 56 57 88 89
39 34 35 61 62 88 89 92 93 96 97
483 22 23 34 36 51 65 66
611 79 80
838 79 80
947 41 42 58 59 65 66 79 80
497 45 56 57 66 104 111
835 45 54 55 65 66 104
853 12 13 34 35 111 114
718 34 35 39 40 58 59 96 97 111 114
933 34 35 56 57 61 62 88 89 90 91 92
1003
732 34 35 37 38 65 66
699 34 36 37 51 58 59 88 89 105
985 30 31 34 36 88 89
700 27 34 50 51 70
762 34 35 43 44 48 49 90 91 111 114
330 16 48 49 50 60 65 66
622 3 4 56 57 84 103
691 34 35 39 40 41 42 56 57
768 22 23 56 57 61 62
684 3 4 34 43 44 50 56 57
691 50 51 52 53 56 57 60 65 66
941 32 33 37 50 51 58 59 60 105
1171 31 34 50 51 60 79 80
833 30 36 50 51 60
777 31 34 35 47 50 60
596 16 28 29 72
996 51 54 55 86 87
473 22 23 37 38 39 40
756 37 38 61 62 88 89
1142 0 1 2 3 4
412 0 3 4 81 82
929 0 3 4 61 62 96 97
840 0 1 2 16 70 72
546 0 27 51 70
385 0 27 32 33 51 70
803 0 30 31 45 104
754 0 16 30 50
332 0 30 35 71 73
345 0 71 88 103 105 115 116
660 0 7 8 74 75 85 117 118
923 0 3 4 7 8
1408 0 7 8 74 75 85
1194 0 51 88 89
335 0 3 4 117 118
955 0 16 27 70
1123 0 30 31 32 33
707 17 18 19 20 21 115 116
399 17 18 34 50 51 58 59
637 7 8 16 17 18 50 60
856 3 4 17 18 24 25 117 118
907 56 57 66 81 82 111
609 30 31 58 59 73 81 82 83
855 81 82 94 95 107 108
655 61 62 81 82 112 113
1104 12 13 16 24 25
600 12 13 45 46 92 93
955 12 13 32 33 78 83
684 12 13 71 84 88 103
785 5 6 51 88 89
376 5 6 34 35 71 88 92 93
661 18 19 20 21 58 59 83 104 106
864 39 40 96 97 104 106
671 34 35 66 111 115 116
836 7 8 16 18 50 60 83 115 116
855 16 18 50 60 83 115 116
229 74 75 84 85 103 115 116
927 12 13 111 114 115 116
547 37 38 52 53 61 62 115 116
294 3 4 50 52 53 60
922 31 52 53 60 79 80
854 14 52 53 58 59 69 111 114
387 24 25 52 53 74 75 85
901 52 53 79 80 111 114
781 32 33 37 51 58 59 84
958 32 33 79 80 94 95
479 32 33 78 83 115 116
562 28 29 51 58 59 72
705 16 37 38 39 40 50 58 59 60
539 32 33 37 58 59 105
436 14 58 59 69 71 73 83 88
770 3 4 24 25 58 59 119 120
760 24 25 30 50 51 52 53 58 59
560 24 25 58 59 63 64 74 75 85
562 34 36 41 42 51 58 59
1166 34 50 58 59 74 75 85 94 95
762 34 35 58 59 66 111
834 32 33 58 59 78 83
739 32 33 54 55 58 59 78 83
545 3 4 18 50 58 59 60 83
729 58 59 103 104 105 106
867 58 59 100 101 102 111 112 113 114
715 3 4 50 52 53 60 61 62 112 113
731 22 23 61 62 112 113
1038 31 34 88 89 92 93 96 97
893 45 78 83 96 97 104
627 96 97 100 101 102 111 114 115 116
383 16 39 40 50 60 96 97
914 34 35 43 44 58 59 96 97 111 114
911 78 83 100 101 102 107 108 115 116
706 58 59 61 62 107 108
628 43 44 88 89 107 108
633 7 8 51 73 83 88 89
938 88 89 109 110
703 58 59 61 62 88 89
524 34 35 43 44 88 89
855 22 23 37 38 65 66
721 52 53 65 66 79 80 92 93
1090 45 78 83 104 115 116
1051 34 35 37 38 41 42 58 59
643 14 34 35 66 69 111
652 34 35 61 62 107 108
796 34 35 41 42 65 66
850 3 4 34 36 58 59 61 62
901 3 4 7 8 34 36
853 30 34 35 50 58 59 61 62
420 16 43 44 48 49 50 60
784 48 49 51 86 87 88 89
726 34 35 39 40 56 57 88 89 92 93
933 56 57 58 59 61 62
640 43 44 50 51 56 57 60
769 56 57 63 64 65 66
769 50 51 54 55 58 59 60
422 50 51 60 96 97 117 118
1261 3 4 34 35 50 60 61 62
1017 3 4 48 49 50 60 61 62
885 7 8 16 50 60
452 16 27 28 29
807 16 50 54 55 60 65 66
701 34 35 37 38 39 40 88 89 92 93
561 37 38 58 59 61 62
755 37 38 43 44 50 51 60
622 37 38 63 64 65 66
1020 14 58 59 69 103 105
395 24 25 30 35 51 73 89
730 24 25 27 51 58 59 70
829 16 24 25 47 50
859 32 33 41 42
257 19 20 21 41 42 58 59
539 27 47 50 70
830 27 28 29 51 58 59
801 16 28 29 58 59 72
595 0 3 4 61 62 96 97
844 0 32 33 74 75 85
1318 0 3 4 48 49 65 66
413 0 1 28 51 56 57 58 59 121 122
624 0 1 51 52 53 119 120 121
488 0 1 11 70 121
922 0 1 11 121 123
1184 0 1 2 3 4 27 70
601 0 1 2 30 35
685 0 1 2 30 31 52 53
1157 0 1 2 7 8 16
941 0 3 4 27 39 40 70 88 89
872 0 16 27 70
608 0 70 71 72 88
743 0 30 31 34 36 71 88
920 0 30 50 51 52 53
784 0 34 35 71 78
741 0 3 4 18 50 60 71
602 0 7 8 37 51 58 59 88 89 105
923 0 7 8 51 88 89 117 118
1045 0 7 8 11 30 36 123
852 0 16
1161 0 32 33 37 51 58 59 105
920 0 31 34 51 107 108
717 0 3 4 34 35 39 40
1088 0 1 74 75 85 121
751 0 30 36 51
390 0 71 88
1240 0 122 123 124
707 17 18 28 31 34 58 59 122
439 3 4 17 18 50 60
898 17 18 35 60 109 110
698 3 4 17 18 24 25 117 118
980 34 35 66 81 82 111
678 78 81 82 83 107 108
838 3 4 81 82 84 103
654 39 40 48 49 81 82
1144 3 4 12 13 24 25 58 59 103 105
980 12 13 50 51 58 59 60 94 95
598 12 13 34 35 66 111
1479 12 13 83 88 109 110
245 5 6 7 8 9 10 11
895 5 6 34 35 51
953 5 6 11 70
733 79 80 94 95 104 106
671 56 57 94 95 104 106
758 104 106 125 126 127 128
626 16 18 24 25 56 59 83 115 116
847 74 75 84 85 103 115 116
439 30 34 35 36 61 62 115 116
486 39 40 79 80 115 116
874 50 51 52 53 54 55 58 59 60
845 31 52 53 58 59 60
965 37 38 39 40 52 53 88 89
615 37 38 39 40 50 51 52 53 60
640 24 25 51 52 53 107 108
920 52 53 92 93 112 113
1096 3 4 28 29 32 33 72
745 14 32 33 69 88 89 92 93
594 32 33 50 51 60 94 95
788 32 33 78 83 112 113
941 7 8 16 28 29 58 59 72
507 37 38 58 59 103 104 105 106 109 110
718 3 4 34 37 38 50 58 59 61 62
509 37 51 58 59 84 88 89
634 3 4 14 15 58 59
321 24 25 51 58 59 88 89 117 118
878 3 4 24 25 30 50 58 59
577 37 38 58 59 63 64 109 110
419 41 42 58 59 107 108
931 34 36 51 58 59 88 89 94 95
1117 58 59 96 97 111 114
921 58 59 78 81 82 83
1075 18 34 50 51 58 59 83
817 58 59 83 88 109 110
910 39 40 58 59 83 88 96 97
673 58 59 71 84 88 103
828 34 35 39 40 58 59 111 112 113 114
615 34 50 51 61 62 112 113
398 45 94 95 96 97 104
759 19 20 21 58 59 96 97 111 114
916 3 4 7 8 73 83 96 97
658 22 23 39 40 96 97
632 28 58 59 61 62 96 97 122
622 34 35 43 44 50 51 60 96 97
570 1 9 10 11 121 129 130
1070 122 123 124 129 130
872 78 81 82 83 100 101 102 107 108
869 50 51 52 53 58 59 60 61 62 107 108
1034 61 62 88 89 107 108
1050 30 36 51 73 83 88 89
523 51 58 59 84 88 89 103
537 39 40 56 57 58 59 88 89 103 105
47 30 34 35 36 61 62 88 89
591 3 4 22 23 34 50 65 66
482 50 51 58 59 60 65 66 79 80
859 45 46
778 45 61 62 79 80 104
1011 34 35 58 59 111 114
750 34 35 39 40 50 51 60 96 97
752 34 35 43 44 50 51 58 59 60
560 34 35 86 88 89 92 93 97
568 30 34 35 36 58 59 111 114
741 34 50 51 79 80
771 3 4 30 34 36 50
435 28 43 44 48 49 58 59 122
697 48 49 51 52 53 86 87
555 56 57 58 59 78 83 100 101 102
851 52 53 56 57 61 62
809 34 35 41 42 43 44 56 57
1002 0 3 4 48 49 65 66
990 0 3 4 39 40 88 89
761 0 1 27 51 121 123
407 0 1 37 38 51 52 53 121
925 0 1 119 120 121 131
1224 0 1 16 121 131 132 133 134
748 0 1 37 38 121 131
849 0 1 30 31 52 53 121
1093 0 1 11 121 123
735 0 1 2 16 27 70 134 135
627 0 1 2 11 27 70 123
507 0 1 2 16 30 50
964 0 1 121 122 123 124
1008 0 1 3 4 27 70 121
1124 0 3 4 70 134 135 136
743 0 27 51 70
659 0 32 33 51 70 134
1018 0 16 27 131 132 133
897 0 31 34 88 89 92 93 96 97 131
1028 0 31 60 71 88 129 130 131
569 0 37 38 39 40 88 89 131
1081 0 30 32 33 35 92 93
521 0 7 8 16 30 50
1078 0 3 4 30 36 71 73
923 0 11 18 28 71 133
735 0 7 8 34 35 51
1114 0 7 8 16 70 72
1102 0 7 8 88 89 92 93 131
827 0 7 8 122 123 124
1219 0 11 123 135 136
854 0 11 72 123 135
1161 0 28 32 33 51 56 57 122
884 0 31 34 51 88 89
1295 0 3 4 39 40 56 57
1019 0 1 74 75 85 121
1187 0 34 50 51 131
1137 0 16 50 60 131
978 0 30 32 33 35 111 114
1257 0 30 31 52 53
828 0 7 8 37 38 131
679 0 96 97 122 123 124
790 11 17 18 34 50 70
1024 7 8 17 18 34 50 51
1123 7 8 17 18 34 50 51 58 59
873 17 18 19 20 21 50 51 58 59 60
737 16 17 18 24 25 50 60 131
652 7 8 16 17 18 50 60
854 17 18 24 25 51 117 118
678 16 17 18 24 118
958 54 55 63 64 66 81 82 111
772 73 74 75 81 82 83 85
800 79 80 81 82 94 95
636 61 62 81 82 96 97
659 12 13 24 25 50 51 60 131
732 12 13 45 94 95 104
856 12 13 58 59 111 114
1003 12 13 71 73 83 88
1047 3 4 5 6 7 8 88 89 103 105
789 3 4 5 6 137 138
830 5 6 51 71 73 88 89
629 1 5 6 9 10 11 121
850 5 6 14 15 16 131
530 3 4 5 6 7 8
864 3 4 18 24 25 83 104 106
726 39 40 48 49 104 106
478 3 4 34 50 66 111 115 116
833 16 18 50 60 83 115 116
910 11 84 103 115 116 135
825 34 35 61 62 115 116
589 96 97 103 105 115 116
360 48 49 61 62 115 116
640 43 44 88 89 115 116
524 1 50 51 52 53 58 59 60 121
592 31 52 53 60 79 80
895 14 52 53 69 88 89 92 93
316 3 4 24 25 30 50 52 53
564 52 53 96 97 111 114
1141 28 32 33 54 55 58 59 122
399 14 32 33 69
895 32 33 56 57 94 95
123 32 33 37 38 58 59 78 83
755 16 27 28 29 58 59
634 28 32 33 54 55 58 59 122
947 37 38 58 59
432 22 23 37 38 58 59 61 62
697 37 58 59 88 89 105
564 34 35 37 38 43 44 58 59
971 24 25 51 58 59
594 24 25 58 59 74 75 85 117 118
920 24 25 50 51 58 59 60 96 97 131
1041 16 24 25 30 50 58 59
955 16 24 58 59 118
943 32 33 41 42 54 55 58 59
841 58 59 94 95 107 108
985 12 13 16 24 25 58 59 111 114
1094 34 50 54 55 58 59 66 111 131
739 30 36 51 58 59 73 83
614 18 24 25 51 58 59 83
1016 58 59 103 105 107 108
293 58 59 100 101 102 111 112 113 114
797 28 39 40 58 59 112 113 122
887 39 40 88 89 112 113
810 52 53 92 93 96 97
1033 52 53 66 92 93 96 97 111
727 51 84 96 97 103
671 34 35 39 40 96 97 111 114 115 116
478 34 35 61 62 88 89 92 93 96 97
638 3 4 43 44 50 60 96 97
581 3 4 61 62 88 89 129 130
677 3 4 34 50 129 130 131
543 31 34 58 59 129 130 131
893 71 78 83 88 115 116 129 130
835 0 3 4 61 62 88 89
616 0 3 4 127 128 139
817 0 3 4 61 62 88 89
660 0 1 27 51 88 89 121 123
524 0 1 31 51 52 53 60 107 108 121
1039 0 1 45 46 51 121
749 0 1 3 4 117 118 121
679 0 1 3 4 34 36 121 131
1012 0 1 16 36 60 121 131
1222 0 1 30 35 88 89 121 140 141
1020 0 1 51 121 134 135
1184 0 1 31 47 88 89 121
646 0 1 2 16 70 134
1078 0 1 2 30 31 34 35
802 0 1 2 7 8 16
914 0 16 27 51 70 132 133 134
1013 0 7 8 16 27 70
1237 0 31 47 58 59 70 136
713 0 31 47 70 88 89 136
441 0 16 27 70 134 135
615 0 70 71 88 134
1034 0 8 16 72 76 131 132 133
816 0 3 4 31 34 129 130 131
736 0 3 4 24 25 56 59 131
992 0 31 60 112 113 131
872 0 32 33 50 51 60 131
1003 0 30 31 52 53 88 89 92 93
898 0 30 35 88 89 92 141
933 0 30 50 51 52 53
349 0 71 78 79 80
969 0 18 34 35 71 88 89 92 141
1168 0 37 38 52 53 71 88 92 141
826 0 7 8 51 58 59
1028 0 7 8 11 119 120 123
825 0 7 8 16 27 70
1056 0 7 8 41 42 131
998 0 7 8 16 30 50
1082 0 11 123 124 133 135 136
1098 0 27 131 135
1077 0 34 35 51 134 135
469 0 32 33 37 51 88 89 105
1031 0 18 51 89 127 128 139
1114 0 31 34 37 38 51 58 59
582 0 3 4
1069 0 1 51 52 53 121
963 0 11 27 70 123
849 0 56 57 131
1065 0 37 38 61 62 88 89 131
1358 0 92 96 97 131 141
1073 0 30 36 51 127 128 139
1450 0 11 30 50 123
978 0 16 30 50
618 0 58 59 71 88 103 105
393 0 7 8 16
978 0 96 97 122 123 124
390 17 18 127 128 139
690 3 4 17 18 34 50
935 17 18 34 35 58 59 92 141
638 3 4 17 18 50 60
696 7 8 17 18 50 51 52 53 60
572 3 4 17 18 50 60
637 17 18 24 25 51 88 89
783 16 17 18 24 25
1054 54 55 66 81 82 111
886 30 31 58 59 73 81 82 83
763 74 75 81 82 84 85 103
838 34 35 39 40 81 82
691 48 49 81 82 125 142
742 12 13 24 25 122 123 124
507 12 13 50 51 58 59 60 94 95
513 12 13 41 42 52 53 58 59 92 141
648 12 13 92 104 141 143
831 12 13 111 114 115 116
440 12 13 78 81 82 83
916 12 13 58 59 103 105
1074 5 6 7 8 88 89 92 93 131
1249 5 6 51 52 53
830 5 6 16 51 132 133 134
646 1 5 6 121 131
639 5 6 16 24 25 131
809 3 4 5 6 7 8
553 18 24 25 51 58 59 83 104 106
625 92 104 106 112 113 141
726 34 35 43 44 104 106
630 34 48 49 50 66 111 115 116 131
1047 3 4 18 24 25 83 115 116
1022 11 84 103 115 116 135
982 61 62 79 80 115 116
668 54 55 66 111 115 116
519 37 38 66 111 115 116
708 34 35 61 62 115 116
472 3 4 50 52 53 60 119 120
965 31 37 38 52 53 58 59 60
384 3 4 37 38 39 40 50 52 53 60
885 24 25 51 52 53 88 89
391 52 53 92 93 112 113
316 52 53 92 107 108 141
564 52 53 66 92 107 108 111 141
887 28 32 33 56 57 122
692 14 32 33 69
788 32 33 56 57 94 95
754 32 33 58 59 92 96 97 111 114 141
212 28 32 33 58 59 92 122 141
191 3 4 18 32 33 50 60 83
433 8 16 27 28 29 58 59 76
664 28 32 33 58 59 122
890 54 55 58 59
555 37 38 52 53 58 59 61 62
744 11 28 37 38 43 44 58 59 133
852 37 51 58 59 84
413 0 3 4 48 49 65 66
755 0 3 4 96 97 103 105
247 0 1 11 121 123 135 136
772 0 1 11 121 123
594 0 1 16 51 121 132 133 134
802 0 1 3 4 121
679 0 1 34 50 121 131 144
811 0 1 41 42 96 97 121 131
785 0 1 11 30 50 121 123
964 0 1 51 121 134 135
1224 0 1 26 69 121
751 0 1 2 31 34 107 108 131
775 0 1 2 71 73 144
1031 0 1 11 121 123
902 0 1 16 27 70 121 134 135
837 0 70 71 88 134 135 136
679 0 51 70 88 89 136
658 0 3 4 70 136
1041 0 11 70 72 121 123 145
866 0 16 131 132 133 134 135 136
1051 0 16 72 131 132 133 134 135
938 0 34 36 131 144
878 0 43 44 56 57 88 89 131
450 0 36 60 71 88 131
1000 0 22 23 30 31
923 0 30 36 51 52 53
874 0 52 53 71 78
1352 0 16 18 71 72 132 133
704 0 71 88 92 96 97 141
428 0 7 8 51 112 113
345 0 7 8 16 119 120
959 0 7 8 34 36 51 131
1102 0 7 8 30 35
1064 0 7 8 74 75 85
1029 0 131 135 136 146 147
1049 0 11 27 123 135
731 0 30 35 134 135
1224 0 51 143 148
964 0 51 56 57 139 142 149
1037 0 16 24 25 144 150 151
698 0 1 11 121 123
1100 0 27 51 70
872 0 31 34 112 113 131
1038 0 54 55 131
988 0 88 89 92 131 141
1105 0 30 50 51 52 53
989 0 71 78 83 88 96 97
74 0 52 53 92 141 144
895 0 88 89 140 141 144
938 0 51 52 53 134 135
845 17 18 127 128 139
935 1 17 18 34 50 51 121
1068 17 18 50 51 60 127 128 139
1274 7 8 17 18 50 60 131
1215 17 18 31 45 60 104
650 17 18 31 45 46 60
777 11 17 18 28 133
748 11 17 18 24 25 123
907 30 34 35 36 66 81 82 111
817 7 8 73 81 82 83 144
914 81 82 94 95 98 99 107 108
481 61 62 81 82 112 113
870 12 13 16 24 25 150 151
500 12 13 41 42 127 128 139
889 12 13 92 127 128 139 141
1117 12 13 63 64 66 111
1506 3 4 5 6 7 8 117 118
861 5 6 16 50 60 131 137 138
387 5 6 31 34 51 88 89
639 1 5 6 16 121
748 5 6 52 53 71 88 92 141
826 48 49 94 95 104 106
1108 92 104 106 112 113 141
206 52 53 104 106 140 141
138 1 50 52 53 60 121 144
623 36 52 53 60 71 88
852 52 53 54 55
860 37 38 52 53
847 3 4 52 53 151 152
346 41 42 52 53 107 108
821 52 53 66 92 96 97 111 141
953 32 33 37 38 50 51 60 125 142
754 32 33 41 42 112 113
1064 22 23 32 33 92 141
1075 18 32 33 50 51 60 83
958 8 16 27 28 29 58 59 76
886 16 28 29 58 59 134
1029 16 27 28 29 58 59
717 16 37 38 39 40 50 58 59 60
732 16 37 38 43 44 50 58 59 60
796 11 37 58 59 84 135
645 14 34 35 58 59 69 111 114
473 58 59 144 146 147 152 153
494 7 8 16 58 59 151 152
802 24 25 58 59 144 150 151
318 3 4 24 25 34 36 58 59 131
642 24 25 30 36 51 52 53 58 59
770 11 24 25 58 59 124 133 135
878 58 59 63 64
858 32 33 41 42 58 59 94 95 107 108
343 34 36 41 42 51 58 59
782 34 36 51 58 59 88 89 94 95
849 12 13 52 53 58 59 92 111 114 141
832 58 59 92 96 97 141
878 45 58 59 92 141 148
874 34 36 58 59 92 131 141
1141 16 27 28 29 58 59 92 141
902 58 59 107 108 111 114 127 139 142
998 34 37 38 50 58 59 66 111 131
1094 32 33 37 38 58 59 78 83
596 16 18 27 58 59 83 132 133
641 48 49 58 59 66 83 88 111
766 58 59 103 105 107 108
644 0 3 4 96 97 103 105
941 3 4 5 6 137 138
844 0 3 4 37 38 52 53 61 62
713 0 1 3 4 27 121 123
701 0 1 51 112 113 121
610 0 1 51 52 53 119 120 121
701 0 1 16 27 47 50 70 121
1023 0 1 27 51 70 121
605 0 1 31 34 79 80 121 131
650 0 1 92 96 97 121 131 141
866 0 1 30 31 34 35 121
1070 0 1 3 4 121 134 135
1013 0 1 2 51 96 97 117 118
340 0 1 2 31 32 33 60 131
1025 0 1 2 16 24 25 144
890 0 1 31 34 35 47 121
1099 0 7 8 16 27 70
658 0 16 70 134 135 136
779 0 3 4 27 70
1133 0 51 70 88 89 134
887 0 16 27 131 132 133 134 135
538 0 31 34 104 131 143
1019 0 16 24 25 56 59 131
1019 0 31 34 36 51 60 131
419 0 16 24 25 131
997 0 30 32 33 35 111 114
751 0 30 50 131
701 0 71 73 144
646 0 18 50 60 71 144
965 0 6 11 24 123 124 133 144
761 0 7 8 45 51 148
775 0 7 8 16 27 47 50 70
920 0 7 8 16 50 60 131
1114 0 7 8 30 50 131
878 0 7 8 52 53 111 114 144
885 0 7 8 34 35 111 114 144
1275 0 11 123 135 136
1039 0 3 4 27 135
1299 0 51 127 128 134 135 139
911 0 32 33 37 38 51
812 0 51 139 142 149
773 0 11 119 120 123
1048 0 3 4 61 62 88 89
967 0 27 31 32 33 47 70
1025 0 34 50 51 96 97 131
872 0 31 60 107 108 131
857 0 41 42 56 57 131
876 0 30 36 131
1156 0 71 88 92 112 113 141
1112 0 41 42 52 53 144
661 0 22 23 61 62 144
1115 0 7 8 11 123
823 0 56 57 122 123 124
1123 17 18 34 35 92 104 141 143
1310 17 18 34 50 131
245 17 18 32 33 50 60 92 131 141
441 7 8 16 17 18 50 60
712 11 17 18 24 25 70
838 79 80 81 82 94 95
882 32 33 78 81 82 83
1025 45 78 81 82 83 148
782 19 20 21 78 81 82 83 96 97
852 81 82 84 103 144
800 56 57 81 82 94 95
574 61 62 79 80 81 82
655 3 4 12 13 24 25 88 89 103 105
655 12 13 45 94 95 104
1041 12 13 34 35 92 141
1074 12 13 32 33 78 83
825 5 6 7 8 34 50 51 131
862 5 6 71 88 123 134
629 5 6 16 150 151
827 5 6 34 50 51 131
953 5 6 7 8 51 52 53
589 3 4 18 24 25 83 104 106
1089 34 35 92 104 106 141
893 104 106 125 126 127 128
848 24 25 50 51 52 53 60 144
1087 50 52 53 60 144
826 52 53 71 88 152 153
781 52 53 82 109 110 154
480 52 53 111 112 113 114
753 28 29 32 33 134 144
843 32 33 51 88 89 152 153
824 32 33 41 42 56 57
799 32 33 48 49 50 60 92 131 141
1075 32 33 83 88 92 107 108 141
1075 27 28 29 58 59 71 88
693 28 58 59 112 113 122
837 16 27 28 58 59 133
695 16 28 58 59 72 133
559 3 4 37 38 39 40 50 58 59 60
760 34 35 37 38 43 44 50 51 58 59 60
862 37 58 59 71 84 88 134 135
912 14 52 53 58 59 69 111 114
647 9 10 11 58 59 152 153
624 58 59 144 151 152
558 11 24 25 58 59 119 120 123
976 16 24 25 58 59 72 131 132 133
750 24 25 41 42 58 59 107 108 131
752 24 25 58 59 78 81 82 83 144
889 24 58 59 118 144 146 147
833 37 38 58 59 63 64 66 111
895 58 59 82 88 89 94 95 154
719 58 59 82 88 89 103 105 154
783 58 59 82 109 110 154
992 32 33 37 38 41 42 58 59
812 31 34 41 42 58 59 112 113
737 34 50 51 58 59 94 95 96 97
847 52 53 54 55 58 59 66 92 111 141
810 58 59 92 96 97 111 114 127 128 139 141
1024 58 59 92 96 97 111 114 127 128 139 141
898 34 36 58 59 92 141 144
923 28 58 59 92 122 141
451 56 57 58 59 111 114 127 139 142
882 34 50 58 59 66 111 144
809 58 59 78 81 82 83
1002 0 3 4
886 0 3 4 125 126 127 128
701 0 1 51 72 121 123
610 0 1 37 38 51 52 53 121
740 0 1 51 119 120 121
655 0 1 27 51 70 121
495 0 1 31 34 79 80 121 131
413 0 1 41 42 121 131
1239 0 1 30 50 51 121
795 0 1 121 144 155 156 157 158
607 0 1 11 121 123
992 0 1 9 10 11 121
1184 0 1 16 121
689 0 1 2 31 34 79 80 131
1013 0 1 2 52 53 71 78
902 0 1 2 7 8 16
1157 0 3 4 27 61 62 70 88 89
645 0 16 27 70 134 135
674 0 27 31 47 70 88 89
1035 0 70 71 72 88
388 0 3 4 131 132 133 136
1088 0 51 96 97 131 132 133 134
971 0 34 50 131 144
1076 0 82 131 157
696 0 31 32 33 60 131 159 160
1071 0 7 8 16 36 60 131
1003 0 37 38 109 110 131
898 0 30 31 34 36 131 157 158
886 0 11 30 36 123
607 0 71 78 79 80
521 0 18 34 35 71 88 89 92 141
725 0 71 88 92 107 108 141
630 0 16 24 118 144
543 0 7 8 34 35 51
1066 0 7 8 27 51 70
929 0 7 8 50 51 60 96 97 131
1102 0 7 8 30 36 131 157 158
1046 0 7 8 16 27 135
1302 0 32 33 51 135 136
1051 0 11 27 123 135
1253 0 131 134 135
663 0 32 33 51 54 55
912 0 51 56 57 127 139 142
911 0 119 120 131
1123 0 3 4 150 151
1054 0 144 150 151
965 0 3 4 61 62 88 89
890 0 1 16 121 134 135
926 0 34 36 71 88 131
815 0 7 8 16 50 60 131
872 0 14 15 16 131
948 0 92 107 108 131 141
1088 0 30 36 131 157 158
1006 0 71 88 92 112 113 141
957 0 24 25 34 35 51 144
886 0 71 73 83 88 144
587 0 7 8 51
576 0 3 4 134 135
912 17 18 82 127 139 142 157
1228 3 4 17 18 34 50 150 151
638 17 18 157 158
1140 1 17 18 50 60 121 131
984 17 18 35 60 161 162
981 17 18 24 25 51 88 89
469 9 10 11 17 18 24 25
986 16 25 81 82 94 95 159
878 32 33 54 55 78 81 82 83
1096 81 82 96 97 103 105
360 31 32 33 60 81 163
513 81 82 155 156
824 34 35 61 62 81 82
654 3 4 12 13 24 25
434 12 13 34 35 41 42
980 12 13 22 23 92 141
942 12 13 34 35 66 111
850 3 4 5 6 7 8 150 151
1194 5 6 7 8 9 10 11
1055 5 6 22 23 51
903 3 4 5 6 34 35 61 62
692 5 6 16 50 60 131
837 5 6 7 8 11 123
946 16 18 25 83 104 106 159
440 32 33 92 104 106 141 159 160
908 37 38 52 53 61 62 104 106
623 34 35 65 66 106 148
658 3 4 50 52 53 60 134 135
805 37 38 39 40 52 53 157 158
96 3 4 52 53 151 152
1183 41 42 52 53 82 154
752 52 53 92 141 157 163
533 32 33 159 160
505 11 28 32 33 133
862 32 33 51 151 152
948 32 33 41 42 159 160
945 32 33 48 49 92 141
919 32 33 78 81 83 163
677 32 33 78 81 82 83
527 58 59 83 88 159 160 161 162
266 58 59 88 89 103 105 109 110 159 160
291 58 59 61 62 104 143 159 160
730 58 59 125 126 127 128 159 160
967 3 4 25 58 59 159
615 16 25 58 59 134 135 159
250 6 7 8 51 58 59 88 89 159
1064 43 44 58 59 88 89 159 160
882 3 4 27 28 29 58 59
780 28 32 33 58 59 122 159 160
634 16 28 58 59 133 134
947 34 35 37 38 39 40 50 51 58 59 60
617 37 38 43 44 58 59 157 158
1219 37 58 59 88 89 105
640 34 35 37 38 43 44 58 59
647 14 15 58 59 131 159 160
554 16 58 59 152 153
626 51 52 53 58 59 151 152
621 32 33 51 58 59 151 152
758 4 18 83 157 158 164
583 4 131 161 164 165
569 0 3 4 39 40 56 57
448 4 34 35 61 62 164
673 4 34 50 131 140 141 164
556 4 34 50 65 66 131 164
671 0 1 4 121 131 164
512 4 17 18 164 166 167
475 4 104 106 164
596 4 32 33 94 95 164
817 0 3 4 107 108
888 4 34 35 154 163 164
684 4 50 60 131 164
578 3 27 70 146 147 168
903 131 164 168
1124 66 111 144 164 168
656 74 75 84 85 86 87 169
862 0 3 4 39 40 159 160
531 0 3 131 168
436 0 1 3 4 121 123 136
734 0 1 54 55 121 123 131 134
1225 0 1 37 51 58 59 104 105 106 121
319 0 1 34 35 51 121
821 0 1 51 117 118 121
383 0 1 16 70 121 134
725 0 1 56 57 121 131
1096 0 1 16 121 131 151 152
827 0 1 30 35 121
734 0 1 30 35 88 89 92 93 121
895 0 1 16 30 50 121
996 0 1 58 59 111 114 121 144
1020 0 1 51 88 89 121 134 135
488 0 1 16 50 121 170 171 172
930 0 1 2 3 4
413 0 1 2 34 131 159 160 173
761 0 1 2 30 35
411 0 1 2 18 71 157 158
744 0 1 11 121 123
1126 0 16 24 25 27 51 58 59 70
595 0 27 70 71 88
1131 0 27 47 70 157 158 173
727 0 11 70 123 136
1024 0 16 70 72
885 0 70 74 75 85 134
783 0 7 8 16 27 131 132 133
803 0 16 131 132 133 134
599 0 31 34 48 49 90 131 174
83 0 4 34 131 164 173
388 0 34 41 42 56 57 131 173
698 0 4 39 40 48 49 131 164
402 0 56 57 131
868 0 82 131 157
859 0 43 44 48 49 82 131 157
1056 0 31 60 96 97 131
618 0 34 50 60 131 144 173
869 0 50 51 60 131
855 0 6 11 123 131 159
851 0 28 30 31 58 59 122
920 0 30 31 34 36 131
934 0 30 34 50 131 173
436 0 30 41 42 173
760 0 30 36 51
1000 0 30 50 51 166 167
958 0 58 59 71 78
803 0 30 36 51 71 73 88 89
363 0 18 34 50 71 144
896 0 52 53 71 88 92 93
758 0 71 88 103 105 115 116
704 0 7 8 51 52 53
965 0 7 8 18 34 35 51 89
721 0 7 8 51 117 118
780 0 7 8 16 72 131 132 133
735 0 7 8 16 50 60 131
977 0 7 8 30 36 51 88 89
917 0 7 8 92 93 144 166 167
1008 0 7 8 122 123 124
634 0 51 135 136
557 0 27 32 33 51 135
1057 0 34 35 51 72 135
1030 0 51
1082 0 32 33 51 159 160
912 0 37 51 58 59 88 89 105
821 0 19 20 21 51 58 59
1318 0 31 34 51 96 97
786 0 144 150 151
1123 0 3 4 39 40 48 49
803 0 1 16 121 170 171
947 0 1 74 75 84 85 121 169
1062 0 1 16 121 134 135
1018 0 34 36 51 58 59 131
827 0 4 131 164
997 0 31 58 59 60 131 159 160
1364 0 37 38 39 40 88 89 131
717 0 41 42 107 108 131
957 0 30 35 58 59 111 114
1336 0 16 30 36
1076 0 71 88
1126 0 37 38 71 88 155 156
1062 0 16 24 25 144
957 0 111 114 127 128 139 144
1152 0 52 53 61 62 144
930 0 7 8 34 35 51
673 0 3 4 134 135
393 0 3 4 170 171
941 17 18 31 58 59 60 127 139 142
938 4 17 18 66 111 164 166 167
498 3 4 17 18 34 50
575 4 17 18 34 164 173
859 3 4 17 18 34 50
1068 17 18 82 157
375 17 18 50 51 60 166 167
803 17 18 24 25 50 51 60 131
785 17 18 31 45 46 60
541 4 78 83 164
820 4 34 35 164 175 176
666 4 58 103 105 164 176
572 4 100 101 102 164 174 177
541 4 39 40 78 83 159 160 164
615 0 3 4 61 62 166 167
703 0 3 4 140 141 166 167
739 4 17 18 65 66 164 166 167
713 0 3 4 65 66 178 179
542 0 4 131 164
524 4 12 13 66 111 164
731 4 17 18 52 53 164
712 4 43 44 58 59 159 160 164
764 4 39 40 112 113 164
368 4 43 44 88 89 164
667 4 34 35 39 40 164
684 4 61 62 159 160 164
783 131 164 168
718 30 35 66 111 164 168
674 66 111 144 164 168
740 164 168 172 173
780 39 40 88 89 180 181 182 183
682 74 84 86 87 169 180 181
910 58 59 74 84 103 180 181
801 0 3 4 32 33 78 83
852 0 3 4 11 120 123 161
824 0 3 4 109 110
495 0 3 4 48 49 65 66
927 0 1 11 121 123 135 136
604 0 1 51 88 89 121 123 134
247 0 1 31 51 52 53 60 79 80 121
619 0 1 18 51 89 121 166 167
260 0 1 31 34 51 79 80 121
476 0 1 3 4 121
970 0 1 34 36 51 121 131
616 0 1 121 131 157 158
1096 0 1 54 55 121 131
904 0 1 54 55 94 121 131 184 185
622 0 1 30 36 51 52 53 121
505 0 1 16 30 50 121
925 0 1 111 114 121 144 166 167
785 0 1 51 58 59 121 134 135
843 0 1 16 121 170 171
1093 0 1 2 71 88 117 118
895 0 1 2 31 34 107 108 131
800 0 1 2 31 37 38 58 59 60 131
575 0 1 2 16 30 50
575 0 1 2 7 8 51 166 167
744 0 1 3 4 121 170 171
1025 0 27 45 51 70 104
837 0 27 58 59 70 71 88 92 141
1237 0 27 47 70 157 158 173
650 0 16 70 134 135 136
1034 0 11 70 72 121 123 145
953 0 70 71 88 134
1065 0 27 51 58 59 131 132 133
753 0 16 27 131 132 133
791 0 31 34 56 57 90 131 174
786 0 31 34 58 59 131 159 160
1041 0 34 131 157 163 173
632 0 34 41 42 131 173
280 0 3 4 34 36 131
1133 0 34 36 131 144
576 0 4 39 40 56 57 131 164
778 0 56 115 116 131 176
757 0 16 24 25 56 59 131
825 0 31 34 90 91 131 157 163
964 0 39 40 56 57 82 131 157
769 0 31 37 38 60 90 91 131 174 178
817 0 31 32 33 37 38 60 91 131 178
777 0 16 25 31 58 59 60 131 159
848 0 34 50 51 60 131 173
857 0 60 131 154 163 173
758 0 3 4 50 60 131
814 0 54 55 65 66 131 157 158
935 0 56 57 90 131 174 178 179
696 0 19 20 21 58 59 131 174 178
1002 0 56 58 59 131 174 176 178
883 0 109 110 131 159 160 174 178
879 0 56 57 65 66 91 131 157 158 178
681 0 60 91 131 159 160 173 178
375 0 37 38 61 62 88 89 91 131 178
839 0 12 13 91 111 114 131 178
941 0 30 31 82 90 91 157
677 0 30 31 52 53
981 0 30 31 104 143
962 0 30 31 34 36 71 88
1034 0 3 4 30 34 50 173
318 0 30 166 167 173 174 178
1153 0 30 35 58 59 175 176
960 0 7 8 16 30 36
755 0 71 78 115 116
824 0 37 38 71 78 90 91
882 0 54 55 58 59 71 78 91 178
1112 0 30 36 71 73 131
998 0 18 34 50 51 71
901 0 18 28 71 122
918 0 71 88 92 141 159 160
796 0 71 78 83 88 90 91
910 0 56 57 71 78 83 88 90 91
791 0 71 88 96 97 125 142
936 0 16 24 25 90 91 144 178 179
818 0 34 35 109 110 144 174 178
1034 0 16 144 151 152 174 178
712 0 34 35 60 91 144 173 178
496 0 88 89 91 94 95 98 99 144 178
415 0 88 89 91 103 105 144 178
707 4 66 83 88 111 164
688 4 28 59 122 164 175
675 4 44 74 75 84 103 164
640 4 39 40 88 89 164
772 4 37 38 52 53 61 62 164
665 0 3 4 34 35 61 62
533 4 34 35 66 111 140 141 164
689 4 65 66 164 166 186
458 4 65 66 154 163 164
652 0 4 7 8 131 164
706 4 12 13 94 95 98 99 164
644 0 4 131 164 187 188
607 4 90 91 159 160 164
573 4 37 38 52 53 164
683 4 32 33 164 174 177
529 4 58 59 94 95 98 99 164
743 0 3 4 96 97
670 4 164 166 167 189 190
825 0 4 48 49 131 164
699 4 37 38 61 62 164
675 131 157 158 164 168
670 30 35 65 66 164 168
614 18 83 144 164 168
576 44 74 75 164 168
798 16 134 135 164 168
827 32 33 78 83 178 179 180 181 182 183
680 74 84 103 109 110 180 181
852 0 34 35 65 66 74 180 181
924 52 53 180 181 182 183
597 0 74 75 85 127 128 139
819 0 3 4 34 35 39 40
1029 0 3 4 65 66 159 160
963 0 1 31 47 90 91 121 123 136
844 0 1 121 123 131 134
510 0 1 51 52 53 54 55 121
734 0 1 18 34 35 51 89 121
1145 0 1 31 34 51 58 59 121
626 0 1 37 38 58 59 92 121 141 150 188
833 0 1 51 117 118 121
927 0 1 16 27 70 121
696 0 1 31 34 121 131 191 192
575 0 1 16 50 60 121 131 170 171
1072 0 1 37 38 121 131 174 178
618 0 1 37 38 58 59 92 121 131 141
730 0 1 30 36 121 150 188
1216 0 1 16 24 118 121 144
811 0 1 22 23 121 144 189 190
892 0 1 58 59 121 140 141 144
812 0 1 11 121 135
959 0 1 26 69 121
797 0 1 2 27 70 71 88
861 0 1 2 7 8 16 27 70
773 0 1 2 31 34 88 89 131
934 0 1 2 31 58 59 60 131 159 160
636 0 1 2 30 157 158 173
644 0 1 2 7 8 51 58 59 159 160
720 0 1 11 121 123 124 133
802 0 27 51 58 70 90 91 176
929 0 1 27 51 58 59 70 121
770 0 11 27 70 123 134 135
681 0 31 47 58 59 70 136
658 0 27 32 33 51 70
685 0 11 70
996 0 32 33 51 131 132 133 136
883 0 16 72 131 132 133 134 135
733 0 37 38 90 91 131 166 174 178 186
1051 0 58 59 131 159 160 166 186
719 0 31 34 54 55 60 90 91 131 173
786 0 31 34 56 57 58 59 131 174 178
599 0 31 34 107 108 131
83 0 14 34 69 131 173
745 0 3 4 34 36 131
866 0 4 39 40 48 49 131 164
834 0 56 57 131
614 0 24 25 51 56 59 88 89 131
785 0 43 44 56 57 88 89 131
950 0 56 57 65 66 131 157 158
1088 0 82 90 91 131 157 159 160 175 176
417 0 43 44 82 131 157 159 160
654 0 31 56 57 60 90 131 174
1070 0 31 32 33 60 131 159 160
851 0 31 60 112 113 131
1018 0 34 50 51 60 96 97 131 173
859 0 60 131 154 158 173
1039 0 16 24 25 50 60 131 144
788 0 37 38 39 40 88 89 131
837 0 37 38 90 91 131 178 179 190 193
1073 0 32 33 54 55 131 178 179
714 0 31 34 90 91 131 159 160 174 178
1021 0 31 37 38 60 90 91 131 174 178
626 0 16 25 131 159 174 178
872 0 91 131 157 163 178
850 0 16 36 60 91 131 178
848 0 14 69 91 131 178
872 0 32 33 91 131 178 189 190
1080 0 16 25 59 91 131 159 175 178
874 0 30 31 34 35 60 90 91 173
768 0 30 31 52 53 88 89 92 93
768 0 30 31 34 35 58 176
749 0 30 31 34 36 51 88 89
552 0 30 34 35 90 91 111 114 173
857 0 30 50 51 60 166 167 173
375 0 30 35 41 42 58 59
697 0 16 30 36
641 0 30 50 51 58 59
584 4 78 83 164
585 4 17 18 88 89 164 175 176
605 4 16 59 164 175 194
749 4 47 84 103 164 173
509 0 3 4 39 40 166 167
536 0 3 4 37 38 52 53 61 62
568 4 61 62 164 166 167
614 4 127 139 140 141 142 164
703 4 125 142 157 163 164
619 4 65 66 157 163 164
731 0 1 2 3 4
589 0 4 131 164
448 0 4 30 35 164
548 0 3 4 17 18 60 195
542 4 5 6 131 137 138 164
838 0 4 131 164 191 192
700 4 17 18 90 91 164 195 196
713 4 52 53 154 163 164
556 4 32 33 78 83 164
758 4 58 59 164 195 196
742 4 78 83 96 97 164
793 4 79 80 164
865 4 34 35 65 66 164
780 4 159 160 164 175 176
768 1 31 47 121 164 168
692 61 62 131 159 160 164 168
814 30 35 164 168
686 39 40 144 164 168
755 32 33 111 114 180 181 182 183
720 166 167 175 176 180 181 182 183
583 0 58 59 61 62 74 180 181
720 0 71 88 180 181 182 183
745 0 58 59 74 180 181 195 196
928 75 85 178 179 182 183 184 185 193 197
869 75 85 182 183 184 185 193 197
1069 0 3 4 73 83 144
702 0 3 4 39 40 60 195
647 0 3 4 56 57 65 66
495 0 3 16 134 135 168
771 0 1 27 35 121 123 172 198 199
682 0 1 121 123 131 134 157 158
582 0 1 31 51 52 53 60 79 80 121
569 0 1 30 35 51 73 89 121
739 0 1 31 34 51 56 57 90 91 121
756 0 1 82 121 150 154 188
270 0 1 121 144 150 151 198 199
772 0 1 3 4 88 89 103 105 121
715 0 1 96 97 121 131 166 186
786 0 1 48 49 121 131
605 0 1 31 60 112 113 121 131
383 0 1 17 18 121 131 178 179
552 0 1 48 49 121 131 174 178
884 0 1 41 42 112 113 121 131
823 0 1 30 35 121
779 0 1 30 36 121 131 157 158
734 0 1 121 144 152 188
760 0 1 88 89 92 121 141 144
693 0 1 18 83 121 144 157 158
805 0 1 51 88 89 121 134 135
772 0 1 56 57 121 122 123 124
682 0 1 26 69 121 198 199
852 0 1 2 27 51 70 88 89
993 0 1 2 31 34 112 113 131
983 0 1 2 31 56 57 60 90 91 131
840 0 1 2 31 60 90 91 131 195 196
675 0 1 2 30 166 167 173
761 0 1 2 18 34 35 71 198 199
852 0 1 2 7 8 144 198 199
577 0 1 31 47 121 191 192
988 0 16 24 25 27 51 58 59 70
796 0 1 11 27 70 121 123
827 0 7 8 27 51 58 59 70
877 0 27 47 60 70 173 195
1099 0 31 47 58 59 70 136 195 196
1136 0 27 70 71 76 77 88
658 0 70 72 195 196 200 201
576 0 51 70 88 89 134
608 0 16 131 132 133 136
705 0 16 72 131 132 133 134 135
673 0 17 18 90 91 131 166 178 179 186
1026 0 48 49 58 59 131 166 174 178 186
950 0 4 131 164 166 186
882 0 31 34 56 57 90 91 131 174 178
631 0 31 34 37 38 90 131 174
786 0 31 34 56 57 90 91 131
786 0 31 34 58 96 97 131 176
595 0 34 131 144 164 168 173
617 0 34 91 131 157 158 173 178
665 0 3 4 34 36 131
840 0 4 59 131 164 175 195 196
950 0 3 4 131 164 168
612 0 56 58 59 91 131 157 158 176 178
661 0 11 24 25 56 59 123 131
713 0 56 59 91 131 177 198 199
740 0 56 90 91 131 157 163 176
1002 0 58 59 82 131 157 189 190
783 0 61 62 82 112 113 131 157
775 0 31 60 90 91 131 152 188
427 0 31 60 90 91 131 159 160
520 0 31 32 33 60 92 93 96 97 131
740 0 31 51 58 59 60 131 194
904 0 31 60 107 108 131
963 0 16 60 131 134 135 164 168 173
848 0 51 58 59 60 131 173 194
668 0 50 54 55 60 131 172 173
722 0 43 44 60 131 159 160 195
691 0 54 55 65 66 131 157 158
548 4 78 83 96 97 164
713 0 3 4 88 89 175 176
757 4 59 164 175 195 196
666 3 4 84 103 137 138
482 4 18 39 40 89 164
679 4 39 40 159 160 164
685 0 3 4 61 62 166 167
279 0 3 4 127 128 139 140 141
590 4 56 57 125 142 164
682 4 56 57 65 66 164
483 0 3 4
665 0 3 4 17 18 166 167
608 4 12 13 94 95 164
457 0 3 4 187 188
712 4 78 83 90 91 159 160 164
700 0 3 4 90 91
695 4 28 32 33 122 164
701 4 58 59 159 160 164
556 4 58 59 164 195 196
605 4 31 58 59 164 196
722 4 96 97 164 175 176
708 4 45 46 164
775 4 34 36 131 164
689 4 39 40 159 160 164
822 1 121 131 164 168 170 171
625 39 40 131 159 160 164 168
825 0 3 30 35 168
689 144 164 168 175 176
646 32 33 111 114 178 179 180 181 182 183
838 0 74 166 167 175 176 180 181
701 52 53 61 62 180 181 182 183
885 0 131 180 181 182 183
814 32 33 180 181 182 183
1158 0 58 59 74 75 85 195 196
814 0 3 4 59 175 198 199
835 0 3 4 43 44 60 195
518 0 3 60 131 168 195
785 0 1 31 47 88 89 121 123 136
839 0 1 51 72 88 89 121 123
505 0 1 121 144 147 150 151 198 199 202
835 0 1 56 57 121 131 147 174 178 202
992 0 1 121 131 147 159 160 174 178 202
886 0 1 16 121 170 171
584 0 1 37 51 58 59 88 89 105 121
653 0 1 16 19 51 121 185 194
751 0 1 51 119 120 121
548 0 1 48 49 92 121 141 150 188
659 0 1 51 96 97 117 118 121
620 0 1 16 27 70 121 134 135
711 0 1 34 50 51 96 97 121 131
838 0 1 50 51 60 121 131
713 0 1 14 69 121 131
1022 0 1 121 131 154 163
721 0 1 88 89 92 121 131 141
840 0 1 30 36 51 88 89 121
648 0 1 30 31 88 89 121
1216 0 1 52 53 92 93 121 144
1012 0 1 34 35 121 144 174 177
657 0 1 121 144 198 199 203 204
753 0 1 11 121 135
868 0 1 31 47 88 89 121
1062 0 1 2 3 4 117 118
826 0 1 2 96 97 131 166 186
977 0 1 2 16 24 25 56 59 131
723 0 1 2 54 55 60 131 173
1102 0 1 2 30 31 90 91 195 196
987 0 1 2 58 59 71 78
438 0 1 2 7 8 131 157 158
733 0 1 121 144 147 202
749 0 1 121 188 205
617 0 27 51 70 88 89
877 0 27 51 70 71 73 88 89
796 0 1 27 51 70 121
827 0 27 51 70 134 135
852 0 27 70 195 196 200 201
969 0 31 47 58 59 70 136 195 196
645 0 27 70 71 76 77 88
650 0 70 72 198 199 200 201
611 0 3 4 70 134
671 0 3 4 131 132 133 136
982 0 51 58 59 72 131 132 133
351 0 31 90 91 96 97 131 166 186 196
411 0 31 58 59 96 97 131 166 186 196
348 0 107 108 131 166 186
712 0 31 34 37 38 90 91 131
856 0 31 34 37 38 58 59 131
907 0 31 34 96 97 131
742 0 34 50 51 60 131 173
859 0 34 51 88 89 131 173 194
767 0 34 50 54 55 131 172 173
978 0 4 39 40 60 131 164 195
853 0 16 131 164 168 170 171
866 0 56 90 91 131 166 176 186
447 0 56 59 91 131 178 195 196
663 0 16 24 25 56 59 91 131 178
633 0 43 44 56 57 88 89 131
715 0 82 131 157 194 195 196 200 201
491 0 82 96 97 131 157 175 176
471 0 32 33 82 131 140 141 157
798 0 31 51 60 90 91 131 194
906 0 31 32 33 37 38 60 131
716 0 31 58 59 60 131 195 196
489 0 31 58 60 90 91 131 159 160 176
697 0 31 34 36 60 131 144
710 0 14 60 69 131 173
638 0 16 36 60 131
564 4 38 39 40 103 164
580 4 58 59 61 62 164
528 4 48 49 65 66 164
706 0 3 4 48 49 206 207
472 4 33 154 163 164 206
458 0 3 4 17 18 208 209
653 0 4 17 18 60 131 164 195
629 4 164 173 180 181 182 183 210
634 4 131 151 164 187
693 4 90 91 159 160 164 175 176
572 4 90 91 164 174 177
574 4 52 53 164 174 177
731 0 3 4 32 33
683 3 4 58 59 196 211
661 4 96 97 164 186 212
595 4 43 44 88 89 164
691 4 164 166 167 189 190
878 4 34 35 140 141 164
808 4 43 44 60 164 195
844 4 54 55 164 206 207
780 4 54 55 164
709 31 34 131 164 168
670 37 38 61 62 131 164 168
763 30 35 164 168
764 144 164 168 173 210
707 11 123 164 168
809 111 114 180 181 182 183 208 209
606 0 74 175 176 180 181 208 209
836 39 40 166 167 180 181 182 183
745 60 125 142 180 181 182 183 195
745 74 81 82 84 103 180 181
816 58 59 73 74 83 180 181
828 0 74 75 85 90 91
937 0 3 4 73 83 144
1264 0 3 4 39 40 166 167
661 0 3 4 60 125 142 195
745 0 3 4 33 37 38 206
409 0 3 16 168 170 171
460 0 1 27 51 58 59 121 123
505 0 1 56 57 121 123 131 134
531 0 1 121 131 147 202
942 0 1 30 35 121 147 202
819 0 1 16 121 170 171
475 0 1 37 51 58 59 104 105 106 121
593 0 1 19 51 54 55 121 184 185 197
645 0 1 31 34 51 96 97 121
660 0 1 58 59 92 121 141 150 188
627 0 1 31 58 59 121 150 159 160 188 210
535 0 1 31 37 38 58 59 121 150 188 210
563 0 1 3 4 117 118 121
685 0 1 3 4 27 70 121
927 0 1 34 50 51 58 59 121 131
792 0 1 16 48 121 131 134 135 213
807 0 1 31 56 57 60 90 91 121 131
552 0 1 37 38 121 131 174 178
1080 0 1 41 42 121 131 159 160
896 0 1 30 35 60 92 121 141 195
818 0 1 30 36 121 131 157 158
948 0 1 30 35 121 198 199
771 0 1 16 121 170 171 213 214
783 0 1 88 89 92 93 121 144
1070 0 1 31 34 35 121 144 210
817 0 1 90 91 103 105 121 144
674 0 1 121 131 134 135
389 0 1 35 121 198 199 215
1038 0 1 31 47 60 90 91 121 195
844 0 1 2 51 58 59 117 118
780 0 1 2 131
743 0 1 2 34 37 38 131 173
984 0 1 2 31 58 59 60 131
964 0 1 2 31 90 91 131 196
854 0 1 2 31 56 57 90 91 131 196
1044 0 1 2 30 31 166 167
811 0 1 2 71 73 144
438 0 1 2 7 8 131 159 160
641 0 1 30 35 121 147 202
548 0 1 26 69 121
1078 0 27 51 70 88 89
939 0 1 27 31 47 58 59 70 121
735 0 9 27 70 201 213 214
988 0 7 8 16 27 70
1013 0 9 27 70 196 201 216
675 0 31 47 60 70 90 91 136 195
570 0 27 47 60 70 173 195
656 0 16 27 70 134 135
686 0 16 70 134
754 0 3 4 131 132 133 136 147 202
576 0 16 27 36 131 132 133 172
330 0 51 58 59 131 132 133 134 159 160
687 0 54 55 90 91 131 166 174 178 186
518 0 31 58 59 79 80 131 166 186 196
605 0 96 97 131 166 186
331 0 34 131 211 213 214 215 216
1065 0 31 34 51 58 59 131 151 159 160 187
732 0 31 34 48 49 90 91 131 174 178
475 0 31 34 58 59 131
791 0 31 34 58 59 131 159 160
488 0 31 34 48 49 131 213 214
860 0 34 131 159 160 173
899 0 34 41 42 131 173
963 0 34 131 173 198 199
657 0 34 36 51 131
859 0 8 16 48 76 131 213
741 0 48 49 60 131 195 206 207
725 0 4 43 44 131 159 160 164
722 0 131 164 168 215 216
552 0 45 56 104 131 176
683 4 31 73 83 164 215
628 0 3 4 88 89 175 176
541 0 3 4 37 38 59 175
616 4 58 59 103 105 159 160 164
605 4 103 140 141 164 217
760 4 100 101 102 164 174 177
566 4 34 35 39 40 164 174 177
565 0 3 4 37 38 52 53 61 62
637 4 61 62 88 89 164
589 4 43 44 50 60 131 164
693 4 127 128 139 140 141 164
630 4 60 140 141 164 173
470 4 34 35 65 66 164 174 177
571 0 3 4 37 38 65 66
636 0 3 4 37 38 218 219
590 4 164 174 177 206 207 208 209
584 4 157 163 164 206 207
739 0 3 4 33 37 38 206
556 0 4 30 31 164
473 4 17 18 127 128 139 164
689 4 17 18 31 60 164
682 4 164 180 181 182 183
550 4 94 95 164 191 192
560 4 61 62 90 91 159 160 164
658 4 90 91 164 173 210
619 4 41 42 52 53 164
547 4 32 33 41 42 164
722 4 37 38 58 59 61 62 164
574 4 58 59 164 174 177
712 0 4 96 97 131 164
599 4 66 111 164 217 220
743 4 17 18 127 128 139 164
681 4 34 35 39 40 164
760 4 16 50 60 164
703 4 37 38 61 62 164
886 27 31 47 70 164 168
756 131 164 166 168 186
633 3 34 131 168 211
636 54 55 131 164 168
692 30 35 39 40 164 168
682 94 95 98 99 144 164 168
256 122 124 135 164 168
686 34 35 173 180 181 182 183 210
798 32 33 78 83 180 181 182 183
646 74 84 103 180 181
739 0 58 59 61 62 74 180 181
680 0 34 35 65 66 74 180 181
805 0 131 180 181 182 183
910 52 53 180 181 182 183 198 199
751 0 34 35 74 75 85 206 207
949 0 58 59 74 75 85
961 0 3 4 59 175 195 196
1213 0 3 4 37 38 58 59 61 62
669 0 3 4 60 65 66 195
834 0 3 4 54 55 206 207
676 0 3 71 88 168
839 0 1 121 123 131 136 157 158
630 0 1 72 121 123 131 198 199
542 0 1 121 144 147 150 151 202
1033 0 1 121 131 147 159 160 174 178 202
1078 0 1 3 4 121 147 202 213 214
436 0 1 31 51 52 53 60 90 91 121 159
942
617 0 1 37 51 58 59 121 221
642 0 1 19 51 54 55 121 185
621 0 1 34 35 51 121
454 0 1 34 35 51 119 120 121
544 0 1 56 57 92 121 141 150 188
734 0 1 58 59 111 114 121 150 159 160 188
775 0 1 3 4 59 121 159 160 175
545 0 1 3 4 74 75 84 85 103 121
407 0 1 3 4 84 103 121 215 216
644 0 1 58 59 121 131 159 160 166 186
756 0 1 31 34 112 113 121 131
695 0 1 50 51 60 96 97 121 131
575 0 1 37 38 121 131
910 0 1 51 58 59 121 131 194
810 0 1 96 97 121 131 222 223
580 0 1 30 35 90 91 121 189 190
823 0 1 30 36 121 150 188
1005 0 1 30 31 58 59 121
704 0 1 54 55 121 131 213 214
734 0 1 41 42 58 59 121 144
834 0 1 88 89 92 121 141 144
978 0 1 35 121 144 198 199 210
1102 0 1 121 144 155 156 198 199
663 0 1 51 88 89 121 134 135
740 0 1 31 90 91 121 215
679 0 1 121 131 170 171
849 0 1 9 54 55 121 201
859 0 1 2 27 32 33 51 70
1029 0 1 2 31 34 90 91 131 159 160
1000 0 1 2 56 131 176 224 225
832 0 1 2 31 58 59 60 131 195 196
1069 0 1 2 31 112 113 131 196
865 0 1 2 30 34 35 173
1013 0 1 2 18 71 208 209
1070 0 1 2 7 8 51 208 209
886 0 1 2 74 180 181
852 0 1 84 121 169 215 216
700 0 1 31 34 35 47 121
986 0 1 35 47 121 198 199
812 0 27 51 58 59 70 195 196
749 0 1 11 27 70 121 123
902 0 27 31 58 59 70 71 88 210
755 0 16 27 70 213 214
712 0 27 31 32 33 47 70
803 0 3 4 70 136 202 226
695 0 3 4 70 136
514 4 19 20 21 78 83 164
512 4 66 83 88 111 164
614 4 34 35 164 175 176
621 4 59 164 175 186 212
590 4 74 75 84 85 103 164
749 4 120 161 164 173 215
772 4 39 40 164 174 177 217 220
655 0 3 4 39 40 56 57
679 0 3 4 37 38 58 59 61 62
469 4 61 62 164 166 167
665 4 43 44 159 164 227
785 4 34 35 140 141 164 222 223
529 4 56 57 125 142 164
799 4 48 65 66 131 164 213
676 4 65 66 154 163 164
470 4 164 218 219 221 228
674 4 164 166 167 173 174 177 229
254 4 60 164 173 195 229
656 4 50 131 164 229
742 4 48 131 164 206 207 213
755 4 154 163 164 206 207
506 0 4 131 164
656 4 17 18 66 111 164 217 220
448 4 17 18 34 35 164
540 4 12 13 164 186 212
718 4 94 95 98 99 144 164 230
686 4 164 187 188 189 190
787 4 90 91 157 163 164
560 3 4 90 91 196 211
566 4 52 53 60 164 173
706 4 52 53 164 222 223
608 4 52 53 164 189 190
556 4 32 33 41 42 164
626 4 37 38 39 40 58 59 164
838 4 58 59 164 173 210
529 4 96 97 125 142 164
722 4 45 46 164
721 4 65 66 164 208 209
703 4 164 166 167
886 0 4 48 49 131 164
756 4 39 40 159 160 164
853 4 37 164 206 207 221
598 3 34 131 168 211
574 54 55 131 164 168
755 30 35 39 40 164 168
814 24 144 164 168 227
707 72 131 164 168 231
671 31 32 33 178 179 180 181 182 183 210
728 66 111 180 181 182 183 198 199
707 166 167 175 176 180 181 182 183
878 39 40 166 167 180 181 182 183
619 34 35 43 44 180 181 182 183
836 166 167 173 180 181 182 183 229
679 173 178 179 180 181 182 183 229
701 173 180 181 182 183 198 199 229
785 104 106 180 181 182 183
796 58 59 73 74 83 180 181
873 0 74 75 85 206 207 217 220
776 0 58 59 74 75 85 195 196
934 0 3 4 16 25 59 159 175
1213 0 3 4 52 53 61 62
847 0 3 4 34 35 65 66
809 0 3 4 34 35 173 198 199 229
809 0 3 4 37 38 206 207
492 0 3 71 88 168
847 0 1 51 88 89 121 123 136
726 0 1 51 72 121 123
654 0 1 30 35 121 123 134
1014 0 1 3 4 48 121 131 147 202 213
942 0 1 51 121 131 147 194 202
613 0 1 30 35 121 147 202 213 214
844 0 1 31 37 38 51 52 53 58 59 60
459
607 0 1 51 54 55 58 59 121
790 0 1 19 51 54 55 121 184 185 197
685 0 1 51 56 57 90 91 121 166 186
772 0 1 51 52 53 119 120 121
679 0 1 58 59 92 121 141 150 159 160 188
958 0 1 31 107 108 121 150 188 210
757 0 1 51 88 89 117 118 121
954 0 1 3 4 59 121 175 221 228
740 0 1 16 27 121 131 132 133
650 0 1 34 50 74 75 85 121 131
578 0 1 16 48 121 131 213
637 0 1 31 37 38 60 90 91 121 131
749 0 1 54 55 121 131 174 178
708 0 1 41 42 121 131
564 0 1 92 112 113 121 131 141
802 0 1 30 35 111 114 121 224 225
595 0 1 30 35 58 59 121 140 141
726 0 1 30 35 88 89 121 140 141
1021 0 1 30 34 35 50 51 121
566 0 1 9 37 38 121 201 213 214
670 0 1 11 121 123 213 214
652 0 1 41 42 121 144 208 209
1321 0 1 92 121 141 144 208 209
1123 0 1 16 50 121 144 210
735 0 1 103 105 115 116 121 144
817 0 1 72 121 200 201 231
1169 0 1 51 121 134 208 209 231
996 0 1 11 121 231
753 0 1 16 121 134 135
638 0 1 121 122 123 124
688 0 1 31 47 60 90 91 121 195
780 0 1 35 121 172 198 199
725 0 1 2 3 4
722 0 1 2 96 97 131 166 186
670 0 1 2 48 131 157 158 219
554 0 1 2 31 60 131 224 225
716 0 1 2 31 90 91 131 196
546 4 31 73 83 164 215
734 0 3 4 88 89 175 176
647 4 54 55 59 164 175
569 4 103 105 164 173 215 230
721 4 66 103 111 164 217
748 3 4 109 110 210 211
699 4 78 83 100 101 102 164
565 4 18 83 100 101 102 164
637 4 17 18 34 35 39 40 164
641 4 52 53 61 62 164 222 223
574 4 61 62 164 217 220 222 223
779 0 3 4 43 44 60 195
654 4 127 128 139 140 141 164
611 4 60 140 141 164 173
688 4 34 35 65 66 164 222 223
650 4 28 65 66 122 164
577 4 159 164 218 219 227
779 0 3 4 173 217 220 229
657 0 3 4 56 57 173 229
673 4 131 164 229 232
655 4 34 35 164 206 207 222 223
650 4 28 122 164 206 207
647 4 33 164 186 206 212
569 0 3 4 211 215
563 4 17 18 164 166 167
496 4 17 18 24 25 131 164
682 4 5 6 131 164
550 3 4 137 138 230
737 4 164 189 190 191 192
448 4 31 164 191 192 210
657 0 4 90 91 131 159 160 164
737 4 90 91 164 173 210
472 4 41 42 52 53 164
647 4 32 33 164 221 228
636 4 28 58 59 122 164
605 3 4 58 59 210 211
769 4 61 62 96 97 164
580 4 79 80 164 173 229
670 4 61 62 164 208 209
697 0 3 4 166 167
628 4 48 49 164 206 207
670 4 78 83 159 160 164
695 4 37 164 218 219 221
739 131 132 164 168 233
637 0 3 131 159 160 168
686 30 35 164 168 174 177
589 16 24 25 144 164 168
743 3 72 146 147 168 231
848 7 8 16 164 168
746 7 8 131 164 168
707 31 127 128 139 180 181 182 183 210
424 166 167 174 177 180 181 182 183
743 59 74 175 180 181 196 211
589 39 40 60 180 181 182 183 195
819 125 126 127 128 180 181 182 183
884 173 178 179 180 181 182 183 229
903 180 181 182 183
837 58 59 74 180 181 196 211
891 35 75 85 182 183 198 199 229
961 32 33 75 85 182 183
1026 0 3 4 59 159 160 175
673 0 3 4 39 40 159 160
765 0 3 4 65 66 166 167
824 0 3 4 34 35 173 229
831 0 3 4 54 55 206 207
870 0 3 30 35 168 198 199
814 0 1 51 58 59 121 123 136
505 0 1 10 11 72 121 123 200
879 0 1 121 123 131 134 198 199
648 0 1 121 131 132 147 202 233
965 0 1 91 121 131 147 178 202 221 228
664 0 1 121 144 147 202 213 214
814 0 1 16 121 170 171
241 0 1 35 121 170 171 172 198 199
474 0 1 28 51 58 59 121 122 159 160
518 0 1 18 51 89 121 217 220
921 0 1 51 74 75 84 85 121 220
830 0 1 31 34 37 38 51 58 59 121
653 0 1 121 150 188
962 0 1 31 121 150 188 191 192 210
769 0 1 16 121 134 135 150 151
620 0 1 58 59 117 121 159 160 227
757 0 1 27 49 70 121 214
756 0 1 34 36 51 88 89 121 131
673 0 1 31 34 88 89 121 131
725 0 1 50 60 121 131 144
601 0 1 14 69 121 131
780 0 1 51 88 89 121 131 194
569 0 1 96 97 121 131 222 223
768 0 1 30 35 58 59 121 222 223
702 0 1 30 35 88 89 92 93 121
697 0 1 30 36 51 58 59 121
943 0 1 30 49 50 121 214
745 0 1 121 150 188 213 214
647 0 1 121 144 152 188 198 199
603 0 1 90 91 121 144 186 212
310 0 1 121 144 189 190 224 225
1123 0 1 111 114 121 144 217 220
934 0 1 52 53 121 140 141 144
915 0 1 51 58 59 72 121 231
650 0 1 121 131 132 134 231 233
892 0 1 16 121 134 135
740 0 1 16 121 134 135
743 0 1 11 121 123 124 133
843 0 1 31 47 121 208 209
852 0 1 2 51 96 97 117 118
795 0 1 2 27 70 71 88
540 0 1 2 31 34 90 91 131 159 160
584 0 1 2 56 90 91 131 176
685 0 1 2 31 37 38 58 59 60 131
574 0 1 2 31 60 90 91 131 195 196
704 0 1 2 31 90 91 131 159 160 196
520 3 4 103 105 211 215 230
749 4 47 84 103 164 173
578 4 78 83 161 162 164
653 4 17 18 39 40 164 217 220
536 4 39 40 56 57 164
530 4 58 59 61 62 131 164 194
811 4 34 35 61 62 164 222 223
608 3 4 43 209 210 211
686 4 34 35 140 141 164 173 210
631 4 125 142 157 163 164
793 0 4 48 49 65 66 131 164
484 4 65 66 164 186 212
575 4 41 42 164 218 219
611 4 86 97 164 222 223
599 4 17 18 34 35 164 173 229
501 4 37 38 164 173 229
814 4 17 18 164 206 207 208 209
595 4 50 60 131 164 206 207
694 0 4 33 37 38 131 164 206
511 0 4 30 164 173
643 0 3 4 17 18 127 128 139
683 4 17 18 60 164 195
626 0 4 12 13 131 164
634 4 144 164 230
595 4 17 18 164 187 188
672 4 60 90 91 164 173
671 4 90 91 164 186 212
658 3 4 210 211 234 235
680 4 66 97 111 164 234
573 4 97 164 174 177 234
556 3 4 52 53 210 211
626 4 32 33 94 95 164
838 4 37 38 58 59 61 62 164
757 4 58 59 66 111 164
722 0 3 4 96 97
721 4 45 46 164
760 4 65 66 164 208 209
697 4 164 166 167
628 4 48 49 164
670 4 39 40 159 160 164
695 4 37 164 206 207 221
539 131 164 166 168 186
605 0 3 131 159 160 168
764 30 35 164 168 174 177
657 16 24 25 144 164 168
674 3 72 146 147 168 231
780 31 180 181 182 183 210 234 235
773 66 111 166 167 180 181 182 183
692 0 74 175 176 180 181 208 209
807 0 39 40 74 180 181 208 209
781 0 43 44 74 166 167 180 181
594 74 86 180 181 196 211 235
830 33 180 181 182 183 198 199 206
802 180 181 182 183 198 199 234 235
780 0 74 166 167 180 181
828 166 167 180 181 182 183
864 75 85 166 167 182 183 206 207
868 0 32 33 74 75 85
914 0 3 4 166 167 175 176
452 0 3 4 39 40 48 49
835 0 3 4 60 125 142 195
824 0 3 4 37 86 221 235
600 0 3 4 206 207 217 220
785 0 3 131 157 158 168
490 0 1 3 4 121 123 134 135 136
412 0 1 27 51 88 89 121 123
569 0 1 51 88 89 121 123 134
683 0 1 121 147 150 151 202 215 216
627 0 1 56 57 121 131 147 174 178 202
703 0 1 121 144 147 202
812 0 1 51 121
671 0 1 28 51 58 59 121 122
630 0 1 51 104 121 143
698 0 1 51 105 121 191 192 220
685 0 1 31 34 51 121 144 230
619 0 1 3 4 119 120 121
760 0 1 92 121 141 150 159 160 188
455 0 1 96 97 111 114 121 150 188
441 0 1 115 116 117 121 227
1033 0 1 27 31 47 70 88 89 121
821 0 1 56 57 90 91 121 131 166 186
751 0 1 31 34 37 38 90 91 121 131
656 0 1 9 48 121 131 198 199 201 213
678 0 1 3 4 48 121 131 213
616 0 1 16 50 60 121 131
1096 0 1 16 121 131 151 152
578 0 1 16 121 131 134 135 194
806 0 1 90 91 92 93 121 131
702 0 1 30 35 60 90 91 121 189 190 195
787 0 1 30 36 51 121 208 209
1005 0 1 16 30 50 121
953 0 1 3 4 121 213 214
773 0 1 16 121 144 151 152
652 0 1 90 91 121 144 186 212
1138 0 1 92 121 141 144 166 167
801 0 1 35 121 144 198 199 210
899 0 1 59 121 144 175 198 199
1012 0 1 121 122 217 220 231 236
1136 0 1 51 52 53 121 134 231
825 0 1 16 121 134 231
741 0 1 30 35 121 134 135
389 0 1 31 58 59 121 215
897 0 1 60 121 131 170 171 195
2806 0 1 9 121 201
502 0 1 2 117 144 227 230
623 0 1 2 117 191 192 227
548 0 1 2 131
671 0 1 2 34 48 49 131 173
734
710 4 73 83 122 164 231 236
734 4 83 88 140 141 164
524 0 4 59 131 159 160 164 175
593 4 59 66 111 164 175
584 0 3 4 88 89 103 105
680 4 38 103 164 206 207
699 4 78 83 100 101 102 164
565 0 3 4 39 40 208 209
794 4 39 40 50 60 131 164
541 0 3 4 61 62 237 238
793 0 3 4 61 62 217 220
648 0 3 4 43 44 60 195
482 4 127 128 139 140 141 164
700 4 60 140 141 164 195
569 4 17 18 65 66 164 166 167
691 4 65 66 78 83 159 160 164
682 0 3 4 65 195 196 238
578 4 28 122 164 218 219
632 4 86 164 221 228 235
740 3 4 166 167 173 210 211 229
595 0 4 60 131 164 173 195 229
533 4 36 131 164 229
590 4 34 50 131 164 206 207
707 0 4 131 159 160 164 206 207
625 4 159 160 164 206 207
595 4 33 41 42 164 206
472 0 4 7 8 131 164
577 0 3 4 17 18 166 167
497 0 4 17 18 131 164 195 196
713 4 5 6 131 147 164 202
575 4 164 173 215 230
503 4 18 83 164 191 192
712 4 94 95 97 164 234
607 3 4 210 211 224 225
611 4 17 18 52 53 164
868 4 41 42 164 237 238
712 0 3 4 32 33 178 179
665 4 58 59 159 160 164
661 4 58 59 94 95 98 99 164
637 4 96 97 164 173 210
698 4 61 62 88 89 164
580 4 164 217 218 219 220
769 4 31 164 166 167 210
898 4 34 35 140 141 164
841 4 157 163 164
784 4 54 55 65 66 164
750 4 164 218 219 221 228
834 131 164 168 239 240
633 37 131 164 168 221
596 30 35 164 168 173 229
686 30 164 168 173
256 71 88 164 168 186 212
716 78 83 144 164 168
683 164 168 206 207 215 216
802 173 178 179 180 181 182 183 210
646 0 71 73 74 83 88 180 181
675 74 84 103 180 181
709 34 35 39 40 180 181 182 183
577 34 43 44 74 180 181 211
817 173 180 181 182 183 217 220 229
785 0 131 180 181 182 183
848 73 74 83 180 181 224 225
748 75 85 182 183 198 199 218 219
820 75 85 178 179 182 183 206 207
960 58 59 73 74 75 83 85
1000 0 3 4 16 25 59 159 175
1084 0 3 4 39 40 56 57
692 0 3 4 56 57 125 142
644 0 3 4 54 55 218 219
867 0 3 4 37 38 173 229
575 0 3 4 33 196 206 216
674 0 3 16 134 168 231
726 0 1 27 31 47 88 89 121 123
542 0 1 3 4 72 121 123
856 0 1 121 123 134 144
569 0 1 48 49 121 131 147 202 213 214
298 0 1 51 121 131 147 194 202 241 242
992 0 1 30 35 121 147 202 213 214
668 0 1 31 51 52 53 60 90 91 121 159
749
803 0 1 16 50 51 60 121 237 238
812 0 1 28 51 58 59 121 122
584 0 1 51 96 97 121
582 0 1 16 19 51 121 185 194
790 0 1 51 90 91 121 159 160 166 186
685 0 1 3 4 119 120 121 147 202
1145 0 1 119 120 121 150 188
535 0 1 3 4 119 120 121
548 0 1 48 49 92 121 141 150 188
638 0 1 90 91 111 114 121 150 159 160 188
620 0 1 51 88 89 117 118 121
544 0 1 3 4 37 59 121 175 221
758 0 1 16 70 72 121
915 0 1 34 50 51 58 59 121 131
900 0 1 9 48 121 131 201 213
773 0 1 16 50 60 121 131 134 135
910 0 1 14 69 121 131
765 0 1 51 121 131 194 241 242
974 0 1 97 121 131 222 223 234
743 0 1 60 92 121 131 141 195
771 0 1 30 35 111 121 198 199 238
557 0 1 30 36 121 131 198 199
495 0 1 30 31 58 59 121
615 0 1 121 131 159 160 213 214
709 0 1 24 88 89 121 144 227
725 0 1 97 121 144 222 223 234
561 0 1 60 90 91 121 144 189 190 195
703 0 1 111 114 115 116 121 144
584 0 1 121 144 155 156 157 158
725 0 3 4 32 33 78 83 159 160
712 4 18 40 83 164 243
616 0 3 4 175 176 217 220
515 0 3 4 59 175 195 196
707 4 31 60 103 105 164 237 238
675 4 47 84 103 164 173
578 4 120 161 164 227 244
653 4 34 39 164 173 245
596 4 34 35 39 40 164 174 177
784 3 4 52 53 60 61 62 211
605 4 58 59 61 62 164 186 212
569 0 3 4 34 35 61 62
577 3 4 43 209 210 211
611 4 34 35 140 141 164 173 210
628 0 3 4 56 57 125 142
602 4 60 125 142 164 195
653 3 4 60 125 142 211
700 0 4 56 57 65 66 131 164
652 4 65 157 158 164 238
657 0 4 60 131 164 195 218 219
760 4 37 38 86 164 235
731 4 164 173 174 177 217 220 229
501 4 48 49 164 173 229
679 4 164 227 229 232 244
599 4 164 166 167 206 207
755 0 3 4 159 160 206 207
620 4 33 164 206 221 228
742 0 4 160 164 246
610 0 3 4 17 18 127 128 139
652 4 17 18 164 239 240
668 3 4 144 210 211 247
586 4 12 13 164 186 212
683 4 17 18 164 184 185 193 197
542 4 131 164 202 226 230
611 4 164 175 176 191 192
680 4 90 91 159 160 164
644 4 66 90 91 111 164
838 4 164 174 177 234 235
691 4 164 241 242 248 249
823 4 52 53 154 163 164
647 3 4 60 211 237 238
863 4 32 33 78 83 159 160 164
764 4 32 33 164 174 177
665 4 32 33 78 83 164
743 4 37 38 58 59 164
663 4 58 59 164 248 249
626 4 39 40 96 97 164
655 4 88 89 164 173 229
808 4 164 206 207 217 220
865 4 31 164 166 167 210
667 4 34 35 164 175 176
732 0 3 4 56 57
811 4 159 160 164 218 219
684 4 16 24 25 164
670 31 34 131 164 168
784 61 62 131 159 160 164 168
731 30 35 66 111 164 168
565 0 71 88 131 164 168
824 62 160 164 168 246 248
576 66 111 144 164 168
501 16 134 135 164 168
746 31 34 35 180 181 182 183 210
802 174 177 180 181 182 183 195 196
728 52 53 62 178 179 180 181 182 183 248
674 88 89 175 176 180 181 182 183
720 74 84 103 109 110 180 181
685 61 62 74 180 181 224 225 247
405 125 126 127 128 180 181 182 183
731 173 180 181 182 183 217 220 229
745 0 74 131 180 181 196 211
669 74 90 91 180 181 198 199 247
964 0 58 59 74 180 181 195 196
818 0 74 75 85 173 217 220 229
873 75 85 182 183
874 74 75 84 85 90 91 103
939 0 74 75 85 90 91
928 75 85 127 128 139 182 183
1069 0 3 4 59 175 196 216
585 0 3 4 61 62 237 238
657 0 3 4 34 35 65 66
891 0 3 4 16 213 218
492 0 3 4 35 198 199 229
870 0 3 131 132 168 233
870 0 3 16 134 135 168
412 0 1 27 121 123 198 199 200 201
1048 0 1 72 121 123 131 157 158
860 0 1 121 123 134 160 246
540 0 1 3 4 48 121 131 147 202 213
854 0 1 37 91 121 131 147 178 202 221
888 0 1 121 131 147 202 213 214 221 228
703 0 1 51 121
906 0 1 37 51 52 53 121 221
447 0 1 51 52 53 114 121 237
581 0 1 24 51 58 59 121 191 192 227
913 0 1 51 73 89 121 160 246
921 0 1 51 105 121 220 237 238
757 0 1 31 34 51 121 144 230
756 0 1 51 119 120 121 166 167
760 0 1 92 96 97 121 141 150 188
803 0 1 31 96 97 121 150 188 210
824 0 1 16 121 150 151
821 0 1 58 59 117 121 159 160 227
775 0 1 27 51 70 88 89 121
766 0 1 96 97 121 131 166 186
756 0 1 31 34 37 38 90 91 121 131
625 0 1 82 121 131 157
725 0 1 31 60 97 121 131 234
772 0 1 16 121 131 151 152
611 0 1 80 121 131 250
596 0 1 16 121 131 134 194 231
553 0 1 96 97 121 131 222 223
558 4 17 18 164 175 176 208 209
539 4 31 58 59 103 105 164 196
677 4 103 164 175 176 217
653 0 4 131 161 162 164
583 0 3 4 39 40 88 89
701 4 34 36 39 40 131 164
638 0 3 4 52 53 61 62
811 4 17 18 58 59 61 62 164
470 4 34 50 61 62 131 164
617 4 140 141 164 217 220 222 223
727 4 34 50 131 140 141 164
521 0 3 4 60 125 142 195
593 4 48 49 65 66 164
773 4 65 66 164 186 212
644 4 157 163 164 218 219
702 4 37 38 164 218 251
709 4 86 164 196 216 235
626 0 3 4 173 208 209 229
501 4 157 158 164 173 229
679 4 35 164 222 223 229
599 0 3 4 34 35 206 207
635 0 3 4 37 38 206 207
568 4 33 66 111 164 206
782 0 4 17 18 110 164 252
707 0 3 4 17 18 127 128 139
580 4 17 18 164 239 240
641 3 4 144 210 211 247
511 4 131 137 138 164 247
547 4 12 13 24 25 131 164
496 4 12 13 24 164 227
607 4 5 6 164 202 253
800 4 164 174 177 251 254
718 4 110 164 230 252
707 4 17 18 164 187 188
686 4 17 18 60 90 91 164 195
503 4 24 25 90 91 131 164
510 4 37 38 164 234 235
527 4 97 164 234 248 249
574 4 52 53 60 164 173
664 4 164 237 238 243 245
722 4 94 95 164 237 238
629 0 3 4 32 33 178 179
838 0 3 4 58 59 159 160
555 4 58 59 154 163 164
748 4 96 97 164 186 212
601 4 107 108 164
781 4 66 111 164 217 220
762 4 164 206 207 208 209
898 4 164 166 167
763 0 3 4 48 49
700 4 60 164 173 195 229
661 4 37 38 125 142 164
862 1 3 121 147 168 202
721 39 40 60 131 164 168 195
772 131 164 168 221 228
692 3 30 168 211
617 66 111 164 168 246 255
680 164 168 174 177 246 255
839 160 164 168 206 207 246
739 43 44 144 164 168
562 164 168 215 216
803 34 35 173 180 181 182 183 210
674 74 90 91 180 181 247 248 249
716 0 58 59 62 74 180 181 248
707 0 74 175 176 180 181 217 220
692 161 162 180 181 182 183
747 61 62 180 181 182 183 241 242
551 43 44 60 180 181 182 183 195
405 74 84 86 87 169 180 181
558 166 167 180 181 182 183 206 207
745 110 180 181 182 183 247 252
739 180 181 182 183 198 199 234 235
894 0 74 180 181 208 209
988 0 74 75 85 173 208 209 229
817 75 85 182 183
955 32 33 75 85 178 179 182 183
1078 0 3 4 73 83 144
1264 0 3 4 84 103 215 216
765 0 3 4 34 35 61 62
563 0 3 4 65 66 221 228
650 0 3 4 37 38 86 235
647 0 3 4 16 50 229
848 0 3 56 57 131 168
752 0 3 168 215 216
834 0 1 10 11 27 121 123 200
635 0 1 86 121 123 198 199 233 235 236
644 0 1 35 121 123 198 199 229 233 236
785 0 1 121 123 131 134 157 158
310 0 1 3 4 121 147 202
1033 0 1 48 49 121 131 147 174 178 202
817 0 1 30 36 121 131 147 198 199 202
627 0 1 115 116 121 147 202 227 246
786 0 1 51 52 53 60 121 160 211 246
717 0 1 31 51 60 121 217 220 237 238
829 0 1 51 58 59 121 159 160
475 0 1 37 51 58 59 121 221
565 0 1 45 46 51 121
713 0 1 51 105 121 191 192 220
824 0 1 51 90 91 105 121 220
674 0 1 30 34 35 51 121 211
625 0 1 51 58 59 119 120 121
626 0 1 58 59 92 121 141 150 188
319 0 1 31 58 59 121 150 188 210
782 0 1 16 121 150 151 170 171
715 0 1 117 121 227 241 242
751 0 1 9 27 70 121 201
715 0 1 121 131 166 186 224 225
697 0 1 31 34 121 131 191 192
611 0 1 56 57 121 131
470 0 1 31 60 90 91 121 131
541 0 1 17 18 121 131 178 179
709 0 1 16 121 131 134 135 194
668 4 18 83 164 166 186
674 0 4 88 89 131 164 175 176
442 4 60 103 105 164 173 237 238
641 4 84 103 164 173 215
622 0 4 23 131 164 256
655 4 18 39 89 164 245
608 4 39 40 164 166 167
627 0 3 4 39 40 159 160
555 4 28 58 59 61 62 122 164
530 4 17 18 61 62 164 166 167
673 0 4 43 44 131 159 160 164
614 4 140 141 164 166 167
534 4 17 18 125 126 127 128 164
637 3 4 34 35 65 66 210 211
478 0 3 4 48 49 65 66
703 0 4 48 49 65 66 131 164
599 4 41 42 65 66 164
598 4 56 57 164 218 219
847 0 3 4 37 38 218 251
769 4 86 164 195 196 235
533 4 164 173 174 177 208 209 229
611 4 56 57 164 173 229
746 4 35 41 42 164 229
613 4 34 35 164 174 177 206 207
671 4 54 55 164 206 207
515 4 33 164 206 222 223
673 0 4 7 8 131 164
581 4 17 18 164 208 209
448 4 17 18 34 164 173
557 4 144 164 222 223 247
611 4 31 164 215 247
566 0 3 4 5 6 110 252
811 4 164 221 228 251 254
767 3 4 72 146 147 230 231
698 4 72 131 164 230 231
721 4 164 187 188 222 223
578 4 40 90 91 164 243
763 0 3 4 37 38 90 91
665 4 90 91 164 175 176
538 4 164 234 235
641 4 61 62 164 241 242
775 4 52 53 164 173 210
472 0 4 131 164 195 196 237 238
497 4 32 33 159 164 227
668 4 58 59 159 160 164 248 249
710 4 17 18 58 59 164 195 196
596 0 4 58 59 131 164
698 4 96 97 164
580 4 79 80 164 173 229
769 4 164 174 177 208 209
742 4 164 166 167 175 176
846 4 34 35 164 218 219
701 4 50 60 131 164
744 4 54 55 65 66 164
822 4 164 218 219 221 228
637 131 164 168 239 240
719 0 3 37 38 131 168
891 30 35 61 62 164 168
763 3 168 210 211 246 255
677 43 44 160 164 168 246
785 144 164 168 175 176
743 7 8 131 164 168
681 3 146 147 168 257 258
822 16 164 168
845 111 114 180 181 182 183 208 209
668 58 59 74 180 181 247 248 249
666 34 35 62 180 181 182 183 248
514 59 74 175 180 181 196 211
758 39 58 59 74 180 181 196 211 245
649 0 61 62 74 180 181 217 220
448 60 65 66 180 181 182 183 195
673 173 180 181 182 183 208 209 229
805 0 74 131 180 181 247
884 178 179 180 181 182 183 251 254
852 52 53 74 180 181 196 211
852 74 75 85 198 199 218 219 247
721 74 75 84 85 169 229 232
793 74 75 85 90 91 196 211
698 0 58 59 74 75 85
1197 0 3 4 59 159 160 175
852 0 3 4 34 35 39 40
657 0 3 4 60 140 141 195
824 0 3 4 56 57 218 219
631 0 3 4 173 208 209 229
718 0 3 4 157 158 206 207
969 0 3 131 168 221 228
969 0 1 11 121 123 135 136
686 0 1 27 121 123 131 132 233
694 0 1 51 88 89 121 123 134
826 0 1 121 147 150 151 202 246 255
605 0 1 60 121 131 144 147 202 211
791 0 1 37 121 131 147 174 178 202 221
869 0 1 121 131 147 174 178 202 221 228
782 0 1 56 57 121 131 147 202 213 214
822 0 1 121 132 144 147 174 178 202 233
700 0 1 51 121 221 228 241 242
1024 0 1 31 51 60 90 91 121 237 238
477 0 1 51 121 157 158 237 238
500 0 1 16 24 51 58 59 118 121
630 0 1 22 23 51 121
693 0 1 51 84 121 215 216 220
852 0 1 31 34 51 121 241 242
778 0 1 60 119 120 121 131 195
803 0 1 121 150 188 189 190 191 192
659 0 1 111 114 121 150 188 224 225
670 0 1 51 58 59 117 118 121 159 160
697 0 1 3 4 18 60 83 121 195
623 0 1 11 27 70 121 123
548 0 1 34 36 121 131 144
697 0 1 31 34 58 59 121 131 159 160
596 0 1 50 51 60 121 131
718 4 78 83 97 164 234
546 4 73 83 110 164 252
667 4 83 88 140 141 164
582 0 4 59 131 159 160 164 175
636 4 59 164 173 175 210
514 0 3 4 96 97 103 105
746 4 103 164 206 207 217
668 3 4 109 110 210 211
499 4 39 40 164 217 220 222 223
650 0 3 4 39 40 48 49
541 0 3 4 60 61 62 195 237 238
589 0 4 61 62 96 97 131 164
699 4 48 49 61 62 164
622 4 140 141 164 217 220
730 4 48 140 141 164 219
614 0 3 4 125 142 159 160
500 4 164 172 173 203 258
605 4 65 66 132 164 233
716 0 3 4 60 65 66 195
773 0 4 60 65 131 164 195 238
644 4 78 83 159 160 164 218 219
702 3 4 196 211 218 251
779 4 86 164 235 259 260
539 4 132 164 173 229 233
528 0 3 4 60 173 195 229
737 4 35 164 222 223 229
614 0 3 4 34 35 206 207
566 0 3 4 37 38 206 207
684 4 33 164 186 206 212
620 0 4 122 164 231 236
448 0 3 4 17 18 208 209
543 4 17 18 31 34 164
524 4 144 164 186 212 247
595 3 4 211 215 247
709 3 4 5 6 147 252
884 3 4 210 211 251 254
706 4 7 8 131 164 230
569 3 4 187 188 210 211
659 0 3 4 37 38 234 235
697 4 97 164 174 177 234
637 4 31 52 53 60 164
657 4 52 53 164
724 4 60 61 62 164 195 237 238
776 4 43 44 60 164 195 237 238
646 4 164 174 177 237 238
745 4 32 33 164 222 223
749 4 37 38 39 58 59 164 245
550 3 4 58 59 210 211
722 4 96 97 164 248 249
746 4 39 40 88 89 164
705 4 43 44 164 217 220
700 4 127 128 139 164
772 4 34 35 164 173 210
840 4 43 44 56 57 164
859 4 39 40 159 160 164
678 4 37 164 173 221 229
598 1 121 131 164 168
670 3 60 131 168 211
685 17 18 131 164 168
619 31 71 88 164 168 210
715 65 66 164 168 246 255
686 94 95 144 164 168
674 72 131 164 168 231
665 11 123 164 168
728 52 53 111 114 180 181 182 183
662 52 53 178 179 180 181 182 183 248 249
767 62 180 181 182 183 208 209 248
790 0 52 53 74 175 176 180 181
572 52 53 175 176 180 181 182 183
779 73 74 83 161 162 180 181
836 0 34 35 39 40 74 180 181
557 43 44 166 167 180 181 182 183
345 74 180 181 196 211 218 251
547 180 181 182 183 206 207 217 220
795 74 81 82 180 181 247
744 0 74 90 91 180 181
893 58 59 73 74 83 180 181
949 74 75 85 86 198 199 235 247
736 74 75 85 247
1006 52 53 75 85 178 179 182 183
921 0 3 4 78 83 237 238
1084 0 3 4 96 97 103 105
846 0 3 4 61 62 88 89
661 0 3 4 60 65 66 195
809 0 3 4 16 194 218 251
915 0 3 4 173 221 228 229
831 0 3 4 33 198 199 206
492 0 3 16 134 168 231
870 0 1 121 123 131 136 198 199
870 0 1 51 58 59 72 121 123
1170 0 1 30 35 121 123 134
579 0 1 70 121 147 202 233 236
750 0 1 121 131 132 147 202 233
515 0 1 3 4 48 121 131 147 202 213
1033 0 1 37 91 121 131 147 178 202 221
983 0 1 121 131 147 202 213 214 221 228
976 0 1 11 121 147 202 231
819 0 1 31 51 52 53 60 90 91 121
582 0 1 31 51 60 121 166 167 237 238
730 0 1 51 58 59 121 159 227 241 242
441 0 1 51 58 59 121 221 228
902 0 1 19 51 121 184 185 197
685 0 1 51 121 132 233
1225 0 1 31 34 51 96 97 121
548 0 1 82 121 150 154 188
610 0 1 88 89 121 150 188 189 190
717 0 1 3 4 121 150 151
600 0 1 117 118 121 246 255
508 0 1 3 4 59 121 175 221 228
591 0 1 16 70 121 134
636 0 1 34 50 51 96 97 121 131
712 0 1 31 34 79 80 121 131
698 0 1 49 50 60 121 131 214
638 0 3 4 58 59 103 105 159 160
751 4 103 157 163 164 261
652 0 3 4 103 159 160 261
691 0 3 4 161 162
652 4 34 39 164 173 245
597 4 39 40 164 166 186
701 3 4 39 40 60 211
293 4 61 62 164 237 238
838 0 4 61 62 88 89 131 164
648 4 43 44 164 243 245
584 4 140 141 164 173 210 217 220
617 3 4 34 140 141 211
529 0 3 4 60 125 142 195
602 4 65 66 164
545 4 54 55 65 66 164
685 0 3 4 65 195 196 238
725 0 3 4 159 160 218 219
643 4 37 38 164 218 251
619 4 17 18 86 164 195 196 235
632 4 164 173 174 177 217 220 229
760 0 4 48 49 131 164 173 229
590 4 37 38 164 173 229 261 262
661 4 35 66 111 164 229
728 4 35 164 174 177 229
575 4 17 18 34 35 164 206 207
743 4 159 160 164 206 207 261 262
566 4 33 37 164 206 221
595 0 4 30 31 164
470 4 17 18 19 20 21 164
791 4 17 18 164 166 167 263 264
616 4 17 18 164 239 240 261 262
644 4 144 164 247 263 264
608 3 4 211 215 247
485 0 4 12 13 131 164
610 4 164 261 262 265 266
737 4 164 184 185 193 197
473 4 48 49 164 261 262
673 4 154 163 164 261 262
712 3 4 146 147 230 257 258
713 4 94 95 164 187 188
662 4 164 175 176 191 192
665 4 62 164 234 235 248
712 4 94 95 164 241 242
772 4 37 38 52 53 61 62 164
574 4 40 164 237 238 243
448 4 164 186 212 237 238
739 4 32 33 37 38 39 164 245
722 4 58 59 159 160 164 248 249
631 4 37 58 59 164 221
643 4 58 59 164 189 190
700 4 96 97 164 186 212
599 4 129 130 131 164
596 4 88 89 125 142 164
655 4 66 111 164 217 220
524 4 164 174 177 217 220
703 4 164 173 208 209 229
775 4 164 166 167 173 229
667 4 34 50 131 164
894 4 50 60 131 164
859 4 16 25 159 164
731 4 164 250 267
699 3 34 131 168 211
672 39 40 131 159 160 164 168
774 3 30 35 168 210 211
693 39 71 88 164 168 245
602 39 164 168 245 246 255
575 0 3 160 168 246
674 18 83 144 164 168
672 164 168 172 173 257 258
752 47 164 168 173
707 0 34 35 74 180 181 207 263
674 111 114 180 181 182 183 187 188
689 180 181 182 183 234 235 248 249
801 58 59 62 74 180 181 247 248
630 0 58 59 74 175 176 180 181
674 103 180 181 182 183 198 199 261
720 39 40 166 167 180 181 182 183
611 0 43 44 74 166 167 180 181
600 180 181 182 183 195 196 218 251
679 0 74 180 181 206 207 217 220
673 0 74 81 82 180 181
805 74 90 91 180 181 198 199 247
884 0 58 59 74 180 181 195 196
929 0 74 75 85 195 196 218 251
894 75 85 182 183 195 196 218 251
988 0 74 75 85 206 207 217 220
844 74 75 85 90 91 196 211
961 0 58 59 74 75 85
1010 0 3 4 59 159 160 175
1226 0 3 4 103 198 199 261
662 0 3 4 34 35 61 62
657 0 3 4 37 65 66 221
854 0 3 4 54 55 86 235
831 0 3 4 16 36 229
793 0 3 48 49 131 168
870 0 3 110 168 252
918 0 1 27 121 123 200 201
483 0 1 72 121 123 131 132 233
688 0 1 121 123 134 246 255
310 0 1 121 131 132 147 202 233
969 0 1 37 38 91 121 131 147 178 202
610 0 1 37 121 131 147 202 213 214 221
887 0 1 121 147 202 231 233 236
800 0 1 31 51 52 53 60 121 191 192
844 0 1 31 51 60 121 208 209 237 238
459 0 1 51 58 59 121 159 160
2956 0 1 51 58 59 121 159 160
996 0 1 22 51 60 121 195 268
502 0 1 48 49 51 121 220 261
678 0 1 34 51 121 160 211 246
625 0 1 51 119 120 121 208 209
688 0 1 58 59 92 121 141 150 159 160 188
685
514 0 1 2 3 4
683 4 73 83 122 164 231 236
599 0 3 4 18 83 195 196
541 4 17 18 164 175 176 208 209
541 4 37 59 164 175 221
574 4 57 103 164 175 261
719 4 84 103 162 164 269
628 4 62 103 159 160 164 248 261
543 4 103 154 163 164 261
749 0 4 23 131 164 256
647 4 100 101 102 164 174 177
578 4 17 18 39 40 164 217 220
635 4 39 40 164 243 245
566 4 61 62 164 237 238 243 245
699 0 3 4 58 59 61 62
809 4 34 35 61 62 164 222 223
506 0 3 4 43 44 159 160
584 4 140 141 164 166 167 173 210
559 4 25 131 140 141 159 164
691 0 3 4 65 66 166 167
637 0 3 4 60 65 66 195
654 4 65 66 164 222 223
545 0 4 56 57 131 164 218 219
793 0 3 4 159 160 218 219
596 0 4 131 159 160 164 218 219
539 4 37 164 218 221 251
677 4 86 164 195 196 235
595 0 3 4 173 217 220 229
668 4 48 49 164 173 229 261 262
661 4 37 38 164 173 229
728 4 164 174 177 206 207 217 220
575 0 4 48 49 131 164 206 207
743 4 37 38 164 206 207 261 262
541 4 33 41 42 164 206
739 0 4 18 71 164
551 4 17 18 19 20 21 164
493 4 17 18 164 166 167 263 264
518 4 17 18 164 239 240 261 262
694 4 144 164 247 263 264
622 4 18 83 162 164 247 269
519 4 12 13 66 111 164
667 4 164 248 249 261 262 265 266
708 4 5 6 103 162 164 261 269
511 0 3 4 37 38 251 254
473 4 56 57 164 261 262
448 4 24 144 164 227 230
647 0 3 4 110 230 252
607 4 164 230 269 270
740 3 4 165 230 269
533 4 17 18 164 187 188
686 0 3 4 56 57 90 91
611 4 28 90 91 122 164
692 4 90 91 164 261 262 263 264
553 4 37 38 164 234 235
484 4 31 97 164 210 234
695 4 103 164 241 242 261
695 4 52 53 164 222 223
553 3 4 60 211 237 238
668 4 164 237 238 248 249 261 262
556 4 32 33 154 163 164
589 0 4 58 59 131 159 160 164
