300 3000
1 4 7 40 91 110 118 173 197 203 220 227 281
1 0 28 34 73 81 135 138 152 191 261 293
1 15 53 61 82 96 139 216 251 274 277 289
1 22 88 126 156 160 165 173 207 227 248
1 110 160 187 190 229 251 260 292
1 61 115 150 198 206 218 239
1 5 86 112 197 217 246 273
1 17 49 117 124 214 262 285
1 75 159 207 253 257 264 273
1 54 60 183 213 271 276 283
1 11 36 177 238 239 299
1 96 119 126 213 290 296
1 17 73 92 190 225 247
1 62 91 163 206 243 277
1 30 37 80 88 103 154
1 110 123 136 155 167 226
1 31 36 133 241 268
1 3 102 194 209 260
1 72 154 192 241 290
1 77 124 197 240 241
1 128 140 277 286
1 15 119 140 164
1 33 108 205 242
1 1 72 79 103
1 39 93 189 261
1 34 92 218
1 229 254
1 117
1 253
2 6 32 73 75 80 125 130 132 170 172 215 230
2 20 26 98 138 140 188 205 247 276 294
2 31 132 134 136 140 193 228 238 248
2 9 34 36 66 81 89 113 205 258
2 31 71 84 163 206 256 263 281 287
2 58 68 126 154 203 214 219 282
2 11 18 92 148 169 209 268 273
2 25 48 76 121 127 210 240 286
2 4 19 53 100 128 133 152 172
2 6 104 130 137 193 253 266
2 101 112 116 178 197 216 240
2 34 137 161 164 189 199 283
2 49 60 150 217 235 236 292
2 29 171 182 208 228 243 288
2 157 177 213 239 243 294
2 24 87 172 179 224 297
2 9 142 168 194 258 279
2 21 166 206 236 240 298
2 55 111 135 197 209
2 93 107 146 228 251
2 194 246 265 284 287
2 114 134 231 275 294
2 82 109 136 293
2 28 32 110 278
2 58 60 89 200
2 43 95 103 154
2 4 164 167 195
2 44 91 255
2 101 188
2 97 179
2 95 209
3 18 57 91 95 106 111 143 151 223
3 78 81 89 111 185 188 207 245 255
3 85 88 146 176 193 261 264 290
3 9 10 12 16 32 114 119 296
3 123 138 186 200 260 267 298
3 51 126 129 176 224 278 279
3 24 26 119 225 227 235 241
3 73 125 128 149 197 212 240
3 116 198 227 236 254 265 283
3 99 108 137 152 168 196 275
3 59 74 98 110 126 254
3 79 112 129 153 179 211
3 31 58 149 170 178 285
3 80 81 92 146 207 279
3 12 16 93 188 246 291
3 10 51 54 60 210 235
3 57 134 222 254 265 278
3 71 77 126 153 269
3 100 180 236 237 276
3 62 128 249 269 297
3 83 135 211 212 281
3 115 122 165 174 278
3 87 160 216 270 286
3 24 29 48 167 232
3 24 41 86 155 172
3 30 39 161 198
3 107 119 162 294
3 100 123 143 298
3 52 145 146 213
3 53 255 267 297
3 19 107 137 284
3 147 164 172 249
3 103 196 269 291
3 9 88 105 155
3 39 86 142 276
3 29 139 218
3 99 187 277
3 25 243 269
3 20 23 188
3 123 202
3 75 148
3 8 263
3 19 70
3 28
4 15 72 79 85 140 160 162 170 174 203 205 231 244 272
4 30 38 51 81 87 133 148 150 159 172 249 250
4 6 21 33 53 65 68 77 123 175 244 277
4 37 69 81 140 150 169 191 202 228 235 267
4 17 114 150 186 212 222 236 244 279 288
4 19 49 94 168 181 186 202 217 225 248
4 2 33 94 117 146 151 229 235 264
4 72 81 91 100 101 137 155 219
4 100 158 185 204 241 242 257 284
4 13 39 61 114 162 163 293 295
4 71 126 129 186 213 228 251 255
4 13 41 72 74 145 160 198 272
4 19 46 109 161 247 275 284
4 1 13 66 173 185 245 265
4 6 89 111 136 186 213 224
4 5 38 43 73 115 168 272
4 73 110 128 151 159 178 219
4 65 102 121 129 233 239
4 153 183 189 195 251 267
4 61 116 185 272 282
4 32 71 112 217 230
4 140 141 148 192 208
4 43 50 116 190 227
4 7 55 91 294
4 67 86 110 272
4 173 175 214 226
4 139 153 249 258
4 93 100 121 251
4 96 113 161 248
4 21 44 50
4 54 63 217
4 28 156 293
4 209 290 296
4 102 178
4 87 271
5 23 54 55 67 83 110 199 214 222 267
5 0 17 19 49 88 184 234 256 293
5 1 16 108 124 149 208 248 291
5 18 57 78 94 142 179 187 188
5 38 55 136 143 165 187 279 293
5 45 95 123 163 182 194 211
5 26 52 74 80 172 204 232
5 29 104 112 213 219 267 268
5 27 61 78 129 175 233
5 34 69 125 183 224 264
5 16 23 108 113 170
5 93 102 211 267 299
5 90 125 136 154 245
5 27 67 148 208 218
5 46 72 169 261
5 140 175 189 288
6 42 45 120 142 160 161 163 190 198 256 259 280 285
6 30 37 79 101 143 162 165 174 231 273 285
6 38 59 68 86 100 154 242 254 270 283 291
6 57 73 144 197 213 215 233 267 271 272
6 40 55 58 88 108 152 177 249 266
6 24 51 174 175 191 241 243 277 285
6 25 40 104 123 136 177 224 239
6 40 85 94 121 187 218 270 279
6 0 10 136 152 176 266 274
6 2 24 30 108 119 233 278
6 29 40 52 147 175 228
6 3 74 158 166 239 245
6 9 42 49 111 235 257
6 39 54 83 198 275 282
6 33 52 145 267 272 285
6 109 143 211 244 258 266
6 70 133 154 169 185 265
6 37 115 160 179 199 232
6 8 57 204 212 260 288
6 11 33 45 62 229 233
6 22 129 161 167 211
6 77 99 151 171 258
6 38 43 73 139 250
6 51 83 94 102 279
6 27 53 90 126 214
6 46 140 160 197 298
6 48 91 118 166
6 121 130 266 295
6 154 218 236 282
6 7 19 176
6 51 94 213
6 47 154
6 198 260
7 10 117 129 162 168 212 218 251 257 289 290
7 1 22 107 171 177 182 192 197 229 265
7 20 22 24 58 78 100 170 219 283
7 14 17 26 209 234 237 247 250 289
7 20 43 47 66 94 173 223 281
7 57 86 135 140 162 170 257 296
7 14 22 27 111 123 227 257 289
7 9 34 54 77 203 268 272 283
7 19 53 71 118 123 125 204 224
7 22 60 72 89 110 222 228 253
7 5 44 151 157 235 238 248
7 2 23 94 122 191 232 299
7 12 15 74 117 182 189 267
7 54 102 117 197 202 276 298
7 23 80 142 160 165 259
7 10 58 61 131 201 281
7 29 32 117 170 223 297
7 90 204 226 265 269
7 17 56 115 140 201
7 4 25 53 209 236
7 7 40 104 225 263
7 56 141 260 262
7 17 138 168 190
7 87 205 233 251
7 1 39 226
7 49 72 87
7 50 59 223
7 38 134 200
7 21
8 26 36 51 74 98 99 138 165 182 215
8 9 12 39 184 187 215 240 246 258 260
8 5 11 34 107 135 153 154 180 285
8 57 61 68 77 117 155 204 254 275
8 64 177 190 203 207 218 251 260 264
8 66 115 135 158 169 185 291 296 298
8 7 110 148 154 179 200 251 263
8 70 85 92 101 129 190 274
8 31 87 90 118 161 279 291
8 9 42 64 86 148 181 187
8 3 84 121 201 207 214 260
8 19 149 153 159 175 237
8 42 108 135 145 146 195
8 12 71 105 124 265 293
8 38 67 131 162 258 272
8 34 77 78 112 142 239
8 44 51 115 145 205 291
8 133 203 237 252 264
8 34 64 84 214 290
8 69 143 144 172
8 132 182 189 264
8 96 100 111 268
8 12 54 93 252
8 74 187 269
8 71 197 211
8 141 299
9 29 44 56 66 76 86 121 122 145 147 159 203 215 258
9 4 50 55 59 86 101 112 164 200 220 224 271
9 42 49 54 88 103 127 137 155 208 216 273
9 89 103 110 156 193 203 236 237 240 273
9 78 123 139 146 195 203 253 279 296
9 96 105 129 131 139 170 199 222 227
9 33 49 71 94 102 141 253 277 278
9 33 77 82 86 132 241 244 256 264
9 9 75 120 125 175 245 247 280 295
9 2 57 65 78 99 115 229 242
9 59 64 100 153 233 257 258 299
9 94 102 124 246 268 291 292
9 17 39 73 191 226 230 242
9 80 83 109 128 192 194 240
9 53 76 87 143 169 221 231
9 27 91 98 130 195 200 223
9 2 207 230 236 258 296 298
9 19 29 117 189 214 225 228
9 51 95 112 198 272 295
9 24 66 67 82 166 182
9 105 150 214 246 282 290
9 14 61 74 96 213 267
9 50 204 225 281 290
9 42 89 153 155 194
9 32 61 131 156 239
9 58 89 155 184 269
9 174 219 225 226 245
9 66 74 116 164 240
9 19 99 197 218 264
9 83 146 194 251 279
9 0 37 56 174 244
9 18 81 238 255
9 22 143 191 263
9 31 154 270 289
9 149 215 245
9 25 236 294
9 126 129 192
9 243 255
9 70 182
9 198
10 9 54 113 145 190 224 240 261 266
10 21 70 86 126 134 135 146 153 278
10 4 24 38 54 184 225 278 291
10 24 60 65 106 133 140 245 248
10 25 82 104 115 174 238 254 266
10 119 153 154 161 179 238 242
10 16 80 127 185 189 209 264
10 0 11 85 116 141 226 247
10 16 27 33 81 104 113 281
10 19 83 126 174 227 242
10 44 46 173 219 267 294
10 66 129 183 202 240 247
10 83 101 152 175 219 231
10 67 101 169 202 252 284
10 12 130 162 192 219 254
10 24 43 50 98 116 201
10 101 220 225 248 250
10 0 49 209 255 283
10 29 30 199 231 233
10 14 18 25 152 197
10 7 18 64 163 241
10 135 182 255 276
10 83 254 272 295
10 78 107 211 299
10 48 67 190 192
10 5 12 57 88
10 99 200 250 277
10 33 50 210 257
10 79 190 193
10 105 113 283
10 57 166 271
10 161 237
10 140 288
11 72 119 127 137 157 164 183 192 207 211 229 230 278
11 15 23 48 72 86 112 134 169 198 243 266
11 18 52 85 161 172 205 211 230 267 279
11 14 78 79 154 157 214 218 253 282 295
11 56 146 153 169 219 225 229 241 269
11 70 82 92 94 169 194 218 220 225
11 13 52 69 130 141 143 206 231 288
11 12 28 30 44 65 141 147 203
11 14 27 61 77 81 109 189 233
11 35 71 177 189 217 244 253 261
11 94 119 139 161 227 250 299
11 3 25 29 73 134 142 257
11 32 79 89 110 164 203 223
11 79 91 114 139 276 278 295
11 9 111 130 153 178 238
11 5 92 108 192 205 244
11 66 96 217 254 279 281
11 27 71 180 200 219 267
11 15 175 194 203 227
11 21 44 49 63 234
11 8 119 125 172 191
11 35 142 150 188 299
11 0 57 132 137 187
11 9 142 155 159 224
11 146 248 283 291
11 35 97 140 286
11 109 170 184 226
11 101 132 201 230
11 52 54 99 246
11 159 175 237
11 76 167 298
11 137 228 261
12 8 31 36 51 163 168 192 226 247 295
12 31 43 100 117 157 231 251 257 291 297
12 79 90 149 151 154 185 248 254 296
12 60 73 169 212 236 243 257 285 299
12 3 4 57 166 203 258 286 289 290
12 62 136 174 208 238 245 248 275
12 2 19 104 117 125 208 288
12 76 86 133 187 190 207 259
12 80 95 141 204 244 259 278
12 6 108 112 170 178 214 233
12 3 102 134 145 204 216 278
12 49 103 183 194 220 281
12 22 24 53 93 111 285
12 56 61 125 135 199 213
12 4 7 83 200 221 245
12 28 100 138 242 287
12 59 86 101 269 292
12 2 107 191 288 290
12 25 36 177 275
12 155 200 222 230
12 29 44 66 134
12 15 63 159 220
12 97 141 197
12 164 242 246
12 3 64 75
12 120 227
13 13 22 31 47 72 159 163 169 193 202 215 244 245
13 6 48 56 79 97 107 148 156 168 172 225 259
13 44 49 104 143 210 211 217 225 239 250 282
13 5 32 42 121 131 133 178 235 264
13 29 144 159 171 209 231 268 293
13 6 51 78 205 206 214 279
13 102 138 154 176 203 204 278
13 2 88 189 202 205 263 299
13 54 74 123 162 210 255 277
13 2 91 109 221 261 295
13 21 33 62 150 158 265
13 78 232 233 246 257 269
13 115 140 159 166 172 249
13 62 67 143 210 225 295
13 55 78 112 131 202 241
13 153 174 241 248 275
13 145 146 163 224 271
13 66 107 111 232 259
13 60 174 216 227 268
13 14 51 65 86 120
13 35 83 86 143 232
13 51 63 239 279
13 99 131 168 184
13 8 18 265
13 86 242 272
13 143 159 293
13 34 112 232
13 28 171
13 290 296
13 156
13 154
13 122
14 0 8 107 129 132 137 149 184 192 199 212 237 288 293 297
14 68 73 100 136 145 163 168 226 279
14 41 42 65 72 84 112 245 292
14 22 32 95 134 178 206 224 263
14 46 52 128 150 186 225 228 247
14 69 103 117 179 209 218 278
14 0 23 71 122 196 240 242
14 21 28 104 107 142 217 292
14 88 94 125 131 153 190 266
14 5 21 137 140 174 233 271
14 16 125 135 206 228 233 296
14 14 44 45 217 243 271 288
14 34 61 114 118 125 168 217
14 23 93 141 258 266 284
14 12 36 40 71 72 149
14 8 62 199 212 228 265
14 72 89 147 157 190 248
14 46 51 186 213 276
14 19 48 127 177 189
14 3 9 96 192 207
14 87 199 200 274
14 93 238 262 290
14 11 140 155 292
14 157 204
14 194 265
14 298
15 93 129 153 168 174 241 259 276 282 298 299
15 6 16 61 71 131 141 163 191 232 280
15 4 19 54 117 118 188 240 242 263 272
15 61 82 88 101 113 164 168 251 275
15 49 55 96 110 112 130 216 264 280
15 6 46 50 93 134 141 233 271 291
15 11 14 54 97 116 121 185 238
15 1 51 70 94 111 130 176 294
15 21 23 34 100 127 133 141 239
15 9 52 78 166 196 202 251 280
15 31 38 84 110 193 197 236 275
15 64 126 175 222 252 255 265
15 13 127 132 225 235 273 275
15 7 34 128 129 179 259
15 131 154 165 269 277 284
15 24 47 50 122 123 154
15 27 89 107 205 253 265
15 21 24 49 158 186 263
15 45 75 125 126 209 275
15 85 106 239 247 253
15 157 197 198 234 240
15 23 44 95 173 247
15 96 167 171 247 265
15 87 91 132 139 248
15 49 93 195 232
15 63 80 89 286
15 48 145 221 269
15 67 268 292 299
15 71 77 90 194
15 12 33 146 200
15 71 178 244 259
15 122 273 291
15 212 267 287
15 169 214
16 0 12 44 76 83 95 104 113 201 217 226 235
16 16 37 39 62 99 159 183 196 260 266 279
16 16 23 42 51 59 75 84 151 164 189 273
16 12 75 99 116 118 147 183 216 263 282 285
16 4 7 16 43 51 225 242 266 283 293
16 6 43 149 153 167 194 198 209 272
16 13 39 75 108 143 150 242 246 283
16 3 40 66 177 181 259 263 279 292
16 6 93 115 181 200 214 264 279
16 10 95 127 217 240 272 274 293
16 92 117 122 123 131 240 244 277
16 37 65 81 85 118 131 138 166
16 121 123 144 166 185 220 236 237
16 39 62 69 166 174 200 240
16 75 118 229 258 282 288 290
16 16 66 73 94 211 250 254
16 44 48 110 161 168 192 236
16 81 104 164 244 245 254
16 42 59 133 238 244 276
16 65 77 129 153 184 252
16 52 66 70 101 222 232
16 152 180 200 214 223 254
16 102 121 163 196 209 257
16 77 135 152 158 234 271
16 96 147 154 191 271
16 59 119 191 239 251
16 55 146 238 265 275
16 44 65 118 206 277
16 45 63 102 141 220
16 30 43 109 116 153
16 80 86 94 163 231
16 29 39 44 126 133
16 12 92 165 240 260
16 64 105 231 248 296
16 52 121 179 189 226
16 133 198 210 279
16 167 177 229 236
16 200 219 267 294
16 1 103 160 272
16 78 186 191 284
16 39 284 286
16 78 141 229
16 133 234 296
16 14 20 171
16 46 68 217
16 54 142
16 233
17 2 5 17 126 170 184 214 235 273 292
17 20 125 134 175 180 185 191 235 277
17 19 66 89 94 114 135 143 150 192
17 22 29 87 119 150 227 239 282
17 54 65 93 126 206 238 251 285
17 33 102 135 158 168 237 270
17 70 76 128 145 204 221 298
17 1 44 74 111 182 184 299
17 21 43 44 135 151 171
17 9 59 137 138 190 288
17 43 87 120 121 180 272
17 3 36 112 210 211 249
17 3 11 87 149 152 240
17 61 110 129 137 197 281
17 33 82 116 162 166 187
17 114 172 203 207 219
17 77 100 179 193 196
17 20 93 222 249 283
17 8 40 53 103 186
17 13 105 123 127 242
17 13 30 76 134 273
17 33 54 136 159 282
17 126 146 162 201 229
17 23 50 73 103 109
17 126 148 154 192 195
17 20 76 97 118
17 20 82 209 295
17 45 226 238 249
17 120 126 189 258
17 99 143 238 278
17 19 27 177 219
17 44 142 257
17 40 92 146
17 36 169 268
17 181 209 292
17 93 111 266
17 78 87
17 88
18 10 22 38 68 77 86 150 152 164 189 205 227
18 67 70 72 143 165 198 219 233 237 242
18 12 32 54 85 95 122 143 154 178 198
18 20 29 75 103 118 128 173 262 291
18 25 32 75 84 138 198 220 266
18 2 11 17 36 51 184 202 264
18 5 76 127 139 169 247 265 277
18 53 74 101 131 161 180 255 278
18 65 73 79 129 272 284 289
18 31 53 113 121 220 238 251
18 102 122 180 234 240 245 274
18 75 115 121 160 185 259 285
18 4 14 49 87 88 201
18 8 45 61 120 123 245
18 54 61 65 81 232 291
18 19 59 74 129 206 295
18 28 77 108 166 170 239
18 19 59 100 194 201
18 73 78 88 153 206
18 14 41 55 108 235
18 31 52 99 245 295
18 76 139 163 264 272
18 21 234 252 270
18 225 228 275
18 182 279 298
18 70 147 213
18 57 219
18 1 122
19 10 52 92 108 110 145 167 228 240 271 272
19 20 32 58 70 84 101 136 179 201 275 293
19 11 36 46 58 74 142 177 200 223 247
19 6 19 66 73 104 154 155 240 241 242
19 32 46 47 77 143 168 225 279 299
19 69 97 115 142 183 196 235 259 283
19 29 36 47 87 114 125 151 296
19 75 140 165 175 195 213 255 276
19 62 133 162 175 216 235 237 259
19 95 111 162 210 222 243 258 264
19 45 126 151 156 185 231 236 255
19 12 44 95 103 129 236 292
19 33 58 98 145 179 187 252
19 6 26 126 139 158 173 201
19 25 148 162 167 177 198 289
19 26 71 131 206 208 248 254
19 112 136 156 192 246 277
19 172 199 209 226 249 258
19 9 60 83 109 210 298
19 55 88 153 159 244
19 5 127 139 207 220
19 45 63 220 242 265
19 16 110 117 231 258
19 34 61 127 253 282
19 29 202 257 279
19 70 216 240
19 11 217 279
19 104 169 178
19 127 274 289
19 0 92
19 74 139
19 148 149
20 28 31 47 137 147 159 198 214 216 230 238 261
20 13 20 38 52 71 88 96 204 213 219
20 12 20 111 128 155 163 178 192 250 283
20 36 124 166 207 224 230 240 255 257
20 22 111 117 175 187 246 250 260 277
20 32 52 68 81 128 186 207 234 245
20 0 46 52 56 202 226 262 291
20 4 142 148 154 198 231 251
20 48 110 140 154 204 219 258
20 75 84 95 129 230 248 292
20 2 20 22 67 77 145 207
20 77 111 125 148 184 244 256
20 1 50 68 117 149 165 178
20 3 10 22 34 59 103 240
20 73 84 90 127 145 219 280
20 63 124 165 271 273 277
20 14 21 33 52 162 287
20 12 45 190 222 246 269
20 84 123 138 144 148 213
20 69 89 131 141 212 213
20 83 113 180 264 294
20 1 28 83 111 235
20 20 36 89 93 191
20 115 150 193 230
20 200 210 236 293
20 0 78 87 184
20 60 250 268 299
20 22 31 39
20 26 232 280
20 6 221 237
20 10 285
20 84 85
21 27 52 94 146 169 177 236 244 293 294 295
21 7 16 47 72 93 104 129 131 234 252 267
21 18 24 37 81 124 133 198 241 265 266 273
21 9 18 35 39 59 129 131 156 196 211 246
21 25 38 44 59 134 181 198 224 254 264
21 57 148 179 180 221 225 263 285 287 289
21 64 70 87 121 140 142 170 197 234
21 0 23 25 43 87 105 164 262 285
21 0 18 87 104 175 202 218 279 280
21 50 140 200 203 210 237 246 276 287
21 12 40 48 71 87 93 199 247 274
21 41 121 136 160 190 196 207 294
21 73 99 108 115 118 130 145 193
21 29 31 32 79 246 251 272
21 37 122 130 156 205 261 281
21 0 40 44 138 147 212 255
21 124 180 220 226 240 262 291
21 25 61 73 74 221 235
21 30 47 63 240 248 256
21 83 119 165 272 293
21 42 64 196 264 280
21 200 205 234 246 248
21 18 33 96 100 253
21 55 113 151 215 261
21 49 61 202 233 257
21 8 84 126 138 223
21 46 52 57 170 219
21 86 126 188 234
21 37 64 183
21 87 155 211
21 9 15 188
21 97 126 157
21 75 162
22 15 29 96 100 144 217 227 236 264
22 4 84 104 153 166 222 247 249 270
22 82 91 115 169 210 216 221 252 282
22 20 29 60 92 143 160 169 284
22 0 67 74 107 110 113 200 226
22 11 22 107 188 203 230 233 253
22 10 65 78 98 162 180 185
22 11 40 63 109 114 148 149
22 51 53 77 88 109 119 202
22 110 172 174 178 182 200 206
22 47 77 84 190 256
22 53 62 88 101 282
22 16 116 120 143 284
22 5 14 47 97 219
22 56 117 140 168 275
22 30 172 250 280 287
22 55 119 196 217
22 88 100 290 292
22 148 204 236 299
22 64 200 215
22 76 128 287
22 152 206
22 91 170
23 15 41 70 100 113 157 215 284 288
23 20 45 147 168 188 208 228 241 268
23 59 67 122 135 192 197 272 273 296
23 1 41 83 136 144 226 229 281
23 61 65 71 112 113 138 175 255
23 3 22 65 72 90 167 259 279
23 46 54 63 183 184 185 195
23 24 52 102 150 241 246 264
23 77 117 169 183 211 235 270
23 8 63 149 262 275 291
23 4 43 57 82 194 258
23 19 59 89 117 252 291
23 27 81 82 119 231 243
23 10 37 151 169 220 243
23 7 66 97 114 234 264
23 16 40 141 246 291
23 43 52 132 222 242
23 19 60 154 183 240
23 160 171 221 223 240
23 53 136 185 193 262
23 41 67 141 281 296
23 11 171 205 285
23 112 190 257
23 123 241 288
23 36 242
23 155
24 5 14 18 29 60 65 95 150 237 276 293
24 35 50 72 73 85 94 190 205 211 286 295
24 30 112 167 230 237 246 252 274 284 298
24 55 108 118 135 184 201 206 216 268 286
24 0 3 131 134 151 192 218 292 293
24 40 81 98 108 126 135 179 252 265
24 5 18 48 150 176 194 202 241
24 14 133 141 160 175 212 254 274
24 21 83 99 186 213 234 263 291
24 5 28 88 143 210 240 273 298
24 42 51 154 178 232 254 269 297
24 4 36 74 201 230 240 264 282
24 24 28 66 123 154 219 235 257
24 59 103 143 161 165 268 273
24 38 62 144 169 180 219 241
24 19 20 92 185 202 291 298
24 32 59 71 140 151 281
24 26 33 41 45 88 249
24 27 63 87 105 147 256
24 17 33 41 204 248 274
24 64 78 98 146 202 279
24 97 135 177 242 255 291
24 6 58 188 198 224 233
24 128 207 221 268 284
24 78 116 160 162 175
24 75 126 143 207
24 25 111 116 237
24 29 60 69 204
24 13 37 147 234
24 4 258 284
24 266 272
24 65 249
25 3 15 41 77 125 129 146 197 223 263 265
25 9 181 200 217 219 227 244 262 264 269 282
25 7 18 62 83 93 106 139 143 166 198 295
25 24 41 44 46 49 165 212 270 291
25 49 53 62 166 173 184 238 251 271
25 43 46 68 83 125 176 185 192 213
25 4 96 109 110 177 180 202 217 247
25 18 49 52 112 169 241 261 267 299
25 0 3 10 72 79 176 188 228 297
25 5 71 135 138 155 191 237 253
25 22 31 116 152 155 289 298
25 47 133 165 198 225 259 298
25 23 52 82 103 146 181 283
25 9 37 76 131 191 287 296
25 102 110 112 116 152 256 266
25 47 84 101 110 213 216
25 9 106 160 214 277 295
25 43 49 115 126 149 228
25 2 27 107 112 297
25 18 93 123 221 278
25 110 140 219 224 275
25 111 112 137 185 242
25 14 15 130 274
25 59 96 253 277
25 5 108 257 296
25 5 213 272
25 34 49 186
25 26 85 170
25 260 264 276
26 19 69 139 158 164 166 241 259 281 296
26 6 19 26 90 117 136 178 186 269 299
26 7 28 65 92 177 203 258 276 293
26 107 113 139 192 195 232 235 270 282
26 19 51 76 83 101 238 287 292
26 24 37 80 89 141 155 158 283
26 53 65 210 249 262 267 289 297
26 9 79 134 191 215 223 227 275
26 38 51 68 92 202 273 293
26 55 116 157 228 251 254 283
26 23 29 113 203 267 277 281
26 37 65 74 156 160 163 292
26 48 94 164 204 208 222 291
26 13 32 140 200 280 286
26 22 62 120 225 234 244
26 4 120 201 248 252 299
26 2 40 139 224 256 298
26 32 156 229 256 257 274
26 20 78 95 248 256 272
26 149 166 172 183 240
26 47 48 141 226 243
26 44 46 134 192 273
26 19 33 70 170 250
26 3 26 116 205 212
26 102 159 199 204
26 115 144 146 272
26 140 168 235 269
26 102 165 225
26 72 203 277
26 71 102 182
26 179 185 216
26 50 140 180
26 79 145 268
26 70 88 293
26 123 284
26 232 279
26 0 279
26 131 248
26 8
27 20 52 113 123 155 174 181 212 238 250
27 43 45 54 126 165 195 246 287 297
27 15 59 68 100 110 121 143 240 260
27 39 55 76 111 149 168 194 244
27 60 107 124 134 216 287 298
27 46 91 96 97 125 129 240
27 24 31 102 111 133 174 256
27 18 34 71 148 166 190 252
27 22 37 112 154 240 254 287
27 52 63 174 184 206 268
27 49 68 104 114 160 299
27 14 116 145 169 201 212
27 37 59 107 213 253 275
27 8 10 28 135 160 186
27 26 82 121 131 134 252
27 57 133 211 232 274
27 146 160 181 199 200
27 8 77 114 132 219
27 28 105 184 203 275
27 4 19 42 192 273
27 66 161 245 299
27 53 74 96 126
27 9 103 132 225
27 123 194 198 235
27 52 64 101 147
27 41 47 169
27 145 164 247
27 88
28 29 57 76 106 125 155 164 175 176 260 265 278 282 284
28 3 6 10 31 73 133 151 164 204 206 221 275
28 1 68 72 74 85 92 123 145 180 222 275
28 39 49 58 67 71 228 230 252 259 269 274
28 57 71 73 152 189 195 203 252 293
28 21 31 93 101 140 166 167 175 238
28 9 31 88 102 123 124 130 193 266
28 43 72 81 84 98 110 120 169 257
28 1 12 14 51 174 222 229 281
28 3 41 60 106 141 161 253 266
28 25 26 186 198 204 238 272
28 11 39 55 150 188 238 263
28 68 137 224 233 247 257 273
28 4 100 158 200 239 243 290
28 16 32 115 222 224 268 287
28 53 99 136 155 211 225 298
28 23 25 142 157 268 272
28 11 68 104 160 166 252
28 7 15 88 125 139 231
28 138 175 180 182 205 237
28 106 117 129 143 274 294
28 75 116 137 141 181 290
28 24 57 65 66 81 168
28 51 59 77 100 114
28 67 141 270 276 282
28 149 175 219 258 274
28 22 38 54 136 147
28 75 76 233 255 293
28 34 160 196 208 236
28 145 180 232 268
28 32 34 109 133
28 47 52 132 286
28 27 140 164 243
28 13 71 170 222
28 13 106 183
29 21 128 154 158 172 182 192 240 246 259 282
29 9 17 65 133 138 142 164 179 238 240
29 45 48 113 128 245 282 286 289 291
29 78 131 165 168 187 209 212 249 294
29 114 141 155 164 170 193 203 252 295
29 56 67 100 198 203 209 219 274
29 6 112 151 180 186 195 242 257
29 30 63 94 100 138 226 246 258
29 7 23 24 209 225 239 250
29 24 48 89 123 134 149 202
29 3 7 17 22 158 190 220
29 21 38 39 195 210 273 294
29 71 75 209 232 247 273
29 42 100 130 202 207 219
29 11 38 143 206 243 273
29 0 12 45 168 229
29 62 135 232 233 237
29 11 54 57 135 244
29 110 116 170 199
29 72 91 226 230
29 62 175 234 280
29 24 79 171 178
29 27 108 237 270
29 38 47 171 191
29 132 137 264 279
29 124 213 214 296
29 165 204 275 294
29 114 156 260
29 6 12 200
29 19 257 263
29 90 111
30 10 67 109 115 153 181 209 215 248
30 77 89 90 138 170 195 211 226 289
30 23 33 41 105 106 164 243 263
30 3 8 85 125 144 163 168 206
30 32 44 45 73 116 198 257 299
30 1 20 101 164 196 208 214 257
30 0 16 84 164 182 245 285 286
30 60 108 170 200 270 278 287
30 2 123 139 144 162 173 280
30 10 50 68 107 206 216 223
30 43 51 82 132 278 280 289
30 50 208 225 241 265 275
30 33 71 119 147 164 216
30 13 44 161 191 268 296
30 35 112 127 183 231 296
30 5 51 115 116 130 149
30 4 51 85 169 171 189
30 10 33 45 161 172 267
30 88 92 132 149 208 279
30 155 214 236 267
30 63 104 202 246
30 16 120 131 252
30 6 193 298
30 38 49 148
30 87 153 206
30 171 257 266
31 6 64 93 102 139 155 183 194 206 274
31 13 54 65 70 128 130 139 143 185
31 3 25 135 178 180 214 256 273 275
31 8 14 20 63 71 198 202 236 251
31 81 96 103 125 152 163 216 222 282
31 7 11 74 76 109 133 245 292
31 0 2 108 124 168 196 212 247
31 48 86 138 143 210 236 249 287
31 2 49 60 103 105 133 205 243
31 38 39 40 57 97 239 264 267
31 53 82 127 134 140 219 287
31 3 53 253 261 266 275 282
31 22 48 59 84 192 212 245
31 9 74 158 223 224 259
31 25 46 80 98 185 275
31 2 38 56 61 189 287
31 108 126 231 278 280 285
31 79 90 169 189 225 284
31 17 87 91 106 191 223
31 10 129 132 284 294
31 38 64 129 189 289
31 104 220 230 264 277
31 146 147 173 185 290
31 2 142 203 206 217
31 34 74 221 269 278
31 9 81 183 202 256
31 37 118 275 283 292
31 38 143 207 229
31 92 102 162 274
31 3 64 178 272
31 21 214 228 242
31 41 145 203 231
31 63 94 99
31 24 48 98
31 8 106 139
31 17 162 245
31 43 64 161
31 204 272
31 105
32 26 42 48 50 57 61 62 80 129 145 157 217 249
32 58 59 89 103 145 154 204 217 223 247 272
32 8 9 14 33 67 147 218 220 264 294
32 26 60 145 159 183 188 196 227 236 259
32 27 55 74 135 136 155 178 276 288
32 5 9 87 175 195 236 252 290 295
32 7 22 48 57 79 86 99 259 279
32 57 60 122 165 169 229 239 274
32 27 102 136 137 159 171 184 194
32 57 120 252 264 290 299
32 45 119 133 137 176 279
32 48 98 111 218 242 262
32 3 90 123 150 262
32 107 208 240 289 292
32 33 55 205 243 249
32 107 119 154 158 174
32 17 106 204 268
32 119 129 161 224
32 78 146 239 253
32 125 177 295
32 146 196 220
32 10 70
32 52 254
33 10 29 63 85 95 143 154 186 223 281
33 34 37 48 69 82 174 188 190 213 215
33 26 49 70 74 111 116 251 259
33 18 134 180 208 229 230 235 290
33 34 42 94 99 122 225 247 255
33 119 144 150 152 188 190 241 295
33 82 90 124 128 195 223 249 292
33 6 15 31 57 68 129 165
33 57 113 122 126 153 194 291
33 7 63 70 112 128 256 273
33 3 31 86 139 153 172 279
33 4 58 94 151 154 259 275
33 9 29 47 83 140 170 195
33 22 83 146 233 241 274 298
33 82 86 120 127 192 211 258
33 13 129 155 230 248 266 284
33 52 58 103 136 199 227 229
33 8 109 116 180 188 222
33 64 116 143 193 194 222
33 52 233 258 261 268 291
33 4 116 160 173 251 268
33 152 161 177 241 255 292
33 50 99 110 199 226
33 86 164 169 193 215
33 7 34 42 81
33 22 36 51 171
33 68 232 297
33 7 167
33 108
34 21 29 64 86 89 98 158 207 213 232 259 272
34 6 17 44 64 77 92 96 108 178 200 237
34 18 32 39 55 131 141 162 204 236 254 299
34 22 88 136 184 214 226 228 244 266
34 21 31 54 70 78 128 157 185 252
34 7 70 74 110 134 140 152 220
34 39 41 108 146 155 225 262 270
34 8 69 78 97 149 173 174 272
34 21 83 86 91 92 176 245 292
34 45 50 67 118 235 263 269 277
34 82 106 167 174 184 195 226
34 24 40 65 123 125 187 257
34 75 129 137 180 235 268 281
34 49 50 87 93 163 185 242
34 41 71 118 187 214
34 32 43 174 270 281
34 34 113 133 136 237
34 42 57 66 111 118
34 5 33 135 230 254
34 119 177 203 258
34 4 111 115 202
34 24 135 173 276
34 76 92 202 244
34 196 203 227
34 140
35 9 18 30 34 37 114 116 186 245
35 4 21 48 133 151 176 207 223 259
35 43 59 61 71 109 133 239 253 294
35 14 149 168 184 190 212 223 226 259
35 4 12 16 144 165 167 169 173 299
35 47 91 186 188 244 267 276 299
35 104 154 170 236 237 246 273 293
35 53 82 140 150 225 232 234
35 4 31 38 76 153 226 234
35 27 63 65 92 208 224 291
35 83 87 121 150 186 251
35 9 33 53 90 261 297
35 54 66 156 189 249 277
35 10 24 32 102 120 241
35 34 40 105 140 143
35 119 143 180 255 289
35 2 6 11 136 277
35 32 52 180 266 279
35 11 64 233 254 277
35 138 139 228 287 299
35 47 81 106 209 229
35 71 89 103 221 298
35 5 27 71 77 247
35 4 191 220 246 281
35 80 100 142 179
35 19 43 85 182
35 9 65 74 133
35 23 68 133
35 11 57
35 31 275
36 19 42 52 58 66 144 182 229 294 296
36 36 43 85 131 161 237 263 295 297
36 1 10 90 123 141 238 262 265 267
36 77 173 175 184 223 229 240 250
36 4 30 100 119 154 184 212 225
36 8 42 101 220 228 269 278 289
36 41 73 97 120 198 253 272 276
36 122 137 169 198 224 253 285
36 46 65 102 248 265 275 292
36 6 48 70 83 128 178 272
36 12 14 32 103 134 235 287
36 23 40 42 83 100 138 155
36 31 64 66 128 160 217 225
36 39 49 98 123 200 249
36 2 93 107 127 140 145
36 109 127 140 240 272 294
36 42 49 82 110 116
36 90 97 115 121 205
36 3 48 113 203 254
36 1 52 88 147 189
36 9 46 163 200 205
36 0 16 21 247
36 9 112 157 244
36 46 86 216 291
36 27 35 90
36 127 146 273
36 93 178 278
36 12 27 297
36 178
37 25 48 63 100 138 150 157 166 167
37 63 138 151 154 174 232 244 298
37 67 141 209 215 230 263 268 284
37 5 21 36 128 154 206 255 276
37 79 84 99 139 140 260 299
37 6 55 98 197 232 253 266
37 13 38 44 119 187 193 198
37 4 71 82 173 205 258
37 21 58 98 172 258 263
37 10 51 56 246 255 265
37 48 103 133 157 220 290
37 33 112 134 175 232
37 128 166 200 247 266
37 61 204 230 271 292
37 6 40 80 116 170
37 90 111 125 147 158
37 63 72 98 116 135
37 118 176 185 213
37 8 45 105 262
37 159 251
38 68 70 76 113 157 193 227 236 245 258
38 38 114 121 123 129 152 167 170 202 254
38 35 77 83 129 132 135 153 218 290
38 16 51 56 81 104 188 238 266 270
38 12 46 85 105 149 168 195 203 226
38 1 44 59 92 110 142 244 279
38 47 55 86 87 123 203 224
38 16 155 156 182 218 230 234
38 96 116 126 190 208 270 292
38 40 41 148 154 180 262 266
38 11 16 31 35 43 163 256
38 23 79 106 181 211 231 293
38 2 23 35 77 157 295
38 93 114 118 152 156 238
38 17 51 81 84 188 234
38 81 96 114 125 139 153
38 112 117 154 178 205 236
38 4 70 93 217 275 293
38 47 69 143 201 245 260
38 9 40 104 228 262 291
38 39 76 100 108 194
38 122 134 186 286 293
38 41 76 96 204 248
38 8 49 68 193 220
38 113 140 221 236 296
38 98 276 277 284
38 88 89 96 223
38 139 193 213
38 94 102 111
38 109 262 289
38 88 165
38 83 279
39 36 78 86 96 109 111 121 148 292 295
39 51 60 109 123 128 193 213 227 262 292
39 16 43 102 137 191 194 234 247 267
39 16 27 109 110 118 124 179 253 271
39 29 52 111 142 185 212 238 293
39 0 59 81 86 167 178 202 244
39 3 121 124 168 194 197 220 279
39 10 112 116 118 136 229 243 275
39 42 55 61 90 139 158 188 205
39 64 71 134 138 144 183 215 259
39 35 83 122 142 215 251 253 292
39 6 57 79 92 238 248 280
39 49 50 74 198 208 217 223
39 18 46 122 135 138 190 237
39 138 163 188 202 209 238 256
39 47 85 95 144 150 203 274
39 1 76 81 112 222 254 277
39 81 88 91 99 206 269 275
39 8 9 20 80 290 299
39 53 67 70 159 180 197
39 15 41 176 186 254 270
39 57 197 253 269 289 297
39 24 148 242 264 268 274
39 12 66 109 121 131 289
39 8 26 66 120 164 190
39 50 76 84 218 261
39 141 143 179 182 282
39 52 56 75 184 215
39 18 47 145 283
39 27 82 129 281
39 175 230 233 253
39 65 158 215 268
39 0 131 290
39 108 150 154
39 146 154 237
39 234 238 266
39 85 274
40 52 61 70 87 98 100 117 133 139 180 220 224
40 15 27 44 124 130 176 186 209 215 257 278 279
40 12 28 37 40 100 137 159 190 230 262 263
40 26 71 81 107 137 143 148 191 248 262
40 14 54 60 66 89 170 178 227 249
40 2 81 88 201 213 219 241 254
40 51 149 159 176 212 218 286 290
40 7 11 83 164 240 274 288
40 1 34 64 78 112 254 274
40 61 90 135 151 180 197 241
40 37 101 142 218 276 288
40 7 32 57 147 226 251
40 13 39 159 221 236 265
40 2 69 79 207 210
40 0 6 126 180 281
40 76 177 217 264 285
40 9 48 55 104
40 165 179 191 234
40 59 77 90 97
40 88 171 231 283
40 77 142 166
40 75 138 192
40 62 215 218
40 194 198 284
40 126 165
41 19 50 78 181 194 202 215 292
41 12 79 125 152 270 286 291 298
41 16 54 131 153 168 231 233
41 7 30 36 57 112 150 287
41 56 129 131 182 207 237 241
41 61 99 165 182 250 270
41 11 68 80 84 173 222
41 76 114 124 134 147 248
41 50 93 109 115 191 296
41 30 73 206 262 280 292
41 99 161 222 281 289
41 9 44 46 62 265
41 199 206 208 239 272
41 26 132 149 155 257
41 8 98 148 222
41 15 39 196 282
41 56 264 289
41 78 218 273
42 32 47 59 113 179 195 218 222 250 277 292 299
42 19 35 59 83 99 113 139 152 192 196 228
42 22 47 55 94 158 165 166 219 239 284 298
42 17 29 56 103 176 260 268 282 286
42 8 75 83 115 167 193 220 226 286
42 21 28 35 38 58 76 108 201 280
42 28 34 60 66 81 140 146 235
42 76 119 120 139 158 169 172 288
42 52 54 75 132 190 232 256 277
42 80 97 113 173 205 288 289
42 13 34 53 117 140 158 257
42 29 132 137 148 227 254 267
42 0 27 35 63 104 115 138
42 97 136 142 185 224 227 264
42 42 98 111 112 235 238
42 205 216 240 278 281 298
42 54 151 157 187 268 284
42 79 96 162 266 279
42 87 126 217 228 283
42 18 19 84 191 238
42 43 92 161 182 257
42 34 50 148 184 217
42 25 30 34 72 211
42 101 114 153 184
42 120 180 275
42 96 148 152
42 35 74 290
42 61 116 265
42 7 58 265
42 95 182 232
42 14 70 192
42 61 116
42 94 216
42 115
43 6 8 11 58 85 95 99 125 154 165 175 219 249
43 8 37 41 48 50 81 146 171 196 268 271
43 25 53 74 79 83 98 108 109 123 218 226
43 52 96 112 137 155 170 215 232 245 281
43 11 38 63 97 104 121 168 172 263
43 42 44 83 95 113 121 123 164
43 61 122 184 215 217 225 246 248
43 11 19 48 57 167 225 274 281
43 22 137 153 194 200 206 219 294
43 25 39 87 140 163 189 247
43 9 37 82 232 233 257 278
43 8 9 28 30 36 196 277
43 2 6 78 122 131 144 246
43 19 233 238 260 266 267 292
43 0 92 98 155 166 208
43 66 73 90 118 178 283
43 78 148 152 220 249 251
43 27 67 156 181 212 224
43 23 100 106 148 232 287
43 56 87 208 265 291
43 6 86 98 118 289
43 4 39 96 259 280
43 72 103 176 202 253
43 29 46 56 63 255
43 6 23 182 220 293
43 60 126 146 276 295
43 15 42 101 202 239
43 1 67 194 261
43 63 129 207 283
43 0 36 107 188
43 2 199 264 266
43 20 59 218 277
43 23 32 179 216
43 98 112 156 297
43 51 54 74
43 5 76 99
43 4 163 176
43 161 205 295
43 276
44 1 2 17 76 79 86 123 126 152 208 215 221
44 19 32 33 37 129 157 199 203 237 254 258 287
44 70 80 91 97 144 198 210 224 241 256 282
44 16 113 137 150 175 221 234 270 292 295
44 18 24 47 61 62 152 153 160 270 282
44 4 54 58 93 125 188 245 258
44 16 88 102 148 194 207 271
44 80 105 162 203 230 261 287
44 100 139 202 220 237 299
44 69 103 187 222 241 291
44 93 157 176 219 279 286
44 105 114 181 219 227
44 0 27 97 181 207
44 25 131 139 186 296
44 137 181 241 258 290
44 69 178 262 279 295
44 103 176 208 277 280
44 28 138 200 208 246
44 59 82 190 242
44 105 155 179 187
44 114 215 216 287
44 58 80 110 284
44 3 30 60 291
44 42 105 121 235
44 5 157 173 202
44 91 117 155 250
44 109 245 289
44 2 98 169
44 72 202 276
44 160 252 260
44 25 268
44 19 58
45 19 84 117 137 150 164 193 227 265
45 51 85 117 141 160 164 178 210 272
45 27 48 58 131 149 158 185 203 223
45 18 58 82 184 185 268 275 294
45 33 53 70 99 188 213 269
45 170 184 198 248 256 283 293
45 68 85 86 104 131 229 255
45 23 43 125 179 204 249 294
45 9 38 104 143 217 228
45 31 58 105 149 185 271
45 141 166 229 238 253 287
45 44 184 208 213 258 281
45 57 107 108 165 229 250
45 38 125 162 225 228
45 19 95 228 248 257
45 52 105 108 229 288
45 11 56 195 205 219
45 39 84 136 138 252
45 14 59 138 243 294
45 24 70 100 284 286
45 20 207 242 286
45 28 73 85 267
45 9 45 131 172
45 41 104 229 284
45 112 198 228 256
45 7 40 193 293
45 65 195 271 273
45 147 157 176
46 17 48 49 76 88 124 132 166 219 284 286 297
46 13 92 96 202 214 218 223 226 245 265 286
46 20 49 64 69 84 93 115 151 217 238 256
46 6 9 18 39 74 143 205 251 265
46 41 53 66 89 182 229 252 272 292
46 4 5 66 153 156 179 214 234 279
46 14 129 144 162 184 237 253 282
46 39 56 128 183 218 226 268 283
46 13 68 83 130 179 186 238 247
46 48 69 139 149 176 193 220
46 7 14 131 164 188 215 288
46 39 117 156 178 185 198 210
46 18 51 57 109 168 183
46 27 29 83 93 185 250
46 8 38 49 127 203 237
46 46 91 154 175 191 236
46 1 19 83 194 253 283
46 129 131 189 206 253 283
46 26 61 203 252 274
46 31 46 174 230 252
46 66 116 213 242 269
46 36 41 225 247 267
46 36 107 127 142
46 124 203 237 247
46 3 24 105 146
46 28 196 227 287
46 61 147 297 299
46 51 52 146 260
46 40 263 267 289
46 126 231 243
46 228 269 288
47 9 17 48 71 82 86 139 199 201 203 218 245
47 18 20 46 70 111 127 163 169 188 271 295
47 82 93 105 117 121 214 228 262 271 283
47 54 134 153 162 163 253 255 257 284
47 33 76 105 124 136 161 223 259
47 55 118 166 218 222 225 251 261
47 34 48 83 122 151 154 195
47 12 64 158 164 181 228 240
47 49 149 154 155 175 191 296
47 83 120 194 198 210 218 269
47 1 3 34 94 130 256
47 18 107 158 164 199 266
47 21 68 129 168 200 238
47 9 63 156 248 271 283
47 4 111 122 194 200 274
47 22 85 98 157 186
47 0 8 173 183 276
47 22 213 244 266 278
47 21 22 36 162 251
47 177 196 223 266 267
47 58 132 202 285 286
47 32 100 130 248
47 13 32 76 215
47 26 85 223 298
47 16 55 99 297
47 9 22 279
47 9 253 277
47 53 202
48 89 102 126 179 226 253 258 259 285 298
48 6 15 47 80 133 151 164 199 243 274
48 16 19 43 71 83 89 96 113 182 257
48 18 28 88 104 206 224 225 232 273
48 13 61 82 103 164 241 269 278 292
48 38 49 55 149 210 211 232 236 239
48 29 53 122 164 203 228 243 289
48 30 36 58 91 132 147 239 242
48 63 107 111 152 159 165 188 273
48 58 74 83 90 115 171 276 298
48 1 3 173 200 216 283 289
48 7 17 198 222 226 258 275
48 5 247 251 262 264 277
48 34 109 208 224 249 290
48 17 35 86 251 293
48 62 69 186 200 284
48 25 74 140 159 281
48 75 142 144 174 223
48 54 102 165 242
48 3 16 175 294
48 8 39 251 274
48 70 190 258 294
48 19 110 134 261
48 212 214 219
48 21 54 252
48 216 231
48 30
49 2 44 70 139 159 204 222 227 236 240 252
49 10 41 84 154 197 210 228 242 263 265
49 93 121 176 177 196 197 223 276
49 1 23 123 152 204 265 271 295
49 2 22 112 121 135 140 186 193
49 96 115 143 144 250 262 298
49 6 100 145 165 227 231 278
49 25 29 34 45 116 126 235
49 19 84 97 106 133 207 271
49 29 31 57 114 263 265 289
49 16 85 137 178 243 264
49 22 126 152 243 261 297
49 23 79 92 128 147 166
49 24 83 112 135 255 299
49 73 102 152 249 274 298
49 75 105 118 181 186 218
49 16 24 131 168 277 287
49 89 130 231 235 266
49 28 60 118 135 218
49 109 120 157 200
49 132 148 172 177
49 73 88 195 258
49 55 179 199
49 107 114 286
49 119 291
50 23 64 71 88 94 156 166 186 243
50 5 133 165 170 230 232 287 297
50 11 22 54 69 99 144 204 228
50 24 54 57 119 148 150 177 287
50 57 91 122 142 202 243 275 276
50 44 50 69 118 167 215 218 285
50 7 165 199 203 253 271 295
50 8 47 70 147 221 230 246
50 22 42 71 212 225 234 274
50 0 10 66 78 156 282
50 41 67 76 146 258 279
50 31 60 126 140 182 267
50 44 66 119 128 278
50 42 88 94 242 243
50 25 42 211 232 298
50 123 137 210 242 287
50 8 90 211 226 299
50 168 192 211 270
50 8 69 168 294
50 80 113 118 267
50 117 152 174 242
50 186 230 244 293
50 65 76 157 286
50 9 29 41 227
50 158 161 200
50 28 123 180
50 11 285
51 30 40 48 69 100 132 144 187 209 226 260 267
51 18 39 43 49 52 84 91 106 109 188 295
51 24 50 85 118 127 141 190 213 237 248
51 33 39 43 48 77 159 187 194 212
51 18 60 77 105 169 238 281 287
51 14 96 116 165 204 207 258 287
51 9 12 17 54 92 189 285
51 9 89 140 145 148 199 235
51 2 76 161 170 200 283 290
51 2 14 31 150 201 221 276
51 39 45 210 219 228 236 296
51 30 93 149 179 225 241 297
51 133 184 243 293 295 297 299
51 29 53 106 111 224 273 291
51 20 50 111 124 236 296
51 41 84 168 210 229 283
51 6 74 78 218 247 284
51 19 67 93 121 178 281
51 30 112 121 150 280
51 45 107 171 198 271
51 101 103 156 171 287
51 33 36 183 259
51 81 83 134 146
51 82 187 199 285
51 43 224 247
51 109 175 227
51 50 64 188
51 159 242 287
51 179 232 271
51 7 97
51 210
52 18 29 40 70 97 158 196 210 215 221 251
52 28 70 112 128 137 183 225 235 236 285
52 12 31 53 125 159 200 220 259 289 293
52 0 70 114 155 176 198 211 233 246
52 25 26 83 120 128 159 229 237 251
52 41 99 159 176 237 258 270 290
52 49 60 73 131 160 166 170 219
52 0 94 182 185 218 244 287 297
52 5 15 85 113 121 151 220
52 18 82 190 194 234 261 265
52 37 59 110 226 244 275 284
52 141 180 215 217 223 257
52 56 57 86 151 249 283
52 28 76 95 107 251 284
52 107 148 174 197 283
52 70 90 94 144 240
52 22 93 168 195 289
52 119 151 194 246 247
52 169 187 201 248 284
52 16 56 97 213 293
52 132 162 195 294
52 25 65 228
52 74 112 294
52 69 128 175
52 15 160 179
52 32 233 268
52 176 204
52 59 298
53 49 56 115 137 188 198 203 207 213 237 247 279 284 291
53 15 18 24 29 53 62 65 90 140 177 265
53 10 26 32 80 97 213 226 230 231 286
53 18 75 76 84 87 90 115 184 204 208
53 18 21 53 88 93 95 150 267 269
53 81 116 120 157 165 168 172 173 291
53 18 53 73 136 242 252 259 275 296
53 13 16 50 73 75 131 269 280
53 17 171 180 191 200 212 261
53 40 57 95 122 135 145 180
53 18 60 133 190 192 218
53 7 25 50 172 229 277
53 98 156 173 232 236 255
53 92 151 226 233 246 276
53 22 155 158 162 219 236
53 23 107 150 214 231 269
53 0 48 123 210 225 271
53 134 138 179 187 268 274
53 69 82 99 150 203 215
53 48 157 166 189 295
53 14 26 78 197 288
53 35 80 133 148 228
53 75 97 123 150 215
53 13 20 260 265 282
53 132 138 146 268
53 56 136 195 282
53 103 163 179 186
53 35 56 161 226
53 110 255 272
53 64 225 278
53 37 83 203
53 231 269 289
53 141 226 279
54 0 10 19 51 61 106 145 154 177 230 263 289
54 36 45 50 74 87 133 134 162 238 260 280
54 0 23 61 85 91 145 198 207 264
54 0 129 142 188 204 231 234 278 293
54 2 37 76 109 155 160 194 200 292
54 41 45 57 164 246 261 292 299
54 11 47 84 165 186 239 278 288
54 1 9 61 77 80 134 210 250
54 2 27 53 70 86 133 203 229
54 58 82 156 167 194 196 254 285
54 28 49 161 194 204 251 283
54 121 124 179 221 235 265 283
54 15 102 140 143 162 286
54 142 165 179 194 217 251
54 54 143 153 193 258 293
54 77 128 140 246 254 290
54 102 135 152 156 207 246
54 34 60 98 181 226 288
54 8 56 101 195 224
54 7 80 215 255 298
54 92 151 222 230 241
54 122 141 149 169 229
54 62 94 177 215 252
54 44 138 178 226 238
54 118 169 190 239
54 29 125 148 244
54 235 248 265 298
54 33 92 147 216
54 94 104 162 181
54 9 164 171 211
54 108 139 140 145
54 15 30 209 251
54 3 211 231 252
54 46 143 208
54 140 201
55 7 30 56 89 96 102 133 158 199 208 219 277
55 18 85 102 166 172 181 190 212 222 224 243
55 4 19 30 44 57 91 96 97 154 278
55 42 45 138 144 160 167 216 266 285
55 58 62 74 101 180 255 256 287 296
55 2 56 78 84 154 183 202 203 270
55 53 61 78 97 155 162 164 234 271
55 24 139 182 204 224 263 274 282
55 15 33 38 95 109 122 127 141
55 15 38 54 58 85 125 237 277
55 35 41 42 71 171 210 233
55 43 45 65 86 114 189 257
55 5 77 130 150 161 282 292
55 60 121 128 161 186 196 266
55 6 56 65 110 218 261
55 92 108 154 170 220 250
55 39 42 85 274 281 282
55 14 33 69 144 223
55 8 43 122 278 288
55 64 70 156 189 285
55 27 39 57 82 215
55 87 130 149 232 242
55 11 177 233 264 271
55 12 164 275 293
55 64 105 209 286
55 15 70 197 269
55 96 261 266 273
55 72 79 232
56 21 49 53 61 152 154 193 204 218 241 248
56 3 20 78 86 109 191 194 238 242 268
56 81 82 105 125 197 210 236 254 255
56 55 80 132 160 174 191 221 283 296
56 106 115 118 137 160 196 220 299
56 10 14 135 180 188 192 193 236
56 80 96 147 195 245 273 288 299
56 1 16 26 46 53 83 103 233
56 223 227 247 250 255 267 286
56 22 88 151 155 174 202 220
56 68 98 109 222 235 245
56 184 185 203 221 244 268
56 3 58 161 187 252 253
56 40 121 151 163 177 211
56 30 89 136 214 265 298
56 2 32 63 65 78 281
56 26 146 204 238 293
56 21 22 210 270 274
56 58 84 101 200 209
56 19 100 126 181 202
56 29 131 180 249 250
56 111 207 224 280 285
56 71 88 89 169 230
56 72 200 246 248 273
56 153 181 225 268 286
56 72 85 159 217 244
56 60 83 131 132 256
56 21 22 176 198 234
56 66 97 203 251
56 74 164 196 272
56 5 129 189 223
56 13 252 276
56 47 64 107
56 176 245
57 15 68 78 80 88 133 164 166 168 191 196
57 4 8 13 59 97 111 120 133 134 280
57 12 25 37 59 120 139 164 237 240 263
57 12 19 28 72 86 108 109 190 221 231
57 47 64 77 90 133 153 182 204
57 21 67 141 158 185 188 217 243
57 37 115 136 154 159 171 205
57 87 159 197 216 258 267 288
57 30 123 157 231 234 283 291
57 12 71 151 154 157 200 254
57 50 99 191 195 212 267 278
57 23 44 46 47 98 128 149
57 18 29 89 94 189 192 195
57 12 71 128 194 220 223 287
57 119 156 173 277 279 297
57 92 108 113 140 200 247
57 78 99 107 171 245 252
57 26 68 94 131 191 275
57 9 59 76 104 108 226
57 96 139 150 215 240 280
57 5 22 35 168 260 289
57 48 74 94 108 165 274
57 83 106 162 171 214
57 94 225 226 264 273
57 47 54 59 234 237
57 120 163 182 289 293
57 12 36 131 132 238
57 21 51 85 210 238
57 17 19 96 144 276
57 160 165 178 233 273
57 0 43 254 267
57 45 267 282 289
57 2 87 153 287
57 87 126 195 297
57 37 48 145
58 16 51 56 75 79 92 96 118 127 284
58 29 52 81 166 186 193 194 222 247
58 54 63 117 158 168 181 193 243 247
58 91 137 153 181 189 229 230 290
58 37 57 74 91 135 211 222 282
58 25 27 45 84 111 135 240 278
58 38 104 131 174 188 201 264 265
58 136 159 160 229 265 283 295
58 11 113 138 149 174 178 215
58 41 46 54 88 130 197 288
58 17 30 83 196 236 239
58 5 166 184 208 271
58 53 86 92 172 299
58 20 21 99 161 203
58 29 56 160 286
58 117 138 152 254
58 53 154 200 288
58 40 56 145
58 24 216
58 27
58 240
59 61 78 108 115 174 197 240 254 264 276 297
59 8 39 41 71 84 124 140 144 147 165 286
59 33 95 112 135 173 227 237 246 285 293
59 53 54 99 143 158 159 178 192 245 271
59 12 38 75 79 149 194 223 265 268 277
59 10 38 92 125 133 134 145 213 244
59 69 84 114 129 147 156 174 247 264
59 3 25 64 181 204 212 230 249 266
59 41 74 147 206 230 239 250 270
59 9 116 129 143 214 223 240 292
59 14 21 48 111 131 230 242 250
59 11 56 65 80 101 106 120 280
59 2 76 88 130 162 207 208 265
59 13 53 63 75 186 200 209 264
59 29 62 93 97 119 129 150 219
59 4 7 35 68 71 108 176 281
59 4 44 91 112 121 195 234 246
59 38 50 64 142 217 279 287
59 15 65 81 136 148 224 299
59 15 16 66 163 206 260 299
59 44 69 129 220 246 247
59 5 61 100 216 230 250
59 0 184 213 266 272 277
59 16 76 90 126 129 171
59 42 105 117 120 152 232
59 2 94 132 138 160 195
59 91 140 158 252 260 287
59 19 157 178 185 193 252
59 131 148 187 204 215 221
59 15 34 106 158 262 288
59 34 52 120 157 222 239
59 31 79 104 147 200 263
59 79 88 215 216 260 262
59 97 174 200 215 270 275
59 6 111 164 168 183
59 97 129 243 248
59 187 259 286 298
59 35 59 175 216
59 57 175 255
59 66 259 296
59 21 84 102
59 104 124 202
59 44 113 168
59 112 235
60 10 25 41 74 76 90 101 164 177 185 190 265
60 0 12 31 47 72 130 155 188 264 280 288
60 35 55 95 127 136 156 162 196 197 258 263
60 40 41 53 85 109 110 173 176 181 253
60 5 17 49 134 156 224 289 295 296
60 28 60 80 83 176 205 245 264
60 93 95 113 117 192 208 259 262
60 4 62 88 157 158 179 229 280
60 0 7 206 226 235 268 294
60 34 109 132 137 159 162 262
60 8 113 125 131 182 259 290
60 1 7 80 91 226 233 266
60 25 27 45 71 131 159 241
60 104 162 189 204 218 268 270
60 14 89 95 143 163 168 251
60 51 61 63 161 177 204
60 12 132 220 240 251
60 85 89 100 193 256
60 51 133 144 163
60 9 113 193 227
60 29 62 106 180
60 30 74 101 286
60 7 127 222 226
60 0 30 39 58
60 147 234
60 250
61 7 9 29 71 144 158 159 164 169 185 216 243 250 263
61 43 48 59 76 82 119 156 227 270 291 294
61 22 43 67 68 129 242 250 254 273
61 43 203 206 212 215 225 230 276 298
61 62 84 120 129 139 181 192 216 247
61 31 38 99 127 138 148 250 278
61 40 72 84 120 133 157 200 287
61 37 45 63 65 73 91 139 260
61 134 169 193 233 255 286 288 296
61 77 90 96 121 132 182 220 292
61 14 30 54 102 166 192 215
61 18 24 50 68 117 199 218
61 80 86 114 141 175 177 212
61 16 99 112 137 152 250 275
61 19 21 103 107 191 214 231
61 13 58 88 134 238 243 270
61 101 102 152 200 278 282 289
61 10 31 55 62 127 182 277
61 65 72 87 171 196 231
61 45 54 81 90 150 157
61 11 140 175 241 258 262
61 5 6 174 196 276 286
61 19 220 243 245
61 36 46 159 266
61 21 50 133 148
61 173 221 254 298
61 103 111 263
61 25 31 142
61 186 285
61 58 139
62 16 17 75 96 97 101 152 170 178 180 198 219 226 230 243 251 281
62 45 68 84 137 148 154 213 222 224 242 251 299
62 7 24 70 76 78 110 182 218 269 270
62 7 23 27 48 50 95 198 261 271 288
62 11 40 50 90 159 192 218 258 263
62 56 64 70 118 145 213 260 270 271
62 0 28 48 209 227 239 252 265
62 26 58 106 107 129 156 211 268
62 12 33 35 61 64 107 147 206
62 31 90 105 175 217 218 234 263
62 1 68 74 114 147 227 255 278
62 31 111 134 153 166 234 244
62 60 111 164 226 234 243
62 21 132 138 217 242 244
62 23 30 40 134 144 278
62 63 170 177 223 236
62 54 69 177 263 276
62 34 44 66 130 173
62 138 165 213 245 252
62 20 50 214 218 226
62 136 193 210 248 281
62 95 150 213 237 268
62 44 52 56 298
62 80 92 199 208
62 174 186 224 293
62 3 103 165 208
62 110 251 283
62 26 241 282
62 114 231
62 195 218
63 16 72 82 99 110 147 183 188 193 199 219 246 253
63 37 57 66 111 120 128 134 136 137 141 156 177
63 46 73 98 114 130 131 161 168 197 203 255
63 2 23 87 107 153 206 207 212 230 244 275
63 16 57 79 86 97 148 152 172 233 252 284
63 37 52 84 87 176 184 222 224 242 278
63 18 44 85 94 131 169 186 204 256
63 64 71 85 95 123 171 175 274
63 58 65 83 130 163 166 216 250
63 71 73 154 160 183 199 271 285
63 108 170 182 226 247 261 295
63 16 65 84 123 187 249 267
63 55 135 147 202 223 234 249
63 166 169 222 236 249 263 280
63 68 87 110 139 143 199
63 4 67 233 272 292 299
63 2 54 116 132 206 294
63 9 15 23 72 283
63 55 123 151 164 294
63 128 130 186 200 211
63 64 122 178 185 244
63 74 82 215 268
63 121 208 233
63 68 152 268
63 79 97 107
63 33 152 193
63 46 116 242
64 52 77 79 94 156 184 199 216 217 247 251 253 278
64 84 99 129 144 164 170 172 173 211 229 246 287
64 31 51 84 85 93 139 170 174 209 245
64 85 155 176 181 206 213 216 232 252 283
64 1 29 32 53 69 86 177 182 222
64 16 59 62 72 102 124 159 161 263
64 41 61 118 166 203 236 255 293 298
64 66 125 138 181 187 198 244 281
64 0 209 215 232 250 253 292
64 62 142 167 228 275 288
64 40 54 88 108 206 257
64 157 201 202 223 224 288
64 20 89 112 137 200 296
64 12 82 148 181 226
64 28 40 100 170 293
64 81 96 166 213
64 15 203 217 229
64 21 24 58 201
64 32 40 63 254
64 123 169 232 260
64 151 197 206 253
64 32 71 263
64 15 76 296
64 102 291
65 1 11 43 83 84 93 103 114 124 151 170 250
65 12 23 42 51 117 122 161 166 173 223 262
65 26 67 68 110 145 156 164 181 203 224 280
65 49 85 154 159 163 195 198 201 238 288
65 20 149 165 186 202 212 268 276 278
65 69 76 144 153 160 216 246 266
65 8 137 199 212 260 273 274 283
65 24 65 102 107 213 276 278 291
65 10 66 119 172 201 211 228
65 48 80 82 126 193 273 279
65 78 88 153 191 211 277 296
65 0 18 37 126 146 156 251
65 34 70 74 114 125 247 298
65 15 33 124 190 204 217 266
65 24 83 106 116 175 195 259
65 8 64 73 80 158 268
65 24 100 127 192 256 259
65 2 16 40 78 232 251
65 39 127 182 196 213 225
65 42 80 110 142 230 243
65 36 109 238 260 269
65 20 74 107 184 285
65 7 34 78 100 111
65 6 130 148 225 291
65 167 234 250
65 110
66 32 42 52 70 93 95 107 218 259 290 297
66 24 138 149 160 178 192 217 233 264 274
66 94 109 135 171 189 191 194 243 253 297
66 96 102 153 168 211 237 261 293
66 24 72 123 159 185 264 268 283
66 23 39 60 104 236 264 292
66 23 49 58 150 179 185 277
66 38 71 73 101 143 159 194
66 53 67 84 127 132 166 276
66 21 100 107 142 149 209
66 52 66 98 141 240 286
66 25 100 103 142 195 229
66 2 64 213 242 257 268
66 56 73 94 110 236 239
66 66 106 158 250 256 257
66 73 119 152 155 167 192
66 48 100 123 146 153
66 11 49 256 260 298
66 25 136 143 240 245
66 34 125 166 221 224
66 40 79 82 87 283
66 215 235 241 281 295
66 37 41 63 153
66 38 96 205 293
66 124 202 280
67 1 17 58 65 69 71 153 171 253 278
67 0 2 26 90 119 158 189 205 236
67 24 41 51 100 145 148 204 229 291
67 60 180 182 195 219 227 262 289
67 16 113 117 156 210 229 251 296
67 12 100 139 142 165 260 293 298
67 38 91 95 119 159 200 265 286
67 63 88 153 166 173 249 272
67 15 115 123 138 143 226 229
67 13 84 203 205 215 268 274
67 27 108 223 249 255 260 266
67 10 80 190 201 220 253 264
67 1 3 65 80 160 193 211
67 50 97 173 224 260 284
67 74 163 187 220 245 281
67 73 136 146 181 205 253
67 139 154 172 235 237 285
67 73 115 129 150 178 180
67 28 158 177 264 270
67 42 127 185 243 254
67 7 103 173 229 289
67 52 89 121 197
67 24 92 234 236
67 65 81 183 249
67 167 195 214
67 0 25
67 133 190
67 227 244
68 3 17 30 47 70 78 116 119 181 295
68 25 29 83 86 125 128 151 216 257 291
68 49 97 114 169 187 239 242 265 271
68 37 46 58 196 210 221 241 244 299
68 23 68 101 132 207 214 224 258 289
68 13 40 75 126 154 202 232 275
68 25 123 133 171 219 222 292
68 20 85 99 172 187 260 275
68 6 12 55 82 178 205 206
68 45 130 180 236 252 272
68 5 61 94 143 176 202
68 66 67 69 114 192 299
68 66 72 115 217 253 263
68 7 23 28 37 102 127
68 107 111 201 207 256
68 71 188 219 254 255
68 62 87 105 166 215
68 6 26 32 43 117
68 106 183 209 210 269
68 4 155 156 201 214
68 73 231 243 280
68 50 171 201 218
68 47 150 252 279
68 141 158 172 202
68 3 177 186 233
68 20 120 153 197
68 23 130 139 187
68 33 125 135
68 14 78 145
68 81 248
68 40 64
68 15 270
68 159
69 58 59 166 171 183 186 187 189 211 239 255
69 11 18 111 116 125 149 163 219 284 287
69 79 164 168 201 207 218 222 230
69 70 74 82 127 132 146 167 234
69 2 74 93 121 137 156 201 276
69 7 19 61 75 94 165 183 244
69 47 54 65 87 94 136 256
69 42 116 166 203 273 295 297
69 111 160 202 214 219 281 291
69 24 71 113 140 143 174 210
69 17 90 104 125 141 223
69 43 48 75 248 284
69 53 113 183 260
69 35 135 146 268
69 8 9 116 231
69 39 58 157 263
69 96 107 261 294
69 70 101 151 161
69 14 94 106 230
69 83 230 265
69 150 156 170
69 207 208 296
69 74 215
69 38 97
70 9 39 74 112 156 171 172 174 277 279 287
70 7 13 57 152 156 166 176 201 265 268
70 12 15 32 73 96 131 146 160 261 291
70 12 24 39 44 65 82 84 208 245 254
70 12 22 32 40 42 129 139 238 247 272
70 34 100 102 138 149 152 194 252 268
70 69 193 227 238 242 262 280 290
70 11 34 149 174 199 261 271 282
70 97 99 118 132 145 155 198 279
70 7 14 76 78 97 172 175 290
70 3 41 47 163 214 244 285 295
70 37 81 94 153 174 176 213 223
70 32 34 35 102 106 137 154 252
70 29 58 109 139 267 278 284
70 55 67 68 180 181 259 277
70 17 82 108 159 220 256 276
70 7 20 173 176 183 189 200
70 26 28 37 68 106 120 244
70 20 90 147 149 211 213
70 10 28 43 134 252 289
70 36 116 183 232 259 275
70 85 101 109 156 224 235
70 38 100 104 113 250 293
70 18 28 60 108 201 247
70 39 61 122 131 148 246
70 4 66 180 198 278 293
70 1 46 110 139 248
70 35 75 169 170 273
70 9 178 221 275 291
70 94 153 155 229 251
70 5 13 74 135 268
70 14 39 164 165
70 105 184 248 252
70 64 84 185 242
70 108 203 246 269
70 34 66 163 223
70 87 145 193 203
70 46 126 226
70 179 196
71 2 90 99 100 126 153 179 193 245 262 274
71 29 59 60 78 91 102 103 201 216 278
71 20 72 100 115 127 132 161 170 241
71 68 81 99 114 137 156 157 187 287
71 1 133 149 158 194 198 209 276 299
71 2 22 43 50 102 109 138 227 284
71 77 142 147 181 190 204 253 288
71 61 79 122 201 212 222 242 270
71 16 45 125 196 236 262 267
71 81 89 112 130 191 245 265
71 141 195 205 207 208 217 251
71 29 78 99 149 197 211 295
71 64 99 107 163 225 230 279
71 10 55 97 186 217 265
71 26 34 98 160 212 247
71 75 120 127 231 237 277
71 7 31 62 66 197
71 34 87 92 189 287
71 58 146 173 206 288
71 31 75 88 104 181
71 16 28 32 98 285
71 99 129 159 169 299
71 40 50 73 172 262
71 27 50 77 104
71 103 132 235 296
71 118 130 177 217
71 56 86 168 244
71 240 245 259 278
71 75 102 198 293
71 130 142 158 297
71 55 76 99 276
71 4 213 271
71 7 11 147
71 36 61 165
71 145 285
72 1 17 31 72 104 128 147 161 174 197 207 222 262
72 23 75 79 113 116 181 198 204 246 275 276
72 13 56 133 149 163 166 186 219 224 268 281
72 1 21 51 75 99 143 156 172 246 262
72 10 53 58 85 154 175 194 243 248
72 14 80 140 147 234 272 277 288
72 37 44 111 116 153 177 195 232
72 64 149 159 161 166 260 282 287
72 16 18 49 128 154 171 226
72 7 8 133 141 237 260 263
72 61 100 117 135 145 146 212
72 70 77 78 154 176 245 273
72 75 124 156 179 223 269
72 34 128 151 168 241 254
72 19 121 161 210 252
72 12 40 69 114 211
72 55 78 175 188 211
72 119 179 216 284
72 17 71 119 286
72 9 33 93 241
72 195 240 291
73 15 54 65 66 118 176 183 202 215 242 252 259 269
73 14 33 42 98 128 142 169 174 282
73 10 18 44 104 123 213 218 252 267
73 21 92 194 196 218 246 257 283
73 12 13 18 57 71 93 126 249
73 29 136 168 170 270 271 287
73 53 65 87 94 115 276 279
73 31 43 56 117 134 145 162
73 10 71 90 120 187 265 276
73 47 81 92 106 172 224
73 84 164 253 259 285
73 24 107 150 177 185
73 17 72 97 116 129
73 18 36 95 210 278
73 41 49 113 231
73 40 148 263 268
73 55 80 93 150
73 1 51 151 259
73 63 78 114 295
73 65 87 160 255
73 31 85 90 146
73 7 67 207
73 56 277
73 57
74 7 23 49 67 77 102 133 138 159 176 179 225 234 251 290
74 0 99 108 146 152 159 165 174 203 254
74 100 126 150 193 211 216 218 284 292
74 5 44 45 70 125 172 211 222 249
74 26 69 130 157 165 226 236 268 282
74 2 110 144 162 211 256 265 276 281
74 32 66 106 166 179 216 220 232
74 7 54 109 180 219 233 275 296
74 9 12 28 62 96 231 248 249
74 6 60 139 208 212 221 256 280
74 26 56 64 72 172 191 220
74 35 67 133 136 220 269 289
74 35 45 84 119 120 193 290
74 30 32 34 111 158 215 259
74 5 14 146 148 158 210 225
74 16 19 70 93 200 270
74 36 42 105 133 230 273
74 16 98 152 221 231 268
74 17 60 158 263 277 281
74 103 108 148 160 286 294
74 81 134 157 178 276
74 27 102 115 209 228
74 77 184 222 223 237
74 38 89 114 143 246
74 178 203 233 238
74 36 114 166 206
74 180 261 273
74 218
75 1 10 21 25 79 86 99 106 114 126 180 253 254 298
75 17 20 59 140 149 175 205 239 291 299
75 28 37 53 76 110 148 159 236 295
75 46 48 107 190 224 259 270 275 294
75 39 48 67 134 146 199 237 286
75 1 117 134 150 160 186 229
75 13 34 94 161 248 257 262
75 12 85 99 127 227 250 297
75 43 109 110 139 208 211 293
75 58 136 180 207 252 266 279
75 49 82 106 157 232 235 240
75 56 62 197 208 234 255
75 46 70 177 238 247 282
75 43 120 122 123 185 299
75 29 34 89 175 187 260
75 29 46 73 112 140 227
75 27 53 111 225 277 299
75 28 119 205 217 222 262
75 30 154 208 241 242 291
75 59 88 107 158 174 234
75 37 39 50 150 178
75 8 39 68 219 262
75 22 42 52 126 195
75 6 37 172 266 283
75 59 70 263 277
75 26 171 241 264
75 198 231 266 287
75 5 32 179 257
75 19 61 245 251
75 40 141 191 232
75 36 121 133 292
75 151 218 251
75 150 251 292
75 145 204 243
75 58 151 278
75 76 196
75 136 277
76 56 89 127 132 146 152 178 227 241 259 261 290
76 155 157 186 192 212 224 246 277 283 289
76 13 37 45 57 68 85 128 222 243 298
76 23 108 143 176 179 182 266 280
76 15 22 63 66 91 159 205 221
76 3 29 62 105 181 250 253
76 21 101 116 158 200 203 267
76 8 41 49 80 104 165 229
76 21 23 110 172 194 231 237
76 35 43 91 130 259 293
76 5 13 27 48 148 228
76 50 64 156 209 234 290
76 66 126 133 154 194 252
76 116 160 163 170 235 278
76 49 65 110 167 263
76 122 145 171 175 283
76 202 210 222 255
76 204 240 252 266
76 20 57 233 282
76 50 120 167 290
76 80 101 239 269
76 211 290 296
76 237 250 277
76 93 175 213
76 1 125 249
76 92 174 175
76 93 173 215
77 63 71 81 95 108 133 135 226 237 242 254 255 256 277 297
77 3 12 38 39 53 54 81 165 260 277
77 55 67 91 138 206 217 227 267 293
77 19 104 107 135 144 170 189 195 255
77 66 85 126 132 153 166 216 248 286
77 26 31 74 88 173 212 228 269 286
77 20 53 76 83 86 112 149 177 260
77 18 28 74 105 157 173 219 237 287
77 27 56 85 93 108 129 182 213
77 34 42 45 68 69 131 268
77 19 90 96 106 199 216 249
77 50 60 95 111 151 195 233
77 12 106 133 143 182 242 276
77 27 92 107 136 138 244
77 9 74 94 117 215 242
77 38 108 117 210 257
77 137 154 244 255 256
77 110 146 187 228 274
77 28 165 203 297
77 52 121 150 188
77 47 91 102 261
77 4 58 120
77 39 274 275
77 123 172
77 57 102
77 6 156
77 23 88
78 0 34 86 96 126 146 168 176 192
78 5 109 135 141 178 208 209 274 299
78 10 22 59 145 162 206 211 266
78 36 77 94 150 202 227 264
78 20 34 60 154 287 288 294
78 57 112 118 223 239 274 287
78 18 78 145 170 185 237 252
78 17 139 158 170 230 238 258
78 90 120 130 205 229 243 245
78 19 23 95 102 104 110 272
78 90 105 112 137 200 244 297
78 30 44 50 74 138 228
78 46 69 91 180 195 291
78 11 54 74 87 109 248
78 10 19 97 132 170 270
78 84 160 178 226 263 289
78 3 58 65 176 218 261
78 49 51 121 124 285
78 120 145 166 193 229
78 3 82 234 257 299
78 30 158 197 268 292
78 46 93 201 222 279
78 1 85 103 129 215
78 178 238 279 288
78 3 97 272 277
78 41 192 233 240
78 14 81 183 192
78 66 194 210
78 75 150 219
78 2 51 62
78 85
79 13 53 56 76 92 93 108 145 146 167 178 191 254
79 21 45 49 68 79 88 110 173 223 258 277
79 22 84 95 166 182 187 196 226 258
79 57 98 158 184 203 207 237 241 269
79 17 100 102 105 164 254 262 269
79 29 55 63 133 146 188 228 295
79 37 85 93 120 149 278 284
79 4 45 47 89 107 159 181
79 23 60 85 179 230 283 299
79 10 58 127 149 200 228 285
79 8 34 111 120 179 218 284
79 82 97 100 147 232 282
79 5 180 187 214 246 273
79 53 101 103 195 239 276
79 31 34 77 121 211 239
79 46 51 52 77 263 295
79 9 13 72 190 226 298
79 36 82 129 149 260 286
79 35 183 203 209 211
79 102 115 150 275 284
79 78 175 235 238 292
79 36 139 151 174 273
79 67 75 87 260 294
79 73 124 156 165 171
79 41 69 202 249
79 117 135 201 210
79 41 132 224
79 86 246 253
79 130 198 256
79 52 79 151
79 169 280 286
80 66 69 126 143 158 206 224 229 267 291
80 4 28 99 122 125 127 166 173 177 187
80 39 95 147 159 163 165 214 234 258
80 67 99 144 152 167 240 259 290 294
80 33 51 69 91 116 119 185 198 292
80 126 135 184 192 208 212 232 260
80 11 27 101 125 196 218 232 260
80 157 162 165 184 194 207 223 251
80 49 55 95 167 221 237 240
80 25 101 123 210 231 278 298
80 26 99 128 189 240 276 299
80 17 48 64 166 186 200
80 5 61 78 106 114 187
80 26 49 67 81 167 290
80 0 66 197 276 278 285
80 60 131 159 226 238 263
80 92 138 187 244 253 275
80 165 189 196 220 279
80 25 85 91 151 230
80 23 95 96 192 251
80 60 204 224 287 288
80 41 79 98 131 211
80 21 53 67 183 217
80 22 109 182 272 282
80 14 31 82 147 280
80 65 95 171 248
80 104 150 263
80 65 113 265
81 84 131 169 193 214 261 272 279 285 292 299
81 12 27 29 54 55 68 134 236 243 279 282
81 45 57 87 146 151 161 166 169 263
81 49 75 121 128 180 195 204 226 273
81 84 106 145 187 206 208 247 283 298
81 59 68 91 105 158 228 249 253 266
81 12 42 57 103 144 157 193 293
81 48 60 119 142 147 180 208 233
81 36 77 95 100 151 195 241 260
81 33 40 84 85 189 192 213 237
81 24 79 83 148 180 205 223
81 10 84 98 120 262 288 299
81 77 78 98 113 117 235
81 45 186 187 225 293 298
81 16 66 80 122 216 248
81 80 169 175 251 290 296
81 33 69 134 146 225 267
81 37 46 57 63 142 231
81 10 15 30 124 155
81 17 39 47 233
81 65 169 185 218
81 151 172 214 234
81 186 239 257 261
81 106 208 209 223
81 31 87 184
81 99 212 217
81 80 133 242
81 155 171 226
81 3 49
82 94 116 139 144 147 153 159 166 188 217 263 291
82 27 33 65 93 138 152 156 172 188 207
82 54 75 103 159 181 236 243 247 259
82 3 40 67 79 105 109 111 172 294
82 27 33 108 119 130 137 143 279
82 32 69 149 160 175 182 207 247
82 8 10 55 71 137 284 297
82 52 108 167 174 205 282 291
82 12 26 41 58 116 139 154
82 24 115 148 241 270 278
82 12 23 56 89 235 240
82 69 81 206 239 247 249
82 53 75 113 119 255 280
82 22 49 181 202 224
82 23 38 147 185 199
82 48 72 128 239 295
82 19 78 98 163 218
82 81 115 227 270 298
82 45 136 200 244
82 19 112 188 204
82 68 143 207 224
82 175 200 258 289
82 132 150 270
82 115 263 290
82 14 113 212
82 267
83 19 43 57 61 107 129 136 161 163 184 219 222 237
83 8 36 67 74 83 102 145 200 225 231 265
83 18 37 66 121 176 186 190 198 246
83 20 55 72 108 165 228 268 296 299
83 42 59 87 106 120 145 234 279
83 9 59 83 149 158 212 260 277
83 45 60 163 222 224 256 277
83 38 53 153 192 237 255
83 121 124 132 209 252 282
83 27 35 76 94 117 261
83 19 80 103 154 185 295
83 67 89 127 179 282 295
83 14 55 142 144 261
83 86 180 190 228
83 43 63 200 237
83 15 119 145 172
83 72 74 152 285
83 19 208 238 278
83 68 206 299
83 110 116 207
83 90 174 178
83 47 216 253
83 106 109
83 172
84 43 45 67 68 71 122 151 158 276
84 3 33 93 137 167 204 224 242
84 23 42 117 122 215 239 249 269
84 89 168 170 171 180 189 207 234
84 66 85 197 217 248 254 274
84 16 56 67 70 107 179 254
84 9 58 69 104 115 144 183
84 74 115 172 189 205 279 289
84 59 122 145 160 229 239 252
84 15 171 214 219 271 290 294
84 135 160 219 230 235 257
84 33 34 51 54 96 112
84 31 51 83 137 199 212
84 0 32 82 129 254 259
84 41 125 145 153 154 251
84 90 93 103 114 253
84 40 45 168 173 178
84 17 44 48 219 273
84 5 15 126 278
84 13 143 202
84 13 45 141
84 72 172 290
84 12 286 294
84 11 62 201
84 45 141 195
84 281 292
85 32 71 137 149 202 273 282 283 287
85 15 16 57 118 180 184 192 204 257
85 20 90 93 98 116 145 180 189 277
85 18 83 94 149 151 189 219 277 288
85 28 93 108 130 185 203 237 251
85 30 86 103 134 211 236 275 284
85 28 57 74 148 248 249 290
85 3 6 54 105 119 238 271
85 10 18 31 64 118 229 282
85 0 82 108 179 201 206 220
85 164 178 186 234 257 279
85 57 118 157 172 227 249
85 26 41 89 95 208 298
85 96 112 114 128 246 298
85 18 165 175 193 200 284
85 6 29 87 97 123 241
85 14 55 152 176 185 286
85 5 46 86 145 164 185
85 75 104 162 173 236
85 6 26 148 251 294
85 18 59 83 165 170
85 71 144 195 289
85 86 94 158 293
85 33 92 294 299
85 18 129 151 232
85 44 88 181
85 163 220
85 108 152
85 20 265
86 66 73 90 109 143 168 200 204 256 290
86 67 76 83 95 97 107 163 256 261 285
86 3 56 60 77 174 229 255 265 268 277
86 20 93 117 120 188 211 225 283 287
86 76 104 122 137 203 207 230 256
86 50 112 120 154 273 276 278 292
86 2 9 39 69 78 154 183 203
86 33 43 51 71 184 225 261 265
86 66 82 127 134 196 248 251
86 7 37 108 126 190 254 279
86 38 45 46 144 255 279 293
86 9 22 27 71 73 164 299
86 9 63 83 199 216 229 287
86 74 99 133 146 245 279
86 50 82 92 122 159 294
86 5 134 140 197 198 237
86 2 48 59 86 241 281
86 12 71 153 247 278 284
86 11 104 113 192 215
86 26 36 140 171 188
86 34 58 93 110 142
86 61 102 189 209 235
86 23 98 123 238 247
86 0 95 133 151 193
86 35 169 230 247
86 31 83 141 184
86 47 160 172 208
86 128 205 263 282
86 141 244 288 296
86 111 145 240 257
86 47 128 137 241
86 26 107 166 175
86 42 71 107 223
86 93 94 170
86 103 284
86 105
87 62 64 84 104 143 180 201 256
87 11 12 18 81 187 201 235 247
87 72 97 108 171 196 242 253
87 34 60 68 106 145 249 296
87 77 98 194 203 248 251 288
87 65 77 113 158 173 176 268
87 81 108 153 259 271 281
87 30 116 163 172 179 198
87 62 114 147 174 182 191
87 54 55 192 215 261 269
87 13 40 43 58 114 208
87 37 46 111 167 231 272
87 76 118 156 175 198
87 64 182 229 255 283
87 108 116 122 165 246
87 36 47 216 248 272
87 35 40 173 198 263
87 121 201 214 229 254
87 59 60 120 185 271
87 19 178 192 217 264
87 55 166 178 258
87 14 17 38 66
87 22 134 144 168
87 81 225 259
87 53 85 191
87 68 94 156
87 246 250 274
87 57 103 156
87 17 207 276
87 112 152
87 192 238
87 186 288
88 16 74 108 121 166 188 204 209 211 270 275 289 291
88 37 58 96 105 130 139 144 169 198 237 242
88 12 36 66 87 108 111 131 151 152 254 296
88 4 39 70 140 149 163 178 181 275
88 32 82 108 140 143 174 217 268 299
88 7 28 30 86 106 147 177 192 232
88 39 60 104 137 171 281 282 286 299
88 7 29 85 93 139 167 231 238 256
88 70 78 119 159 230 239 244 278
88 138 176 216 223 275 277 286
88 23 105 113 167 229 230 299
88 75 94 136 173 188 250 277
88 27 142 201 204 249 262 291
88 7 62 220 227 260 297
88 21 130 197 214 237 289
88 30 85 104 118 189 260
88 8 15 29 49 66 282
88 6 48 178 237 241 261
88 12 33 56 64 232 295
88 0 13 96 158 250 295
88 24 162 237 239 293
88 2 44 143 251 274
88 10 37 40 157 171
88 30 88 116 175 187
88 71 113 184 189 296
88 40 86 97 109
88 35 99 257 268
88 7 23 149 277
88 108 153 173 203
88 76 127 190 225
88 4 28 75 224
88 38 42 97 258
88 44 88 258 272
88 141 293
88 48
89 45 70 140 148 156 201 213 247 273 274
89 124 134 156 209 214 216 263 270 273 293
89 71 77 114 141 188 196 243 254 276
89 46 96 109 113 127 153 172 260
89 19 54 130 149 150 173 269 274
89 21 24 99 116 121 169 175 214
89 16 43 101 157 221 284 285
89 12 16 89 108 111 186 252
89 83 90 165 168 240 253 257
89 112 162 224 231 249 276 293
89 4 5 61 132 252 253 279
89 3 50 154 176 179 244
89 41 51 75 150 272 275
89 11 49 115 125 255 296
89 4 11 18 19 58 97
89 115 201 211 221 254
89 19 189 199 235 255
89 0 1 53 79 173
89 89 209 230 235 257
89 50 57 58 180 267
89 25 54 60 71 224
89 157 166 273 274
89 77 113 172 247
89 108 170 187 267
89 0 27 146 224
89 73 260 278
89 33 148 195
90 5 50 64 78 92 145 170 188 200 210 242 258 282
90 27 99 114 160 181 229 250 253 287 289
90 19 40 101 113 125 147 174 211 257
90 77 80 84 252 264 278 293
90 40 72 130 133 136 251 278
90 18 26 50 53 146 244 250
90 13 29 54 107 212 249 255
90 4 106 139 213 235 247 292
90 70 73 80 120 141 203 294
90 52 87 105 110 169 182
90 20 43 131 226 240 281
90 60 65 123 126 158 277
90 3 37 103 136 153 187
90 22 69 169 242 260 269
90 84 100 145 181 189 295
90 34 64 66 229 280
90 27 69 73 77
90 20 112 186 208
90 11 192 194 250
90 112 162 226 233
90 13 143 162 234
90 119 165 197 261
90 35 48 153
90 173 177 257
90 89 134 210
90 4 19 27
90 52
91 103 156 173 181 199 207 213 221 223 283
91 21 57 78 95 112 152 155 257 261 266
91 45 114 169 176 186 216 229 230 285
91 55 60 85 95 103 109 166 221 279
91 10 104 142 173 201 213 215 217 276
91 42 81 91 129 130 165 250 267
91 13 16 44 77 131 134 245 289
91 1 19 96 160 173 190 255 262
91 15 40 61 82 129 188 223 235
91 21 26 114 141 199 206 208 264
91 44 98 113 149 164 182 292
91 20 67 80 111 171 194 261
91 53 136 157 172 236 249 257
91 59 91 124 154 173 228 273
91 3 64 88 108 185 196 255
91 36 46 47 164 208 242 274
91 1 60 188 234 277 290 298
91 9 31 68 136 156 253 284
91 2 59 71 83 152 177 241
91 94 97 109 114 196 197
91 15 57 59 89 243 257
91 23 114 146 237 263 284
91 23 65 159 179 221 283
91 35 47 79 157 252 295
91 33 67 120 201 289
91 30 34 49 230 231
91 12 135 182 225 238
91 43 195 196 251 286
91 3 140 265 268 299
91 59 90 110 194 233
91 27 38 49 58 184
91 0 16 17 177 183
91 2 9 39 275
91 175 180 186 240
91 24 145 154 235
91 52 107 179 266
91 238 254 273 288
91 45 107 130 258
91 21 119 214
91 13 60 231
91 126 216
92 39 118 136 151 160 161 200 219 239 249
92 24 31 129 131 151 158 205 226 240 291
92 4 55 61 80 106 119 141 207 271
92 27 130 138 145 148 184 193 242 257
92 35 48 68 123 124 206 224 292
92 23 33 95 103 127 187 227
92 11 66 73 120 144 173 246
92 7 10 175 188 238 248 265
92 2 106 107 157 231 242 279
92 89 124 128 132 158 232 287
92 4 31 145 263 273 298
92 137 143 168 170 205 265
92 19 36 42 63 166 187
92 38 67 68 228 286 299
92 11 22 73 89 119 249
92 23 70 98 165 198
92 30 151 180 215 285
92 36 113 212 245 293
92 55 78 173 191 223
92 2 17 69 108 214
92 46 54 221 277
92 2 128 222 290
92 223 229 245 276
92 21 87 144
92 0 168
92 23 275
92 181 204
92 16 270
93 52 76 106 118 149 181 237 242 252 263 276
93 44 91 126 134 173 185 194 195 237 267
93 0 5 14 17 20 43 69 90 112 273
93 23 33 74 75 97 117 131 221 279
93 7 61 81 121 147 160 165 177 284
93 78 87 96 114 123 182 247 268
93 51 121 127 128 265 279 289 294
93 28 44 64 77 154 176 236 290
93 13 105 111 122 138 158 181 200
93 25 27 63 80 224 275 295
93 35 42 50 85 191 201 296
93 26 36 111 139 154 155 181
93 25 41 49 63 106 281
93 42 47 186 193 199
93 72 111 186 191 196
93 29 41 65 123 279
93 0 100 240 254 265
93 56 118 203 206 271
93 81 140 164 171 175
93 147 148 210 257 296
93 29 69 106 216
93 5 148 154 297
93 19 206 230 269
93 114 177 223 248
93 35 191 231 263
93 141 150 155 192
93 46 289 291
93 13 150 200
93 23 192 194
93 98 145 159
93 84 205 253
93 165 214
93 113
94 2 34 42 65 67 81 189 197 213 226 230 252 270
94 1 3 7 81 83 105 163 171 185 216 234
94 25 54 72 86 110 135 173 254 282 284
94 38 62 64 72 139 152 168 187 188 258
94 51 62 82 99 202 238 247 287
94 10 32 77 99 106 131 288 297
94 9 25 47 102 117 175 178 237
94 31 35 161 212 217 240 250 299
94 11 72 136 146 162 180 219 276
94 27 104 117 147 165 215 244
94 15 52 175 230 262 279
94 7 111 115 118 174 284
94 0 20 62 172 216 217
94 45 127 175 181 207 267
94 63 78 95 193 249 260
94 155 204 232 241 250 282
94 52 136 163 197 199 218
94 11 120 206 217 240 283
94 64 158 278 280 283 291
94 34 123 137 147 156 188
94 47 108 174 230 291
94 65 125 226 235 237
94 18 23 58 77 180
94 43 85 211 292
94 94 165 202 233
94 57 100 239 276
94 3 123 219 267
94 64 91 270
94 134 189 270
95 15 29 32 43 49 98 112 169 193 261 265 291
95 63 91 99 110 167 209 220 250 277 287 293
95 13 28 34 39 72 163 192 205 270
95 41 47 62 63 131 284 293 295
95 14 42 53 93 112 133 179 232
95 44 73 89 124 132 150 201 277
95 22 48 63 86 109 120 161 179
95 17 20 24 51 87 143 187 211
95 30 41 58 77 135 151 199 291
95 66 96 122 177 232 259
95 0 101 167 229 250 256
95 24 201 220 276 279 297
95 132 168 229 272 277
95 82 105 261 280 289
95 14 52 129 135 278
95 75 97 104 107 218
95 63 176 223 299
95 22 33 41 240
95 5 85 249 264
95 59 95 202 242
95 109 159 238
95 102 232 257
95 114 129 279
95 161
96 4 7 45 55 72 76 123 133 175 182 219 298
96 6 13 28 35 36 104 129 167 229 277
96 22 55 58 102 161 179 181 197 235 291
96 27 44 46 55 76 181 236 288 291
96 190 211 216 217 236 259 289
96 44 108 144 162 223 246 272
96 36 81 171 186 241 287 296
96 71 143 153 253 262 265 278
96 73 115 149 285 289 293
96 52 122 132 171 279 289
96 33 100 151 165 258 266
96 12 98 116 151 163 181
96 85 156 165 190 193 291
96 12 17 51 78 102 272
96 58 65 189 225 255 258
96 4 37 39 64 126
96 8 13 20 242 290
96 83 224 229 256 288
96 16 26 206 212 257
96 12 32 49 160 244
96 103 120 121 261
96 76 81 196 280
96 150 176 259 260
96 64 76 170 251
96 10 64 188 239
96 90 233 248
96 2 98 192
96 102 107 241
97 4 34 45 59 72 76 80 87 151 166 225 275 290
97 8 77 79 81 82 150 158 170 177 230 237 256
97 11 48 63 64 95 102 135 206 236 240
97 6 51 89 102 107 208 210 222 242 275
97 17 42 47 107 172 178 263 264 281
97 118 156 158 181 237 284 294 296
97 12 22 37 115 159 165 167 248
97 11 47 50 66 97 216 223 247
97 20 146 153 164 166 187 295
97 63 96 107 143 144 181 254
97 37 121 176 187 190 200 210
97 74 125 129 165 169 172
97 27 81 86 134 165 262
97 92 104 145 151 188
97 14 59 145 211 295
97 27 32 113 122 234
97 58 74 109 137
97 29 64 174 264
97 64 140 141 144
97 53 152 245
97 34 38 96
97 2 54 253
97 174 270 291
97 183 242
97 151 196
97 221 252
98 60 61 70 105 128 159 167 223 279 299
98 16 61 110 155 168 213 225 248 269 295
98 10 81 85 94 140 198 233 252 278 295
98 111 141 142 168 192 255 274 291
98 37 58 125 210 213 254 270 286
98 0 8 10 24 131 165 176
98 3 39 113 123 136 229 274
98 13 29 57 108 125 190 211
98 12 90 141 169 175 204
98 40 81 168 176 178 201
98 3 86 99 137 197 292
98 183 188 212 230 245 248
98 12 21 53 146 152 263
98 54 79 113 211 223 263
98 7 21 38 94 97 132
98 121 147 211 214 261
98 0 2 60 117 238
98 128 145 166 243
98 48 62 133 255
98 11 233 267 297
98 25 41 144 229
98 51 191 221 242
98 41 112 197 277
98 65 74 246
98 144 215 285
98 39 203 239
98 3 137
98 95 128
98 67 114
99 2 31 86 87 98 99 148 200 211 241 254
99 54 85 87 123 169 174 227 266 269 282
99 27 56 92 94 100 188 202 204 230 263
99 32 64 109 112 134 168 173 214 262
99 1 45 46 48 88 163 172 207 269
99 1 11 16 69 118 174 216 247
99 25 35 43 48 62 170 232 262
99 61 91 100 128 155 198 203 232
99 0 23 34 116 150 155 167 244
99 25 63 104 109 200 241 244
99 22 31 71 83 121 131 214
99 13 36 93 148 169 290 293
99 62 99 168 210 244 295
99 43 145 206 276 283 294
99 13 35 77 156 161 172
99 6 62 134 262 282
99 68 241 261 271 282
99 198 212 255 265 289
99 9 29 66 159 222
99 144 206 223 234
99 47 182 211 277
99 142 260 293
99 101 249 296
99 40 213 244
99 29 182 267
99 120 167 199
99 103 210
99 200
100 9 18 33 61 143 145 163 191 208 228 242 286
100 5 68 76 81 97 102 160 210 252 263
100 37 58 71 91 147 157 208 214 256
100 41 117 134 145 149 187 245 270
100 56 106 108 124 136 224 257 288
100 33 105 119 203 207 246 254 264
100 52 81 113 125 145 231 249 293
100 26 65 80 96 106 154 212 294
100 23 26 68 103 120 165 213 262
100 79 130 150 225 254 281 291
100 16 66 104 117 188 192 209
100 20 88 95 175 278 289
100 174 180 223 230 250 277
100 178 197 204 224 226 238
100 0 8 17 38 178 285
100 43 178 190 228 251 265
100 17 60 64 174 176
100 38 63 135 264 274
100 45 71 80 98 202
100 77 96 228 240 268
100 21 64 222 230 273
100 64 154 164 239 265
100 40 156 176 226 234
100 38 70 147 222
100 107 166 254 281
100 63 65 98 150
100 8 101 137 277
100 58 88 97 233
100 111 134 183
100 14 38
