300 3000
1 12 33 69 72 80 81 87 148 157 171 186 209
1 1 20 33 38 44 46 83 148 212 262 266
1 52 79 126 204 225 231 248 286
1 2 38 81 93 138 168 235 294
1 5 11 32 55 67 82 254 256
1 12 18 72 193 234 268 284
1 22 24 34 38 68 76 210
1 81 92 158 172 192 266 286
1 20 94 127 145 162 196 210
1 5 85 170 176 209 298
1 8 84 223 254 256 266
1 10 37 93 125 151 271
1 38 51 184 229 238 295
1 47 140 151 161 169 222
1 21 142 161 173 274
1 52 170 172 176 216
1 9 16 132 285
1 4 45 52 263
1 38 40 85 110
1 9 71 116 287
1 108 287 298
1 73 104 145
2 30 68 98 102 107 115 149 169 190 259
2 3 24 38 81 158 193 216 219 231 245
2 9 119 132 138 156 185 219 237 260
2 3 57 92 140 148 160 181 253 278
2 52 102 129 132 171 193 202 234 264
2 51 57 58 153 163 191 272 276
2 10 15 18 108 139 156 285 296
2 15 23 77 80 94 133 203 235
2 60 97 131 145 245 269 289
2 28 54 139 159 188 215 257
2 99 127 132 161 194 201
2 2 76 146 189 241 293
2 18 67 189 210 218 242
2 4 38 138 178 190 266
2 119 180 181 241 273 278
2 75 183 210 242 270 276
2 38 61 68 155 232 238
2 15 34 132 167 189 247
2 44 136 151 202 259 291
2 127 150 244 250 285
2 92 102 156 214 287
2 20 47 78 185 244
2 65 119 167 173 259
2 29 65 154 248 296
2 105 113 167 202 203
2 50 147 184 257 295
2 59 66 156 204 227
2 14 96 134 183 232
2 55 57 92 139
2 70 82 219 228
2 61 82 106 275
2 171 196
2 59 276
2 34 160
2 195
3 15 17 22 67 72 74 112 114 157 172
3 33 52 60 115 139 145 162 169 223
3 17 101 149 195 199 206 215 272 279
3 74 76 78 82 135 170 180 190 248
3 43 54 58 120 139 158 182 253 260
3 0 10 68 96 145 156 161 224
3 35 49 88 170 193 251 276 278
3 8 23 31 55 147 200 267 290
3 4 33 105 148 185 219 243
3 18 63 69 152 182 228 276
3 79 103 106 131 141 225 286
3 99 119 155 181 185 236 266
3 35 131 203 246 249 282
3 19 66 139 182 183 296
3 2 125 155 213 218 225
3 52 65 78 97 109 168
3 53 77 139 151 270 274
3 46 72 79 135 195 208
3 0 2 31 142 248 274
3 34 90 111 151 210 215
3 29 114 121 166 239 285
3 56 76 173 217 236 251
3 24 51 78 235 297
3 136 188 207 226 229
3 14 21 45 281
3 22 30 45 96
3 52 220 273
3 37 45 96
3 43 130
3 33 197
4 21 54 71 95 121 153 251 252 254 258 274
4 27 30 88 118 135 203 206 232 272 281
4 40 80 82 130 147 189 218 236 263
4 13 26 105 148 198 205 223 229 271
4 108 148 178 182 240 246 261 295
4 65 80 128 142 202 209 240 293
4 2 92 159 177 178 234 246
4 113 124 150 170 185 230 273
4 1 16 40 52 68 196
4 22 23 34 88 149 221
4 68 71 118 166 220 221
4 84 110 136 200 221
4 42 70 75 94 114
4 13 19 68 95 211
4 0 91 112 120 227
4 42 122 178 179 218
4 4 70 191 211 239
4 39 121 262 268
4 106 109 137 271
4 56 61 238 273
4 49 61 104 236
4 37 151 291
4 41 129 219
4 81 160
4 103 140
4 65 144
4 17 90
5 20 23 31 53 127 130 149 187 197 266 268
5 15 67 70 91 139 154 182 266 271 290
5 41 50 79 94 110 138 217 252 293 296
5 58 140 169 178 196 207 225 250
5 33 37 48 53 85 93 165
5 57 64 107 116 220 262 265
5 76 164 196 207 220 261
5 42 65 85 240 294
5 49 79 226 260 299
5 25 77 153 154 223
5 61 167 169 177 183
5 29 102 158 212 228
5 45 138 211 233 251
5 87 88 155 267
5 197 209 239 261
5 89 106 114 191
5 109 174 254 258
5 35 130 188 233
5 30 47 97 299
5 28 84 218 270
5 185 211 295
5 2 152 177
5 12 281
5 266 283
5 130
5 205
6 14 21 27 82 102 104 112 116 145 147 173 186 214 272 280 293
6 56 92 128 154 164 178 186 221 230 261 288
6 11 23 82 92 111 133 144 170 177 209
6 14 23 33 42 43 79 97 161 259
6 42 100 127 146 183 184 199 226 274
6 23 29 75 90 92 101 114 191 192
6 9 28 52 214 248 263 275 295
6 7 10 19 65 117 186 219 296
6 31 53 78 128 155 166 255 281
6 82 83 90 134 150 247 280 285
6 36 59 88 93 171 177 206 257
6 13 68 71 128 155 170 193 197
6 51 103 189 217 226 249 297
6 3 58 127 214 224 243 255
6 15 52 70 93 101 120 161
6 3 56 104 105 235 237
6 7 44 63 71 175 181
6 15 57 110 214 244 275
6 33 236 263 286 292
6 8 115 127 187 207
6 13 54 159 172 248
6 35 42 63 193 279
6 115 117 156 168
6 81 95 191 200
6 38 55 103 190
6 28 97 114
6 5 159 270
6 151 232 238
6 98 235
7 21 43 85 104 107 116 173 215 227 251 284 291
7 1 10 28 42 96 184 196 212 225 233 281 296
7 35 44 153 209 241 242 259 261 291
7 95 125 131 137 193 209 261 291
7 36 110 123 128 144 159 167 190
7 14 16 87 102 140 214 285 292
7 9 25 52 141 156 164 209 269
7 50 66 91 150 190 233 260 299
7 20 36 84 121 129 130 268 294
7 19 41 93 113 200 271 282 294
7 27 36 63 129 160 212 221 280
7 16 22 114 146 174 280 297
7 78 85 107 129 221 235 271
7 46 54 155 161 209 210 276
7 78 94 118 208 216 249 261
7 16 100 108 181 187 272 279
7 46 65 78 119 166 181 282
7 50 55 112 265 296 297
7 3 20 71 117 175 287
7 37 65 105 124 136 153
7 32 67 78 96 187 288
7 30 126 176 198 235
7 14 111 203 243 258
7 11 67 125 166 206
7 82 117 131 230 269
7 9 90 150 160 264
7 89 117 170 242 252
7 53 177 199 267 282
7 44 120 255 283
7 29 213 258 265
7 71 103 109 153
7 58 132 169
7 118 245
8 62 84 102 103 105 132 140 198 201 222 227 293
8 15 86 139 155 157 175 209 213 214 266 293
8 0 30 50 94 119 191 208 293
8 32 146 168 207 211 262 264 266
8 0 20 42 112 161 225 243 281
8 51 85 153 186 200 208 288
8 12 75 96 111 127 207 279
8 116 117 133 183 185 219 227
8 146 154 202 230 253 275 287
8 15 81 192 244 266 272
8 50 61 175 220 284 287
8 25 36 44 221 269 295
8 96 160 178 224 250 299
8 25 140 217 224 290
8 33 60 108 275 294
8 87 209 214 227 289
8 57 102 121 141 174
8 63 72 208 237 299
8 36 155 280 285
8 82 102 139 240
8 96 282 297
8 32 68 156
8 4 171 175
8 168 247 286
8 140 202
9 59 71 104 110 154 160 193 199 231 232 244 265
9 49 113 119 124 134 139 171 207 251 276 296
9 2 14 31 52 164 170 195 268 278 293
9 126 129 157 182 188 200 202 247 253 276
9 44 59 139 144 218 240 246 267 295
9 3 10 19 59 97 146 196 217 273
9 6 119 132 145 149 160 193 202 206
9 22 84 102 107 201 256 259 268
9 28 77 82 104 112 199 238 263
9 12 27 34 43 71 132 216 261
9 91 95 101 117 179 251 254 281
9 151 176 179 189 192 231 252
9 36 64 133 174 241 254 257
9 16 40 41 80 107 124 157
9 49 77 95 96 122 227 299
9 93 99 177 180 190 291
9 8 36 115 165 223 265
9 16 59 124 131 209 292
9 83 202 204 256 264 269
9 53 65 169 199 231 252
9 0 3 73 143 223 259
9 19 145 210 214 225 280
9 13 60 65 67 146 166
9 29 32 60 103 221 233
9 14 29 262 285 289
9 80 110 132 271 274
9 59 112 165 239 296
9 46 167 205 261 295
9 29 147 175 193 264
9 57 82 143 298
9 151 178 243 264
9 76 142 249 282
9 11 85 86 114
9 1 165 299
9 16 129 211
9 83 241 249
9 259 298
10 8 57 77 100 111 127 233 238 240 245
10 31 45 52 98 135 145 178 179 182 215
10 20 65 81 88 137 145 195 221 238
10 38 47 71 73 81 112 141 164 169
10 19 24 28 74 183 186 198 206 274
10 26 63 143 149 156 202 286 293
10 36 44 66 188 210 233 234 293
10 22 25 51 70 134 136 182 264
10 52 90 96 121 142 193 205
10 6 28 90 123 129 254 296
10 37 54 140 214 237 259 281
10 13 36 44 83 195 219 220
10 75 145 179 194 206 254
10 13 47 66 207 235 280
10 9 73 104 200 214 276
10 19 20 54 84 181 276
10 38 42 53 210 251 284
10 15 133 168 172 184 292
10 0 31 97 126 211 273
10 74 124 131 206 284
10 50 77 87 88 137
10 146 167 223 232 284
10 6 26 156 232
10 57 87 147 233
10 31 95 97 136
10 185 197 275 291
10 85 133 205 275
10 3 73 98 181
10 13 139 153
10 23 180 197
10 35 194
10 140 260
11 1 28 43 54 106 142 162 166 213 244 299
11 8 18 28 63 64 87 89 101 145 157 200
11 30 45 69 79 97 150 158 215 242 279 298
11 18 29 85 111 163 173 271 286 298
11 1 6 42 95 175 199 200 241 266
11 17 62 67 117 187 189 222 237
11 59 131 156 167 170 284 291 296
11 7 20 41 57 171 184 267
11 47 92 156 188 224 232 269
11 33 40 72 137 142 165 244
11 149 172 178 200 238 240 256
11 3 16 38 155 209 261 271
11 116 161 167 168 187 251
11 91 157 187 246 292 297
11 8 16 58 106 182 295
11 116 186 246 266 280 296
11 8 9 24 108 124
11 25 88 136 193 221
11 126 167 220 233 261
11 25 68 116 169 184
11 41 139 160 206
11 77 124 197 218
11 96 212 231
11 12 124 261
11 68 71 134
11 21 132 135
11 178 236
12 12 28 68 76 77 88 95 220 247 254 299
12 2 7 48 75 82 187 190 258 269 275
12 55 87 132 166 182 203 208 263
12 61 95 96 103 121 180 184
12 43 162 167 190 192 258
12 22 69 127 131 151 206
12 8 71 125 144 182 189
12 27 58 83 168 189 266
12 25 43 94 117 161 173
12 41 142 192 219 271 272
12 47 55 225 242 253
12 20 49 153 241 290
12 103 179 286 288
12 115 161 209 236
12 25 196 214 237
12 23 46 55 223
12 82 230 242 291
12 9 132 134 299
12 108 213 251 296
12 151 197 225
12 30
13 14 61 69 79 99 106 125 134 149 153 171 172 220 257
13 36 61 81 103 169 192 241 245 267 271
13 14 28 54 76 111 140 185 208 298
13 88 95 111 161 167 171 183 211 251
13 12 24 34 36 111 136 160 162 167
13 72 104 134 161 196 266 285 292
13 117 136 145 169 254 270 272 286
13 21 33 56 81 218 220 237 269
13 24 46 57 116 180 196 208
13 9 43 111 144 194 226 254
13 51 112 126 168 263 286 291
13 3 19 23 51 131 175 277
13 13 119 131 159 186 195 203
13 13 122 142 161 209 255 294
13 101 117 179 257 265 290
13 34 50 134 147 186 277
13 61 67 114 133 256 269
13 84 92 130 241 242 299
13 21 31 52 106 145 165
13 8 38 159 196 221 223
13 40 58 143 275 292
13 152 199 256 260 267
13 53 72 95 120 180
13 88 190 225 233 247
13 15 76 84 199 277
13 43 74 143 172 274
13 141 173 175 267
13 94 139 249 260
13 7 83 89 145
13 6 105 183
13 39 82 228
13 18 109 240
13 79 170 203
13 5 176 250
13 74 79 129
14 27 103 114 147 153 172 209 221 294 296
14 20 21 96 99 156 160 195 224 237 270
14 22 37 83 146 186 201 220 264 266 295
14 2 15 111 154 178 185 199 227 241 248
14 21 32 91 93 96 127 190 196 238
14 4 78 116 150 180 187 190 217 291
14 42 59 99 173 193 199 233 239 245
14 11 72 83 85 148 173 230 251
14 42 80 184 229 250 273 278 293
14 105 110 134 168 189 237 244 261
14 44 76 87 146 158 220 271 286
14 45 125 136 162 223 267 278
14 18 28 75 129 132 149 201
14 108 145 200 228 231 232 298
14 3 67 77 141 155 246 249
14 33 51 163 203 237 248 293
14 20 147 148 156 221 250 260
14 84 97 101 166 260 294
14 50 54 112 120 156 175
14 39 83 139 245 246 299
14 1 28 43 211 234 244
14 46 59 67 150 230
14 49 133 230 232 257
14 106 184 188 273 285
14 25 142 163 187
14 97 142 164 172
14 41 188 256
14 35 53 227
14 62 169 245
14 5 101 162
14 6 17 244
14 119 217
14 8 76
14 207
15 86 101 113 151 173 210 235 255 264 273 289
15 21 39 49 90 98 110 114 167 201 271
15 14 101 105 111 135 144 157 186 187 244
15 46 85 152 153 159 167 181 192 224
15 63 73 75 120 177 206 248 290 298
15 44 80 96 118 145 146 220 293
15 95 116 183 190 217 263 275
15 2 116 158 169 210 256 293
15 4 9 85 152 167 237 276
15 30 131 144 147 205 241 297
15 20 174 175 188 199 211
15 57 82 101 108 114 191
15 87 88 105 166 213
15 8 49 53 174 201
15 54 174 247 274 284
15 20 54 73 144 183
15 4 92 100 207
15 41 73 110 126
15 28 184 214 270
15 5 181 221
15 96 286 291
15 7 28 62
15 85 101 235
15 232 238
15 98
15 113
16 49 71 74 79 91 126 134 141 154 179 230 235 239 261 290
16 10 15 42 78 87 105 110 168 221 250
16 30 36 67 73 95 132 208 247 263
16 67 77 148 170 175 238 256 286 287
16 11 45 59 121 151 160 220 265
16 13 64 138 182 184 254 278 282
16 3 56 60 67 110 159 283 284
16 37 76 120 148 166 205 242 250
16 35 83 200 208 226 242 265
16 46 49 84 159 234 288 293
16 16 65 104 152 197 219
16 7 14 26 54 187 234
16 25 28 85 174 296
16 13 14 91 263 270
16 4 141 154 170 207
16 79 82 116 175 213
16 29 141 142 216 258
16 35 180 204 232 276
16 38 134 149 288 294
16 159 185 213 230
16 136 207 245 251
16 128 155 218
16 240 264 274
16 69 119 131
16 64 277
16 99 146
17 35 71 95 110 116 183 201 218 224 240 241 263 265 276
17 3 24 30 43 55 106 110 193 217 291 297
17 3 13 73 83 105 133 174 222 263 266 291
17 6 68 117 164 194 197 207 266 289 292
17 73 96 107 211 219 226 253 256 296
17 38 52 54 72 158 206 222 251 294
17 26 52 135 139 178 217 248 258
17 35 76 83 175 213 233 254 275
17 35 57 123 142 156 206 221 281
17 14 31 89 99 132 190 253
17 99 139 140 176 182 249 276
17 20 108 138 144 193 222 269
17 31 49 147 195 207 273 280
17 59 60 130 182 184 205 214
17 13 19 32 136 248 288 292
17 37 69 159 182 214 216 235
17 70 92 128 167 170 189
17 27 48 181 189 195 291
17 12 36 53 72 118 236
17 29 33 74 81 190 287
17 17 67 68 151 217 255
17 69 74 167 177 215 217
17 23 46 106 186 187 196
17 4 11 108 116 142 182
17 38 89 96 133 213 248
17 109 119 171 178 248 285
17 39 58 63 127 180
17 64 65 96 243 293
17 42 69 75 83 181
17 87 163 211 265 286
17 111 156 246 261 296
17 38 109 113 189 207
17 75 140 152 221 281
17 1 75 180 186 218
17 70 71 121 201
17 5 22 31 228
17 100 128 205 290
17 9 210 234 241
17 13 120 186 201
17 20 83 171 252
17 82 97 234
17 35 137 174
17 64 215 233
17 37 115 189
17 154 209 229
17 226 228 284
17 88 142
18 34 59 64 65 73 182 186 219 258 279 281
18 18 25 37 46 55 143 159 168 177 256 262
18 63 65 86 108 127 162 178 179 271 281 286
18 17 50 85 92 184 188 225 286
18 4 41 101 125 138 202 208 221
18 22 28 36 105 173 242 254 286
18 17 60 171 200 224 230 232 294
18 7 23 27 60 73 80 108 288
18 8 119 123 201 205 221 234 258
18 91 95 109 136 140 151 214
18 7 19 71 95 126 194 287
18 1 17 26 93 106 131 215
18 1 61 133 181 193 297
18 88 180 207 217 255 281
18 5 44 83 162 272 285
18 8 12 43 164 174 279
18 10 159 258 265 284 293
18 7 60 148 219
18 142 161 209 236
18 51 58 95 296
18 75 176 238
18 68 75 243
18 45 102 214
18 175 245 282
18 84
18 113
19 94 122 142 156 165 196 246 249 258 285 293
19 17 41 58 60 89 125 158 205 224 227
19 67 76 117 122 127 133 177 219 245 278
19 1 79 80 132 230 244 247 259
19 68 112 126 156 177 215 234 285
19 8 31 36 56 77 85 92 134
19 8 15 36 153 192 196 254
19 44 63 105 138 151 199 254
19 19 77 94 100 176 213 294
19 63 121 131 168 263 285 286
19 20 128 133 226 286 290
19 29 62 63 122 214 286
19 56 114 145 149 161 287
19 167 184 208 225 235
19 6 47 173 190 238
19 52 103 110 134 178
19 54 152 153 191 261
19 34 107 182 202
19 18 39 60 262
19 24 151 237 251
19 168 180 191 262
19 77 93 113
19 30 262
19 84 199
20 7 35 68 148 180 193 227 245 253
20 44 77 100 110 179 212 278
20 12 18 70 87 146 163 240
20 68 88 104 143 171 243 286
20 24 58 104 108 129 265 292
20 19 42 121 135 138 262
20 47 65 69 184 255 272
20 29 61 92 169 181 224
20 29 91 94 182 275 296
20 3 52 71 79 139 223
20 16 53 124 126 241 275
20 41 85 180 220 282
20 119 161 250 282 295
20 123 151 234 264 271
20 68 90 96 134 137
20 62 68 131 200
20 35 164 191 225
20 34 88 261 269
20 18 76 215 275
20 35 53 208 296
20 45 128 255
20 78 101 224
20 15 45 51
20 111 210
20 20 29
21 27 37 64 85 96 120 140 244 253 259 278 293
21 9 12 14 85 107 140 161 175 179 184
21 17 45 60 70 115 204 233 252 264 280
21 7 15 21 71 214 226 231 250 287
21 10 19 28 92 94 106 131 147 169
21 55 63 162 180 193 256 283 297
21 1 16 71 148 237 254 274 296
21 17 57 63 102 127 201 227 247
21 18 69 81 111 189 207 219 270
21 16 43 73 103 122 197 220 242
21 17 26 80 140 162 208 243
21 15 20 30 95 148 273 295
21 44 64 122 176 182 187 216
21 19 50 108 112 181 262 271
21 167 170 217 246 256 291
21 3 62 65 187 267 274
21 3 7 23 174 233 261
21 18 81 105 206 214 295
21 1 42 136 143 263
21 126 144 206 273 294
21 124 221 240 299
21 29 30 143
21 176 194 212
21 50 177 261
21 41 187 237
21 12 89 155
21 64 296
21 161
22 8 15 46 96 97 182 183 184 248 268
22 11 39 57 84 125 138 177 201 225 268
22 34 50 52 87 109 170 182 213 214 276
22 0 12 26 43 78 121 143 217 235 246
22 54 78 98 134 188 219 271 278 289
22 4 75 104 117 158 177 179 201 275
22 37 53 104 152 164 185 200 206 287
22 5 66 107 213 215 219 264 273 281
22 0 16 84 119 142 165 189 247
22 17 82 107 117 137 155 197 218
22 68 93 98 127 173 178 197 251
22 2 25 51 152 240 274 288 289
22 29 56 67 93 238 254 286
22 114 141 151 168 191 200 287
22 52 82 96 146 161 200 252
22 144 199 221 253 278 288
22 0 40 87 121 129 194
22 68 81 100 115 143 267
22 90 104 109 119 140 231
22 19 85 110 167 221 241
22 13 73 148 150 190 196
22 3 69 195 224 262 274
22 84 90 96 140 173 193
22 30 95 101 186 271
22 37 45 71 178 234
22 5 162 184 207 253
22 69 216 231 248 261
22 69 81 149 162
22 52 59 173 200
22 90 91 252 294
22 12 158 182
22 16 81 258
22 46 111 120
22 34 297
22 159 221
22 290
23 13 30 38 146 155 161 256 263 275 294
23 66 108 149 166 172 182 197 199 254 262
23 17 26 37 71 172 190 234 254 287
23 19 53 67 90 126 186 198 243 292
23 79 89 101 140 156 158 172 180 203
23 53 70 97 105 120 134 192 225
23 25 55 122 206 236 244 262 264
23 142 152 178 235 245 252 264 276
23 53 59 117 129 188 192 202 219
23 10 59 91 107 120 262 278
23 15 26 32 69 87 161 222
23 26 65 80 86 90 155 242
23 9 19 87 149 243 270
23 227 255 262 280 294
23 174 222 270 273 289
23 132 164 188 211
23 57 92 135 172
23 20 29 126 268
23 104 229 278
23 25 53 177
23 31 35 133
23 1 45 182
23 26 27 264
24 6 12 29 63 82 84 112 139 176 242 265 267 285
24 36 88 111 119 178 186 235 236 237 242 260
24 11 31 73 83 154 155 242 288 294 298
24 63 78 102 132 138 149 236 249 258 289
24 15 41 50 57 60 72 87 135 292
24 82 142 145 152 179 188 218 229 279
24 90 121 122 163 167 205 227 229 231
24 66 122 162 168 182 204 233 272 289
24 29 47 106 204 227 271 273 274
24 29 46 117 144 160 221 222 283
24 14 35 46 71 73 176 194 209
24 1 76 123 140 166 196 206 284
24 23 66 75 140 183 207 208 215
24 1 71 73 98 138 153 188 297
24 10 23 70 128 149 176 187
24 28 68 130 176 267 280 286
24 6 138 206 222 260 266 279
24 142 147 176 188 190 260 275
24 38 42 195 251 260 277 281
24 21 188 193 214 269 294
24 64 72 98 147 203 223
24 3 144 175 199 251 257
24 2 192 210 241 248
24 25 61 107 214 235
24 3 15 16 163 177
24 55 93 157 203 291
24 80 89 154 197 299
24 163 179 274 294
24 144 168 204 233
24 29 97 153 267
24 130 242 282 286
24 6 125 279
24 39 68 99
25 26 46 95 108 164 189 191 212 247 256 289
25 24 33 57 111 152 158 163 194 224 298
25 9 16 49 52 55 142 168 253 264
25 7 20 40 104 122 127 253 282
25 49 130 145 172 175 195 257 271
25 38 42 86 159 169 178 206 297
25 5 182 190 198 254 282 290
25 26 68 80 165 288 294 299
25 5 51 56 90 91 262 271
25 13 29 35 141 189 216
25 2 34 85 102 111 226
25 59 82 110 217 293 295
25 19 26 132 198 295
25 4 30 43 224 242
25 30 42 232 234 246
25 6 142 157 289
25 58 62 85 226
25 90 146 178 241
25 17 104 250
25 112 161 252
25 61 138 159
25 94 148 258
25 39 161
26 1 9 64 77 134 139 214 215 238 246 285 299
26 12 42 55 99 157 226 230 288 296
26 3 7 13 54 55 80 117 197 250
26 25 78 86 168 171 223 262 287
26 19 59 111 125 153 177 212 295
26 52 114 116 120 124 142 148
26 5 125 126 127 137 243 283
26 89 110 130 150 170 183 210
26 5 91 204 217 233 245 264
26 7 14 32 109 201 221
26 1 31 59 194 233 261
26 2 96 125 182 266 294
26 19 30 51 61 144
26 83 188 233 257 283
26 24 136 200 285 294
26 44 92 183 188 206
26 102 113 163 165 182
26 78 127 135 204 269
26 18 70 229 272
26 114 192 222 229
26 74 164 184 261
26 97 258 282
26 54 132 199
26 33 112
27 1 45 85 103 107 210 215 268 275 283 287
27 25 41 128 155 176 205 233 247 270
27 2 7 37 92 179 218 235 242 245
27 75 83 102 117 154 196 216 246
27 73 76 93 134 160 234 235 267
27 4 86 111 122 161 183 277 292
27 17 68 85 149 247 260 290
27 23 24 61 173 185 283
27 92 118 136 144 183 256
27 1 13 82 93 223 263
27 30 85 152 182 215 240
27 30 191 247 256 260 271
27 5 29 47 89 198 280
27 9 83 223 238 253
27 65 183 230 252 279
27 93 111 162 185 249
27 8 39 56 176 206
27 70 149 163 210 226
27 20 58 102 104 117
27 113 147 227 278
27 53 58 179 269
27 200 226 274
27 184
28 23 40 50 68 77 121 194 207 266 283 286 288 291
28 14 15 27 36 132 147 153 228 237 259 275 283
28 123 142 159 161 169 186 204 206 211 224 285 288
28 54 109 172 179 188 194 216 226 240 246 278
28 50 60 77 126 143 148 158 210 228 248
28 75 107 140 167 201 240 245 257 283
28 19 67 71 88 139 165 205 207 260
28 8 65 96 161 177 199 261 262
28 44 52 54 58 94 198 208 251
28 39 77 119 184 197 233 272
28 16 143 172 182 206 224 297
28 48 102 156 219 237 276 291
28 24 45 88 123 225 251 279
28 18 73 133 229 238 291 295
28 4 108 115 126 180 193 213
28 10 25 67 118 127 134 155
28 96 120 174 196 211 239
28 6 20 40 88 144 221
28 26 43 52 155 158 247
28 35 65 163 220 265 294
28 2 11 146 255 279
28 0 130 140 166 175
28 34 127 144 233 240
28 107 154 212 233 289
28 58 94 97 231 240
28 1 38 195 219 289
28 146 190 216 271
28 89 176 284 293
28 208 214 266 270
28 155 214 256 257
28 72 216 244 269
28 49 54 239 251
28 7 191 282
28 128 264 273
29 38 51 52 119 122 144 159 189 260 291 294
29 11 81 100 106 108 183 201 223 238 261 293
29 4 25 35 48 81 85 108 140 237
29 13 77 80 97 133 179 195 268
29 54 111 183 203 209 241 285 291
29 22 31 83 97 100 225 264
29 81 166 198 240 248 261 268
29 32 59 78 120 128 211 241
29 52 82 161 166 217 247
29 53 54 79 127 184 246
29 202 206 218 242 245 252
29 14 21 118 130 170 239
29 18 25 43 180 229 234
29 57 86 88 214 255 274
29 62 143 190 194 241 292
29 91 108 114 125 182
29 14 145 219 280 293
29 10 34 144 215 235
29 44 101 141 146 261
29 4 62 167 176 186
29 50 199 238 247
29 27 112 249 260
29 57 68 91 170
29 82 142 222 228
29 65 226 266 279
29 121 127 158 250
29 82 122 244 282
29 44 107 167
29 13 44 124
29 174 221 242
29 73 190 295
29 221 246
30 49 55 81 134 137 174 177 212 224 251
30 7 152 191 204 209 231 239 249 270
30 7 34 119 145 200 218 235 289 290
30 33 38 39 67 71 182 283 289
30 98 171 198 199 216 286 288
30 21 76 133 157 165 169 217
30 20 37 190 198 214 265 271
30 55 145 209 219 223 245 268
30 7 16 98 102 105 234 290
30 2 49 66 76 158 229 240
30 75 153 174 216 285 287 296
30 68 107 137 188 229 239 288
30 88 102 123 141 142 262 294
30 58 99 170 193 196 225
30 36 106 146 150 164 233
30 5 116 126 148 210 291
30 10 46 56 102 241 295
30 58 87 111 143 154 299
30 76 134 215 261 275
30 82 110 177 211 297
30 8 103 187 241 294
30 44 53 75 116 198
30 83 168 185 274
30 12 30 235 262
30 58 147 154 279
30 16 38 68 256
30 12 112 192
30 21 87 210
30 111 266 273
31 18 48 67 97 106 117 118 202 207 220 224 226 293
31 1 10 42 52 63 85 182 202 281 297
31 13 15 94 131 137 145 194 235 267 268
31 10 14 16 27 34 65 87 122 164 217
31 55 65 97 116 123 154 180 192 279
31 10 79 166 175 189 199 215 249 257
31 35 43 82 108 109 117 180 251 273
31 14 23 26 40 52 62 111 199 243
31 9 83 212 218 224 243 254 256 293
31 0 9 13 170 172 194 201 211 216
31 91 117 161 200 216 245 248 252 273
31 10 46 102 108 194 253 281 297
31 30 44 65 66 72 135 208 285
31 80 117 122 124 147 179 281 291
31 15 75 93 106 146 148 163 217
31 18 53 91 110 136 186 268
31 54 96 182 196 229 265 267
31 1 49 155 195 217 250
31 13 90 108 132 194 270
31 45 74 167 250 252 270
31 6 43 89 246 261 284
31 128 140 146 180 214 253
31 30 67 81 173 271 299
31 1 19 42 56 263 273
31 48 59 71 85 216 236
31 47 126 145 217 251
31 24 63 73 76 194
31 65 136 140 177 294
31 84 99 210 214 299
31 19 56 74 161
31 77 102 128 257
31 134 215 264 279
31 92 130 180 205
31 116 164 171 223
31 87 122 174 210
31 30 260 276
31 87 106 189
31 48 125
31 255
32 70 96 100 114 124 134 182 188 201 224 266 290
32 17 58 79 83 123 232 264 280 296
32 2 48 83 103 195 208 249 265 266
32 55 70 187 224 228 231 233 248 254
32 42 100 142 181 185 232 289 294
32 41 78 97 153 167 240 255
32 9 42 140 145 151 161 216
32 31 65 76 91 144 287 290
32 17 18 175 197 235 246
32 102 138 150 178 258 274
32 57 164 166 210 229 295
32 7 8 23 110 269
32 13 112 164 245 283
32 78 89 274 276
32 74 228 266 299
32 82 106 185 276
32 151 167 181 192
32 52 58 112 141
32 56 98 202 298
32 32 53 263
32 51 75
32 142
33 20 73 107 110 129 151 154 191 236 245 249 259 264
33 19 31 32 80 112 137 153 168 231 248
33 56 83 97 106 112 135 145 194 237
33 7 75 80 84 106 121 180 182 266
33 5 36 42 80 168 188 200 253 280
33 2 50 112 142 212 220 229 255 286
33 13 17 151 174 189 215 251 259
33 54 93 122 128 137 184 199 284
33 9 51 57 95 123 151 157 190
33 4 117 176 222 263 280 281
33 74 79 206 221 253 296 299
33 107 146 217 236 265 275 283
33 47 48 106 185 205 245 250
33 27 67 86 105 110 148 292
33 21 113 120 242 254 287
33 42 72 144 149 161 261
33 150 167 183 207 217 275
33 13 61 89 106 158 252
33 5 46 144 188 247 293
33 57 58 72 91 246 293
33 50 179 212 280 289
33 4 77 174 175 179
33 66 155 156 238 272
33 54 69 125 173 238
33 27 111 113 131 258
33 14 33 168 172
33 137 152 215 236
33 85 148 185 215
33 103 133 210 238
33 97 156 178 209
33 100 132 162
33 110 171 248
33 199 205 269
33 135 240 277
33 113 133
33 77 186
34 7 12 70 72 81 85 127 266 290
34 65 81 86 104 115 222 252 292
34 10 49 148 158 165 252 275 287
34 24 69 76 82 161 229 255 296
34 28 80 85 152 178 191 229 280
34 15 58 140 199 241 243 262
34 43 106 138 150 156 199 244
34 195 203 208 217 224 267 288
34 46 162 172 206 219 242 244
34 50 66 110 138 154 189 250
34 77 120 122 156 198 215 217
34 62 73 194 274 286 287
34 30 34 74 91 150 221
34 26 106 124 187 227 228
34 16 18 51 75 187 234
34 16 100 165 166 201 295
34 103 114 209 280 291
34 29 95 148 285 293
34 24 74 220 222 231
34 113 199 208 242 258
34 71 74 226 236 251
34 22 40 127 217 280
34 88 89 115 127 232
34 146 214 249 253
34 5 36 41 252
34 6 71 131 231
34 48 81 245 267
34 40 245 295
34 104 187 290
34 47 259
34 90
35 2 87 101 125 130 138 169 178 201 249 264 290 299
35 23 38 45 67 94 105 158 164 224 244 280 298
35 6 35 44 81 97 125 136 148 216 251
35 61 75 79 118 221 268 284 290 292 299
35 2 64 107 111 171 181 216 247 251
35 5 13 140 144 178 193 264 290
35 21 32 111 131 167 226 244 291
35 60 217 225 234 280 281 282 299
35 32 65 92 204 250 251 256 275
35 16 77 78 97 120 218 230 299
35 3 4 22 71 87 99 159 191
35 44 78 79 101 113 126 136 268
35 84 145 148 159 250 256 262
35 50 68 173 220 222 227 276
35 2 45 47 75 147 185 283
35 9 89 160 162 206 236 299
35 62 194 206 232 241 269 297
35 29 117 137 178 194 232 237
35 21 28 41 201 221 275 297
35 29 33 48 133 165 252
35 49 150 182 231 234 269
35 34 44 104 216 285
35 1 26 134 154 187
35 16 163 211 220 263
35 23 125 144 198 279
35 39 181 206 209 259
35 6 120 214 244
35 87 145 173 248
35 88 138 162 287
35 85 149 171
35 6 103 245
35 3 131 229
35 156 170 184
35 67 119 237
35 12 245
36 0 1 31 45 87 96 146 159 165 189 214
36 51 58 122 130 164 248 257 273 299
36 5 27 37 85 96 128 165 223 299
36 76 122 150 171 172 177 232 276 284
36 94 103 119 183 197 234 251 271 289
36 24 32 66 70 137 165 191 234 264
36 25 88 175 183 216 240 264 278 293
36 5 12 54 70 198 215 268 291
36 36 41 64 167 189 197 245 273
36 28 81 95 114 221 276 279 290
36 11 24 116 130 132 155 157 294
36 61 86 92 94 130 132 183 237
36 6 58 85 135 136 164 249
36 12 16 53 58 193 201 260
36 0 36 93 96 201 217 246
36 49 61 96 100 116 259
36 40 53 160 184 204 250
36 10 71 107 249 276 284
36 41 52 141 168 252 271
36 55 64 68 95 136 233
36 175 200 203 210 233 246
36 20 88 181 195 290
36 58 102 115 193 210
36 28 106 111 135 157
36 48 146 210 294
36 61 71 103 166
36 25 82 112 137
36 147 185 191
36 10 174 239
36 50 292
36 196
36 23
37 6 19 34 38 50 120 142 179 260 274 281 297
37 6 28 31 40 100 149 155 174 201 214 264
37 30 78 126 156 168 170 186 208 248 259 286
37 11 20 39 91 115 116 214 263 273 296
37 24 28 62 69 134 153 200 249
37 73 83 104 146 178 196 241 246
37 71 97 172 190 208 226 294
37 12 16 52 76 82 94 162
37 24 48 109 116 126 137 168
37 50 88 97 167 204 212 266
37 0 45 78 141 169 171
37 61 119 145 200 263 271
37 18 34 144 186 266 282
37 7 65 67 129 199 250
37 13 60 129 156 249
37 116 212 223 281 283
37 53 57 144 283
37 82 274 285
37 77 115 218
37 109 255
37 113
38 25 28 33 34 118 187 234 287 292
38 17 71 79 122 177 210 223 291 292
38 33 128 130 186 209 218 241 261 285
38 75 93 118 149 165 201 251 275 295
38 1 3 13 51 75 181 195 236 269
38 61 85 122 197 231 246 273 280
38 18 95 168 176 244 248 253
38 6 175 196 219 246 263 290
38 12 20 70 99 127 194
38 55 75 78 179 284 299
38 9 60 177 205 211 219
38 29 35 105 127 184 295
38 24 82 92 167 174 176
38 22 42 84 121 276 282
38 25 29 63 92 128 193
38 8 53 60 247 275
38 122 208 221 253 299
38 251 260 272 276 279
38 56 58 128 187 273
38 138 145 169 276
38 77 172 196 263
38 47 82 85 289
38 78 219 274 294
38 32 203 239 285
38 27 124
38 217 253
39 19 115 117 126 165 171 182 192 278 285
39 91 110 126 132 154 165 168 201 296
39 46 96 112 178 179 188 215 235 246
39 0 8 86 124 171 236 238 245 290
39 8 98 131 191 219 246 254 258
39 64 79 111 140 166 195 227 288
39 7 44 190 207 217 234 246 272
39 42 61 96 126 154 167 248 290
39 5 7 34 150 166 233 256
39 23 48 151 171 252 266 274
39 27 73 103 179 205 237 239
39 32 39 57 63 147 269 277
39 86 107 109 111 115 241
39 80 81 170 229 241 289
39 13 31 45 163 240 265
39 133 162 188 223 251
39 7 16 75 284 291
39 12 25 70 120 214
39 10 75 247 269
39 120 242 258 263
39 189 261 284 294
39 44 62 183
39 13 19 189
39 24 52 58
39 69 88 215
39 35 120 220
39 32
40 9 83 151 157 172 205 210 226 248 297
40 15 39 62 140 195 214 218 243 252
40 32 65 83 180 204 207 209 251 288
40 43 162 170 211 220 231 281 291
40 5 80 93 96 116 174 186 240
40 51 69 82 182 214 236 283
40 6 8 70 102 159 167 275
40 21 26 41 81 82 202 241
40 5 42 80 92 99 108 109
40 60 118 127 155 252 293 298
40 45 75 99 162 232 250 287
40 35 49 69 82 87 251
40 30 89 131 254 256 274
40 22 58 112 255 280 286
40 61 129 135 140 267 290
40 32 53 67 89 100 263
40 55 145 196 250 284
40 40 65 142 191 244
40 54 99 186 243 294
40 45 76 177 229 288
40 105 142 147 254 269
40 25 42 80 97 273
40 54 76 117 174 246
40 13 24 115 147 200
40 70 108 142 189 208
40 3 146 172 213 234
40 40 139 174 195 208
40 0 40 114 200 205
40 239 265 282 284
40 101 193 248 282
40 188 197 207 290
40 28 158 233
41 10 12 18 55 99 135 169 178 187 200 244 265 277
41 56 63 65 71 94 109 112 144 196
41 1 34 52 84 186 221 289 297
41 19 25 71 74 77 95 160 232
41 23 38 56 67 81 95 250 291
41 23 46 130 180 208 212 254 288
41 38 58 68 132 150 212 234
41 27 47 91 110 137 145 168
41 18 42 50 136 243 286
41 64 76 128 228 235 283
41 35 56 60 94 98 180
41 30 31 38 165 259 293
41 97 98 124 160 172 176
41 51 204 231 258 293 298
41 54 59 96 120 147 178
41 47 204 247 263 278
41 70 96 148 197 218
41 5 14 40 58 77
41 28 29 65 145 166
41 40 218 219 226 277
41 55 82 163 178 238
41 81 135 155 281
41 18 38 146 190
41 23 26 130 176
41 36 44 53 258
41 25 221 282 283
41 19 99 237
41 30 107 280
41 10 135 162
42 2 51 65 70 135 155 169 204 234 271 294
42 11 85 143 187 202 253 258 273 277 285
42 20 28 38 51 53 63 90 234 237 295
42 21 48 123 153 173 235 250 251 262
42 1 23 28 109 120 144 186 269
42 44 79 133 136 176 189 209 245
42 63 66 110 136 139 162 221 299
42 54 58 60 78 171 185 217 266
42 139 195 211 231 239 248 299
42 21 34 180 190 222 291 292
42 90 96 122 204 208 246
42 12 35 159 217 235 289
42 9 12 101 122 139 293
42 53 84 127 154 180 235
42 117 172 175 195 258 285
42 64 77 80 132 179 252
42 46 170 204 233 265
42 22 232 241 260 289
42 50 92 96 257 283
42 118 128 196 212 242
42 16 140 150 159 165
42 90 184 206 210 216
42 105 198 251 282
42 27 216 260 288
42 87 225 242
42 73 232 278
42 24 71 223
42 88 96 179
43 3 12 29 40 42 59 75 81 122 162 166 249 274 299
43 42 79 101 132 172 204 205 251 290 297
43 13 23 49 79 85 90 133 190 204 293
43 80 105 130 144 151 180 198 284 297
43 25 64 84 157 193 195 234 258 269
43 23 30 33 41 148 211 217 249 253
43 6 13 76 80 86 125 157 201
43 51 52 60 66 121 195 213 289
43 3 32 81 100 130 147 254
43 83 85 121 124 224 294 298
43 27 37 86 92 145 216 243
43 23 30 143 155 161 183 196
43 91 101 118 154 160 228 232
43 18 23 54 164 196 219
43 25 106 182 216 230 279
43 68 107 254 270 279 282
43 8 51 63 73 231
43 17 126 157 250 268
43 7 100 157 210 277
43 43 84 160 218 230
43 176 180 208 292
43 18 26 160 203
43 8 62 106 132
43 19 84 108 294
43 89 168 193 244
43 17 80 134 244
43 11 21 149 152
43 4 157 160
43 136 140 226
43 46 268
44 66 72 118 128 151 157 199 220 221 256 296
44 2 8 31 112 120 169 191 243 276
44 3 32 77 93 122 139 183 242 248
44 71 73 124 149 179 183 257 281
44 107 121 133 176 257 269 286
44 3 41 107 124 192 212 250
44 10 22 26 115 164 258 296
44 20 160 215 249 272 278 299
44 18 56 66 76 89 190 268
44 15 148 204 222 234 261 292
44 20 123 136 144 157 234 298
44 21 67 94 212 228 233 240
44 1 19 32 39 255 281
44 41 103 164 223 231 298
44 54 92 229 251 286 288
44 35 51 57 133 238 272
44 21 38 104 208 221 284
44 62 122 217 259 271 298
44 6 20 54 196 216
44 18 119 159 206 227
44 73 95 110 173 175
44 141 148 150 181 214
44 74 91 97 199 292
44 40 53 54 177 180
44 101 163 178 207
44 30 113 173 225
44 40 90 164 253
44 43 56 95 126
44 68 122 223
44 138 224 254
44 206 231
44 4 207
45 1 55 121 137 160 164 192 219 234 241 242 269 277
45 1 25 41 55 81 94 134 138 170 264 289 297
45 18 61 62 81 100 111 114 230 274 289
45 2 8 23 82 88 177 255 276 295
45 39 78 84 127 166 169 206 294 296
45 36 100 107 108 161 181 226 240 298
45 17 25 57 109 135 162 168 228
45 22 39 55 115 147 230 231
45 3 58 207 263 270 277 280
45 45 118 202 210 224 228
45 147 158 182 220 223 240
45 29 68 159 170 225 296
45 93 99 129 210 226 250
45 59 82 100 199 260 261
45 0 18 50 143 222 285
45 74 79 90 169 196 209
45 17 74 132 174 198 219
45 34 103 124 199 249
45 36 158 267 272 276
45 38 90 94 277
45 16 232 270 276
45 5 46 57 80
45 3 58 276 292
45 12 134 261 277
45 26 133 180
45 0 207 271
45 37 124 174
45 90 126 159
45 14 153 256
45 57
46 38 54 79 97 112 157 174 187 223 250 279 283 290 292
46 0 27 37 41 67 96 107 117 161 191 271 288 298
46 20 90 94 162 191 193 250 251 270 272 278
46 3 64 126 157 159 167 188 190 248
46 79 95 136 142 148 161 236 251 279
46 25 37 55 63 65 106 243
46 38 201 222 253 261 290 299
46 14 45 118 144 195 242 278
46 23 88 113 138 210 213 262
46 29 150 207 233 284 286
46 28 40 60 231 246 281
46 5 71 149 225 267 281
46 29 82 105 131 189 264
46 24 174 175 199 220 242
46 8 15 32 60 120 225
46 34 40 97 108 150
46 1 160 219 265 274
46 103 147 237 248 265
46 124 162 235 244 248
46 109 167 216 223
46 49 130 293 296
46 16 248 250 253
46 141 206 208 247
46 9 136 203
46 5 197 244
46 18 41 294
46 138 219 246
46 121 158
46 105 118
47 12 22 33 39 86 140 152 166 183 198 224 267
47 18 21 28 65 68 94 150 157 163 258
47 16 21 25 40 50 51 65 160 168
47 55 79 92 117 163 176 212 234 237
47 9 98 123 154 166 267 295
47 2 68 88 218 237 257 284
47 42 48 90 174 229 253 280
47 5 39 46 63 110 114 205
47 42 81 144 162 179 241 258
47 11 45 129 164 183 233 267
47 20 64 73 86 188 269
47 175 180 202 208 209 234
47 39 123 149 243 244 259
47 30 44 90 136 149 213
47 47 56 123 161 169
47 1 24 132 184 244
47 40 54 98 239
47 43 144 181 265
47 51 187 231 261
47 40 111 242 269
47 47 97 121 129
47 56 157 158 229
47 0 22 52 226
47 14 144 218
47 218 261
47 210
47 0
48 71 99 141 145 179 196 200 229 246 296
48 26 59 79 92 106 135 169 207 251 280
48 79 123 183 200 232 261 274 275 279
48 27 59 83 102 106 120 152 214 273
48 10 27 28 46 73 171 197 265 285
48 0 35 67 130 187 200 245 272
48 11 120 204 221 237 260 266 289
48 112 126 140 190 198 225 235 262
48 0 73 91 100 127 145 165 261
48 3 4 94 95 102 212 224
48 35 99 118 161 221 228 247
48 22 47 104 145 172 203 229
48 45 118 150 219 222 284
48 46 85 159 170 275 295
48 12 41 130 155 211 280
48 83 108 171 180 195 229
48 67 121 146 191 236 286
48 126 150 155 200 223 294
48 54 140 170 198 253 298
48 67 104 167 170 293
48 0 47 91 127 213
48 149 184 228 269 290
48 37 170 190 199 270
48 15 27 209 251 287
48 47 50 171 230 283
48 26 78 80 194 256
48 73 81 128 238
48 99 115 144 270
48 80 142 150 188
48 33 59 97 192
48 102 194 202 261
48 137 147 161 281
48 47 63 177
48 46 171 226
48 2 233
48 73 114
49 34 38 144 156 160 165 168 187 207 228 268
49 6 11 26 35 57 93 159 180 198
49 59 98 120 127 140 152 250 280 291
49 71 86 104 126 179 195 224 278
49 70 125 160 168 210 225 245 266
49 8 58 155 184 211 260 293 299
49 11 81 91 118 135 162 269 271
49 0 24 126 127 210 217 236
49 69 145 179 248 251 260 281
49 12 42 226 228 249 282
49 49 50 107 171 192 260
49 66 145 179 189 281 298
49 25 35 127 192 249 256
49 1 80 185 236 266
49 7 137 213 215 299
49 3 145 194 216 256
49 49 69 84 262 291
49 51 110 125 278 283
49 73 106 130 157 230
49 68 173 185 255
49 47 88 273 288
49 167 189 209 290
49 170 211 230 281
49 89 99 118
49 116 172 194
49 135 235
50 18 30 66 74 108 161 226 228 239 243 261
50 24 35 47 59 63 156 170 204 213 225 295
50 8 31 124 171 194 214 234 246 247
50 18 47 66 78 103 165 201 276 290
50 12 53 69 105 111 130 213 237 264
50 76 95 104 105 195 197 199 226 254
50 10 25 72 121 128 180 189 282
50 71 73 131 148 195 225 283 295
50 8 95 98 121 156 176 221 274
50 25 64 93 96 137 260 262 288
50 60 108 160 164 167 193 203 264
50 155 186 208 220 243 245 276
50 16 85 147 193 207 288
50 33 96 117 133 178 270
50 3 89 239 241 293 294
50 6 100 106 123 170 182
50 49 100 106 141 208 291
50 88 202 259 290 291
50 25 136 195 225 255
50 27 40 99 128 296
50 42 72 190 275
50 115 125 218 297
50 36 72 198 260
50 138 169 229
50 205 209 231
50 144 242 250
51 13 24 28 81 141 143 145 160 187 263 264 278
51 31 44 68 121 168 195 200 201 227 240 250 281
51 0 16 25 32 57 113 218 240 280 291 297
51 3 24 45 106 183 211 220 234 267
51 22 75 93 106 141 185 216 263 296
51 91 96 97 117 133 238 255 274
51 25 62 136 140 152 160 211 296
51 5 49 53 94 101 107 130 215
51 140 164 168 200 217 248 257 289
51 51 150 166 191 232 258 261 285
51 35 63 118 119 138 139 165 218
51 10 71 110 142 180 258 297
51 5 98 190 213 225 251 264
51 115 142 158 225 231 245 258
51 30 46 148 166 167 174 215
51 4 11 128 142 226 271 295
51 64 106 145 170 185 231 255
51 189 193 204 206 219 249 259
51 13 25 31 38 55 124 199
51 38 57 85 86 192 204 240
51 27 165 240 251 259 290
51 119 138 165 208 209 246
51 0 74 144 227 228 251
51 12 132 200 236 260 270
51 17 84 86 116 165 261
51 0 33 74 89 181 184
51 91 152 153 174 178 181
51 53 64 136 142 216
51 44 107 184 243 245
51 52 76 203 272 278
51 74 90 114 119 248
51 16 82 101 223
51 51 62 99 142
51 18 157 268
51 104 193 263
51 41 239 251
51 117 236 272
51 28 193 235
51 154 156 161
51 158 173 247
51 195 219
51 259 277
51 193 216
51 194 276
51 221
52 26 96 139 152 170 184 205 207 243 265
52 12 81 101 146 164 169 178 182 194 270
52 25 54 77 197 241 267 271 276 287
52 54 63 77 82 128 135 271 273 299
52 42 87 107 169 173 220 258
52 65 94 146 207 213 237 264
52 17 47 60 123 128 160 297
52 107 141 145 195 213 237 286
52 75 107 112 172 174 229 239
52 15 30 137 200 252 283
52 31 72 173 177 208 265
52 21 34 70 89 108 266
52 26 39 48 75 149 213
52 15 44 94 191 216 240
52 73 110 219 229 244 264
52 22 55 60 209 242 252
52 8 20 98 224 250 289
52 12 89 163 172 188 283
52 9 18 88 200 221 284
52 30 36 184 185 267 284
52 27 79 120 185 206
52 68 94 185 203 239
52 58 68 177 244 286
52 2 60 77 160 261
52 49 56 228 258 266
52 110 134 153 212 249
52 8 61 70 220 250
52 128 172 186 235 247
52 56 205 207 231
52 153 174 240 253
52 59 94 116 184
52 11 110 236
52 61 233
52 121 141
52 227
53 11 42 74 86 129 151 168 202 209 244 256 273
53 6 13 30 36 98 108 128 185 264 284
53 43 45 98 113 229 260 281 285 291 294
53 33 64 84 144 185 217 218 273
53 31 82 87 90 141 177 275 278
53 2 19 47 111 180 223 229 272
53 18 103 112 142 225 232 262 292
53 38 58 107 146 149 200 229 287
53 32 153 168 241 253 264 296
53 2 68 82 124 209 286 292
53 11 60 109 157 160 227 285
53 23 25 76 88 272 282 290
53 100 103 142 251 271 283
53 11 41 86 146 170 270
53 61 90 92 119 229 265
53 13 154 167 176 216 299
53 166 189 251 254 259 296
53 26 33 48 51 130 237
53 65 79 152 184 229
53 65 122 266 296 299
53 54 63 92 222 244
53 53 66 178 238 256
53 92 143 163 218 283
53 26 110 152 171 225
53 152 161 170 178 238
53 7 18 99 228
53 34 131 227 251
53 49 113 140 213
53 125 201 260
53 152 281 287
53 51 117 169
53 169 250
54 12 54 70 79 125 167 177 178 227 254 273 295
54 2 15 73 102 108 112 161 260 271 282
54 27 60 69 83 132 155 179 190 292
54 9 35 63 120 223 275 281 285 290
54 83 122 157 159 165 199 298 299
54 41 101 118 179 200 212 232 242
54 12 56 97 118 140 153 175 188
54 75 126 185 235 237 239 241
54 49 90 116 139 225 247 257
54 67 101 142 162 201 231 235
54 24 132 136 176 203 207 283
54 1 52 168 186 217 226 264
54 24 129 141 227 266 292
54 16 20 160 189 226 272
54 35 91 121 167 183 239
54 48 53 166 215 233 249
54 27 55 63 93 162 267
54 12 32 36 86 182 270
54 121 174 213 271 295
54 19 101 129 136 154
54 74 104 137 236 260
54 28 93 191 225
54 35 110 137 231
54 11 70 117 291
54 6 130 248
54 101 184 229
54 16 54 236
54 118 146 279
54 39 261
54 7 170
55 57 79 130 140 145 149 155 179 189 221 226 233 249 267 292
55 12 39 100 138 152 157 163 193 267 268
55 113 122 133 142 154 203 252 268 274
55 23 58 62 99 107 110 114 115 233
55 36 124 127 160 186 229 239 270
55 2 75 132 134 160 260 263 295
55 25 62 70 101 171 179 193
55 111 129 143 190 226 258 298
55 30 35 37 92 209 211 259
55 22 39 155 168 172 173 228
55 34 93 168 175 188 218 279
55 74 80 88 210 291 298
55 40 98 115 174 178 197
55 97 100 104 161 178 265
55 61 93 136 188 189
55 18 37 49 193 226
55 114 171 219 256 268
55 45 105 121 128 264
55 39 155 235 274
55 52 197 214 290
55 99 108 131 237
55 6 167 220 260
55 20 139 230 298
55 22 75 90 170
55 1 240 257
55 102 121 242
55 78 137 224
55 25 145 277
55 175 210
56 17 18 26 29 32 57 126 146 150 255 258 292
56 37 64 77 87 122 257 260 266 271 295
56 15 78 184 194 201 217 238 242 290
56 16 29 75 76 104 180 202 222 288
56 34 93 164 172 183 283 287 299
56 49 92 156 173 211 260 295
56 17 39 65 92 157 255 262
56 11 24 41 92 145 157 260
56 60 111 132 181 278 287 292
56 106 188 203 234 241 270 291
56 3 27 33 87 140 149 206
56 4 7 32 82 119 207
56 76 80 121 129 210 216
56 84 107 121 136 159 193
56 85 95 135 200 235 249
56 103 136 146 193 225 271
56 19 70 82 188 196 232
56 173 211 231 282 299
56 15 17 73 211 222
56 83 168 221 277 298
56 44 82 85 104 228
56 67 90 186 242 265
56 177 190 207 240 275
56 36 46 104 123 251
56 65 152 167 213
56 103 168 250 298
56 43 137 166 257
56 22 157 197 240
56 202 207 224
56 85 150 296
56 34 89 158
56 106 113 153
57 63 66 121 163 177 207 225 242 252 261 293
57 31 38 44 75 100 141 150 161 219 248 298
57 71 84 130 146 173 176 220 235 244 279
57 81 124 146 166 205 216 224 277 283 284
57 27 44 108 114 123 132 154 164 166 185
57 0 24 98 109 136 138 196 227 286
57 0 4 16 43 122 197 198 229 238
57 7 52 160 203 246 261 272 286 299
57 19 72 92 103 224 234 257 280 296
57 20 26 96 125 144 145 212 250 285
57 3 48 87 96 119 172 205 231
57 34 50 96 112 162 192 256 275
57 64 83 91 111 171 257 272
57 44 77 94 98 149 188 276
57 2 40 123 168 230 243 251
57 18 51 97 102 136 142 234
57 13 113 152 175 257 275 280
57 37 51 64 69 83 284 287
57 80 86 102 109 158 208 227
57 0 27 67 179 219 244 298
57 50 81 82 87 253 289
57 26 107 128 181 220 230
57 3 19 22 76 152 192
57 12 28 75 145 171 245
57 4 36 119 157 194 242
57 14 21 174 249 272 298
57 33 38 39 96 220 254
57 6 47 151 228 285 287
57 7 28 56 131 199 247
57 6 12 98 131 227 257
57 12 139 211 269 281 299
57 82 143 244 269 295
57 80 120 168 180 266
57 11 86 165 260
57 153 173 194
57 106 217 235
57 64 220 230
57 151 193
58 23 24 47 67 139 152 178 196 197 245
58 48 57 60 79 102 138 162 241 289
58 3 94 96 135 146 160 183 190 261
58 3 20 39 97 104 106 176 213
58 2 63 70 103 128 138 208 253
58 77 122 130 134 135 178 245 262
58 20 28 51 133 136 180 184 210
58 0 26 43 142 151 263 291 295
58 165 169 189 192 197 209 228
58 126 127 145 163 186 210 255
58 38 203 208 215 281 284
58 10 40 51 164 177 187
58 0 103 129 194 195 282
58 63 93 105 119 153 272
58 31 78 156 207 240 264
58 30 93 97 116 144 162
58 29 72 91 174 184
58 119 175 206 213 268
58 152 212 216 252 256
58 42 68 123 144 271
58 53 149 166 222 227
58 13 30 31 111 172
58 27 216 223 224
58 88 146 180 235
58 8 39 145 193
58 6 49 263 264
58 73 122 191 192
58 24 157 295
58 194 218
58 118 187
59 2 25 73 74 198 243 258 268 288 295
59 29 101 139 158 200 209 230 254 267 279
59 10 20 22 30 75 106 108 110 133 138
59 6 19 32 75 95 124 146 279 290
59 9 83 100 127 130 159 185 254 278
59 22 38 89 137 187 215 230 241
59 22 74 102 116 133 163 225 238
59 25 48 104 113 156 246 250 255
59 65 99 173 176 225 233 242 285
59 95 123 167 210 228 244 274
59 1 39 53 62 75 76 222
59 1 62 81 106 179 182 205
59 20 41 49 113 187 194 268
59 13 93 96 99 142 196 263
59 61 98 115 219 221 239
59 34 50 55 82 142 189
59 36 167 168 206 215 279
59 57 78 96 101 113 147
59 10 36 73 133 217 272
59 1 18 46 50 168 287
59 62 105 124 231 235 289
59 14 142 188 190 215
59 5 7 20 223 247
59 14 27 101 159 186
59 25 45 175 263 264
59 209 224 231 289 296
59 16 106 138 214
59 71 131 165 297
59 73 74 180 257
59 118 140 176
59 196 209 251
59 1 176 179
59 87 254
60 41 133 137 154 209 220 265 286 288 289
60 33 79 95 123 131 171 172 232 271 298
60 38 81 92 157 182 222 254 261 270
60 23 108 128 135 136 164 189 279 299
60 14 28 50 51 132 163 173 244
60 13 70 136 162 165 229 269
60 17 21 34 38 60 69 226
60 78 101 102 171 207 225 237
60 16 33 77 153 164 224 295
60 26 53 77 182 220 282 298
60 38 86 218 247 264 277
60 29 68 137 239 260 271
60 31 36 131 134 137 290
60 16 36 50 107 216 254
60 55 80 91 116 120 157
60 59 80 94 196 271 294
60 96 142 230 267 269 287
60 29 95 229 263 293
60 27 152 180 259 261
60 102 107 120 175 215
60 108 126 150 213 280
60 110 202 231 292
60 40 70 91
60 258 293 298
60 102 228 266
60 182 253
60 87 247
60 158
61 5 59 100 110 123 135 185 189 262 263
61 11 26 56 71 89 98 116 189 206
61 46 73 116 130 143 206 207 295
61 16 89 148 172 181 192 212 251
61 58 71 85 156 165 182 234 286
61 3 42 158 172 192 256 263 290
61 34 67 75 76 87 155 186 258
61 28 34 114 241 283 288 296
61 126 155 208 214 219 252 280
61 47 59 62 94 174 280 292
61 30 72 139 230 259 272
61 11 71 162 188 189 247
61 53 73 172 184 192 242
61 18 32 68 71 113 299
61 25 138 178 181 296
61 6 84 159 221 229
61 41 103 145 283
61 39 71 185 190
61 117 197 284
62 3 20 50 57 116 139 182 196 206 218 239 253 298
62 13 26 66 82 86 89 107 228 245 267
62 37 54 77 115 169 179 188 227 235 248
62 4 35 39 61 71 92 161 246 249 277
62 6 123 146 154 172 191 208 244
62 18 30 72 104 149 150 207 261
62 41 85 100 101 120 134 187 213
62 33 82 100 194 202 229 263
62 73 90 129 146 157 163 257
62 7 23 78 90 166 241 275
62 5 17 128 142 151 206 273
62 10 13 50 118 223 295 296
62 7 22 43 48 62 222
62 8 201 238 250 281 283
62 53 106 110 125 257 276
62 48 100 204 230 276 294
62 62 99 164 181 255 295
62 8 105 148 202 241 277
62 36 74 80 102 137
62 129 201 228 240 244
62 99 120 127 135 194
62 21 46 89 142 205
62 46 66 144 286
62 55 110 257 258
62 1 117 158 271
62 26 44
62 54 177
63 16 18 32 43 106 119 127 132 207 243 249
63 14 72 97 130 206 222 230 247 259 291
63 35 37 55 59 134 150 201 204 277 297
63 37 69 78 98 104 138 139 200 205 250
63 27 31 42 135 198 242 254 273 289
63 55 67 73 124 201 232 252 267 283
63 39 116 142 157 212 217 246 286
63 33 54 63 137 176 188 254 280
63 17 21 91 136 165 207 210 219
63 2 22 25 118 147 187 206 293
63 22 33 168 175 208 282 283 295
63 27 51 52 115 118 123 195 272
63 51 74 79 101 104 204 293
63 21 30 157 158 202 204
63 148 168 177 210 236 276
63 3 5 103 119 146 251
63 76 98 166 231 237 238
63 16 43 228 267 269 287
63 74 162 182 193 270
63 89 176 242 249
63 75 86 105 254
63 55 135 169 271
63 4 48 122
64 13 86 100 101 106 111 127 158 185 192 205 287 296
64 22 28 56 83 117 119 154 249 251 271
64 19 32 38 63 74 124 162 234 263 292
64 145 148 154 157 167 172 218 240 247 248
64 31 37 85 105 110 193 242 272 281
64 4 30 99 100 121 171 222 249
64 7 14 29 113 138 173 273 280
64 76 111 135 175 197 228 230 238
64 46 104 131 146 160 210 212
64 44 108 134 157 260 266 292
64 41 69 80 90 192 220 282
64 14 26 62 75 99 142 229
64 41 54 79 94 192 217 253
64 5 7 15 33 81 202 261
64 9 10 71 184 192 196 215
64 45 49 133 156 173 285
64 23 32 92 99 258
64 82 117 183 200 204
64 45 53 205 279 287
64 162 185 187 278 288
64 13 73 101 183
64 69 164 168 256
64 0 256 272 296
64 10 59 141 160
64 75 90 264 285
64 0 81 261 263
64 192 246
64 128 227
64 101 208
65 17 38 39 43 94 112 120 122 140 161 168 172 185 193 223 273
65 1 18 24 61 98 169 212 233 236
65 4 26 62 71 81 123 134 158 189
65 0 48 49 71 98 153 210 258 259
65 2 53 106 168 176 185 253 282 292
65 0 30 76 180 185 212 267 273
65 5 112 119 165 178 242 270 290
65 43 44 94 142 220 224 231
65 115 163 196 240 252 273 297
65 151 169 181 194 207 268
65 53 76 95 108 176 186
65 32 101 134 160 200 205
65 3 6 49 89 148 268
65 116 138 218 228 255
65 137 160 286 294 298
65 4 69 124 219
65 240 254 275 277
65 84 285 290
65 52 193 225
65 56 173
66 10 26 79 90 96 155 164 166 184 193 241 273
66 50 112 124 168 189 203 237 251 257 265
66 12 18 20 52 124 160 211 212 296
66 11 119 205 218 249 265 269 290 292
66 32 47 117 159 160 176 205 262 292
66 6 12 60 87 155 202 212 213 245
66 10 16 56 89 169 197 220 298
66 37 140 203 213 230 276 286
66 80 107 155 187 194 287
66 78 135 152 190 223 243
66 45 107 150 265 272 282
66 10 29 52 81 85 141
66 74 80 159 184 186
66 37 92 155 179 210
66 183 224 249 266
66 8 72 115 263
66 22 34 141 150
66 116 128 166 235
66 156 160 168
66 76 86 220
66 14 225 297
67 14 24 41 52 89 125 130 135 141 161 188 195 275
67 8 53 62 70 76 78 79 83 98 119
67 15 40 56 72 73 103 110 139 145 197
67 0 7 25 72 105 108 158 192 258 299
67 26 27 35 81 112 116 151 187 263 266
67 151 157 174 192 195 234 243 271 274 295
67 29 49 95 148 149 154 172 186 217
67 21 28 39 90 94 114 175 194 226
67 13 15 96 102 125 141 213 227 288
67 6 13 27 37 65 113 117 216
67 27 36 73 111 128 146 198 246
67 26 29 118 126 164 166 184 220
67 7 26 65 129 191 209 297
67 108 111 164 178 191 205 222
67 9 175 214 234 241 244 265
67 11 28 119 124 164 274 282
67 65 93 106 236 279 299
67 6 64 120 127 186 258
67 77 89 144 165 176 191
67 58 74 148 236 279 294
67 4 84 109 170 217 230
67 70 72 128 142 153
67 23 38 108 155 254
67 24 90 123 168 257
67 145 159 171 273 293
67 10 94 210 288
67 21 39 49 258
67 94 135 260 286
67 16 24 157 210
67 58 184 244 296
67 63 150 175
67 0 143 242
67 5 196
68 26 41 71 86 106 112 114 115 153 171 188 229 258
68 19 21 36 98 126 141 158 159 189 193 195 220
68 27 97 118 123 148 155 158 174 194 225 274
68 27 96 101 105 137 140 143 180 230 257 275
68 9 10 52 87 98 106 123 145 166 222 266
68 3 60 108 145 178 197 235 240 270 282
68 79 141 154 202 215 216 225 243 253 285
68 25 26 35 45 56 66 93 112 192 291
68 91 107 128 144 154 210 218 220 250
68 11 18 86 95 102 158 188 208 276
68 1 4 14 44 66 101 103 205
68 8 67 80 123 129 140 186 223
68 51 180 202 211 254 265 284 293
68 59 64 103 108 115 165 204 262
68 25 48 58 117 137 201 249 276
68 99 143 144 165 166 230 283
68 8 61 114 143 153 170 290
68 22 24 68 135 215 221 266
68 20 30 95 133 153 219 238
68 12 16 56 67 189 240 250
68 65 111 174 202 282 296
68 31 54 79 142 238 257
68 6 15 22 100 210 252
68 66 132 146 159 208 278
68 22 52 84 172 185 268
68 42 69 134 198 201
68 69 124 138 155 167
68 30 50 148 199
68 42 112 235 262
68 93 139 148 195
68 52 242 260 279
68 68 88 98 193
68 16 49 126 227
68 20 174 193 281
68 109 176 192 266
68 20 42 53 284
68 18 238 294
68 44 233 262
68 244 258 282
68 13 205
69 36 51 77 113 131 133 136 185 195 239 265 281
69 12 35 37 49 160 201 232 239 267
69 38 44 95 110 153 179 203 235 290
69 80 91 102 120 134 159 175 206 216
69 7 44 49 155 218 220 233 248
69 14 65 101 127 206 210 225 244
69 8 40 83 182 228 279 283
69 6 155 184 199 210 253 291
69 8 48 100 192 198 199 267
69 13 15 43 85 101 136 295
69 42 49 84 91 151 294
69 15 36 52 178 181 266
69 78 85 182 187 265 291
69 15 61 94 97 109 134
69 157 177 183 223 237 280
69 9 26 69 74 108 218
69 72 90 167 233 263
69 5 95 274 284 294
69 42 45 84 137 171
69 42 65 88 95 266
69 2 46 178 206 234
69 0 92 121 127 219
69 67 108 163 166 282
69 21 24 29 225 280
69 198 202 240 298
69 66 144 222 276
69 38 147 235
70 2 122 124 137 161 169 204 231 242 244 268
70 39 56 111 129 181 184 207 213 275
70 5 30 95 108 115 191 214 257
70 15 78 88 123 147 195 242 267
70 55 59 98 152 171 193 238 270
70 0 7 11 13 95 113 195 220
70 42 81 84 107 202 235 240 280
70 33 37 61 101 142 207 228 252
70 57 65 80 85 168 171 292
70 26 145 147 157 210 216 294
70 32 61 100 131 147 178 269
70 22 132 143 162 195 206 284
70 69 127 185 196 266 283 293
70 39 115 166 202 226 255
70 16 105 129 162 187 223
70 50 165 191 197 202 208
70 100 119 206 212 243 259
70 81 96 114 177 179 227
70 15 57 71 92 120 122
70 42 87 90 146 171 233
70 45 115 171 231 243 245
70 7 22 102 135 153
70 31 63 139 266
70 7 23 125 191
70 109 137 156 249
70 34 176 178
70 169 186 254
70 23 190 291
70 75 132
70 258
71 27 41 114 129 202 217 249 265 270 279
71 25 28 67 70 93 158 199 233 255 282
71 4 29 47 108 157 245 259 272 289
71 10 43 74 149 156 166 200 231
71 21 106 110 143 149 160 164 172
71 8 9 11 56 134 241 282
71 8 14 57 159 195 205 289
71 0 138 152 163 183 186 241
71 65 75 113 161 164 234 245
71 17 68 96 144 174 217 265
71 12 20 58 61 123 237
71 48 125 151 152 211 256
71 62 95 139 248 254 297
71 72 122 178 194 214
71 15 173 185 222 292
71 3 36 85 118 144
71 92 194 221 279 288
71 49 53 143 149 198
71 13 130 161 196 197
71 101 248 268 274 285
71 24 120 147 148 246
71 97 98 143 156 265
71 72 81 129 267 271
71 25 172 207 285 290
71 113 143 160 247
71 83 100 114 144
71 119 128 175 262
71 16 157 253 260
71 67 77 287
71 20 87 257
71 44 69 262
71 17 190 226
71 212 267
71 6
71 59
72 0 1 108 113 125 128 129 131 153 181 197
72 12 16 24 69 74 88 109 176 289 296
72 11 135 169 180 184 204 222 232 243 288
72 16 35 63 79 98 143 218 250 251
72 53 58 67 91 105 161 226 229
72 53 102 144 156 161 223 233 281
72 13 55 82 85 116 152 280
72 58 108 145 215 237 239
72 38 49 203 236 249 261
72 3 17 36 107 125 186
72 7 29 36 78 198
72 32 46 67 83 165
72 12 43 93 103 266
72 52 81 190 256 281
72 149 150 238 295
72 55 125 202 277
72 77 88 210 244
72 0 99 205 259
72 92 98 112
72 58 173 284
72 36 48 172
72 39 256
72 106 107
73 15 38 73 88 102 203 233 252 270 285
73 16 54 98 113 114 116 219 221 229 278
73 58 125 174 201 217 254 264 274 282 284
73 39 41 60 74 87 97 140 221 271
73 9 10 122 123 201 219 254 257 274
73 42 44 80 91 94 136 194 210 288
73 23 36 95 116 118 155 165 249 262
73 115 118 125 131 142 274 276 277
73 36 95 97 171 193 268 270 279
73 94 98 108 118 143 207 210
73 32 89 91 153 155 253 276
73 0 51 81 209 220 226 297
73 76 194 231 254 266 281 286
73 18 20 39 114 117 232 277
73 24 50 101 162 198 218 251
73 27 43 51 98 166 177 276
73 42 46 55 192 235 247 255
73 8 122 140 220 235 269 292
73 91 116 141 203 213 224
73 7 24 26 150 187 196
73 6 26 127 184 249 256
73 120 163 217 233 251 281
73 71 81 180 189 214 276
73 105 156 186 227 237 279
73 3 64 73 90 188 246
73 45 74 177 238 252 297
73 39 128 159 207 258 287
73 121 138 249 255 299
73 47 126 190 194 262
73 50 145 188 211 259
73 68 168 245 283 289
73 44 48 79 96 194
73 10 48 62 186 280
73 16 77 210 260 270
73 2 50 143 189 281
73 17 111 112 215
73 29 87 135 145
73 8 105 165
73 19 46
74 32 41 42 68 95 121 135 187 204 216
74 10 23 41 56 79 98 99 129 229 297
74 14 42 57 69 74 103 112 183 271
74 1 2 20 33 44 45 143 158 220
74 83 137 147 149 150 159 193 273
74 67 138 178 204 209 249 273
74 23 31 54 72 133 187 207
74 17 30 46 123 258 270 274
74 20 41 91 139 153 237 244
74 6 41 49 105 167 172 221
74 60 72 119 159 268 276
74 0 88 115 148 230 298
74 41 71 101 111 241 243
74 40 102 154 189 276
74 29 34 131 229 246
74 28 110 186 249 253
74 72 84 100 239 271
74 182 187 201 220
74 17 44 140 235
74 4 8 139
74 87 227 262
74 18 41 218
74 155 213
74 40 227
74 89
75 14 46 70 89 103 116 139 149 164 204 258 260 291
75 17 21 55 58 123 140 146 188 217 218 254 282
75 17 62 69 173 179 219 244 264 285 292
75 0 27 96 117 136 185 190 243 259 273
75 12 19 20 96 118 187 215 243 263 293
75 75 91 105 108 128 161 166 210 223 297
75 6 91 101 103 108 202 224 229 283 291
75 3 21 64 143 154 164 184 212 261
75 17 41 85 98 114 188 204 255 298
75 34 136 138 160 188 199 225 243 293
75 75 91 100 136 140 151 218 241
75 19 84 89 123 132 146 195 230
75 17 66 98 121 165 211 249 250
75 3 42 59 77 87 88 154 259
75 22 82 89 176 214 219 230 276
75 44 51 80 169 226 282 292
75 40 70 84 111 116 224 298
75 46 65 155 160 194 209 249
75 63 103 152 194 252 295
75 70 93 110 183 196 265
75 20 117 130 153 251 275
75 53 58 95 119 137 174
75 78 110 112 212 213 229
75 75 83 179 202 205
75 55 173 256 275 284
75 5 20 56 237 271
75 26 106 195 201 227
75 15 114 204 278
75 70 96 113 168
75 61 121 158 226
75 13 61 228 256
75 35 183 279 286
75 219 252 260 286
75 90 205 210 297
75 22 35 92 263
75 137 182 233
75 11 56 153
75 9 149 282
75 3 107
75 93 201
76 41 50 88 94 101 107 116 145 196 251 254 270
76 7 8 60 118 125 144 157 184 194 201 211
76 42 68 92 135 153 158 160 226 234 277 287
76 23 34 48 114 166 254 255 260 299
76 8 48 108 121 158 162 174 249 296
76 51 122 161 175 217 238 268 298
76 26 61 62 135 232 272 274 276
76 2 81 150 154 163 198 222 258
76 40 94 163 173 210 247 286 287
76 7 29 36 57 218 221 266
76 49 92 119 127 273 285 298
76 13 32 62 129 207 218 259
76 23 76 99 120 218 258 261
76 12 35 142 212 278 284
76 6 14 114 133 162 242
76 19 126 164 165 179 277
76 9 75 78 162 211 231
76 59 76 87 104 252
76 14 39 58 71 299
76 7 29 102 197 289
76 13 35 68 191 273
76 27 32 88 260 278
76 37 152 220 257 296
76 47 75 172 215 269
76 4 38 173 190 191
76 120 145 175 180 248
76 44 57 151 170
76 122 203 215 274
76 53 100 157 201
76 295
76 160
77 9 19 44 75 80 101 118 121 167 176 193 232 244
77 1 82 91 117 147 181 233 241 271 288
77 11 72 99 107 168 178 210 224 259
77 52 86 104 153 198 207 218 223 280
77 12 67 114 153 164 191 247 256
77 2 100 205 219 223 249 265 291
77 18 52 90 101 178 237 269 295
77 49 132 166 201 212 217 236 270
77 45 50 90 102 228 236 278
77 62 64 65 127 241 271 276
77 9 76 88 141 179 228 261
77 36 103 190 199 204 250 281
77 88 90 100 152 167 268
77 4 139 150 176 197 268
77 59 76 92 102 128 171
77 31 117 129 202 259 262
77 15 54 82 169 247 274
77 3 187 193 270 279 295
77 61 147 159 164 204 278
77 96 150 183 184 233 254
77 1 12 205 219 298
77 140 173 208 229 288
77 12 119 180 189 224
77 121 199 279 281 292
77 53 167 219 241 282
77 83 133 174 288 290
77 92 193 234 255 276
77 31 56 85 188
77 93 160 193 285
77 92 120 281 290
77 10 161 204 272
77 56 108 148
77 113 183 206
77 18 138 243
77 63 75 234
78 97 99 128 134 154 166 188 219 225 231 243
78 21 28 41 48 56 68 122 195 196 240
78 27 41 69 169 192 239 264 284 294
78 50 85 118 121 124 208 222 245 271
78 43 58 100 142 145 209 250 283 291
78 1 30 49 100 116 176 248 279
78 22 46 107 171 255 279 287 299
78 146 182 194 208 247 255 269 290
78 0 78 122 149 194 208 221
78 114 208 225 243 252 263 267
78 4 47 123 192 195 277 285
78 51 52 81 150 153 235
78 24 48 99 174 177 182
78 10 27 70 164 185 240
78 144 152 164 197 263
78 87 146 185 291
78 153 232 238 265
78 33 72 201 235
78 179 192 219 291
78 7 52 109 205
78 68 137 285
78 0 93 220
78 35 117 155
78 78 219
78 67 191
79 31 69 74 88 94 120 169 183 201 203 232 292
79 8 27 68 74 95 108 158 190 228 270
79 16 30 115 154 170 211 228 276 284 287
79 9 33 80 148 159 169 209 235 261
79 18 25 28 54 91 119 202 260 270
79 46 49 77 86 112 131 137 197
79 16 47 99 115 161 179 229 269
79 64 87 113 117 225 257 264
79 5 8 33 101 147 163 292
79 27 35 50 71 124 155 246
79 32 38 48 141 158 191 281
79 2 37 53 93 137 175 254
79 48 75 85 124 184 218 248
79 8 68 75 96 136 194
79 58 102 105 112 177 220
79 50 59 152 199 268 273
79 79 96 186 197 198 299
79 34 49 78 80 186 294
79 6 98 151 176 232
79 35 115 157 263 265
79 52 114 136 173 179
79 22 43 181 211 297
79 107 145 239 269 298
79 90 170 262 299
79 62 109 232 298
79 10 11 73 210
79 34 116 117
79 0 62 280
79 65 114 261
79 98 262 295
79 175 224
79 216 217
79 44 292
80 5 13 23 37 50 75 77 168 179 184 196 197 198 219 239
80 63 92 130 245 254 280 281 295 296
80 28 38 68 88 110 118 134 262 276
80 51 77 83 120 150 151 216 241 299
80 16 36 59 157 184 272 286 292
80 20 87 112 127 179 194 244 293
80 1 87 104 148 153 208 288
80 26 102 120 168 205 231 243
80 52 88 129 170 216 289
80 19 36 92 144 169 206
80 120 180 221 230 291 293
80 62 87 108 135 171 245
80 11 33 122 137 233 283
80 16 29 51 190 242 276
80 2 96 229 230 236 247
80 54 60 165 181 216 229
80 24 176 199 241 272
80 134 175 182 253 296
80 17 92 161 252 261
80 39 74 112 212 288
80 35 143 164 221 256
80 27 45 71 157 259
80 23 107 202 219
80 33 44 203 265
80 16 80 170 278
80 8 136 152 245
80 100 139 210 234
80 23 125 134 260
80 63 66 227
80 39 214 219
80 27 252 264
80 30 251
80 4
81 10 21 30 52 115 165 200 219 255 295 298
81 42 44 47 106 196 204 211 263 287 291
81 18 34 35 50 87 88 109 120 133 196
81 32 62 72 147 171 185 187 261 265
81 26 37 108 124 129 138 168 200 279
81 27 35 62 91 220 226 246 287 289
81 40 100 126 145 149 179 183 211 294
81 32 47 54 79 142 186 239 245
81 5 75 88 130 170 237 273 276
81 15 66 98 107 113 288 293 294
81 24 39 42 89 174 224 247
81 24 71 91 202 228 259 290
81 81 100 112 172 180 200
81 0 7 118 160 203 277
81 44 57 92 217 226 264
81 43 45 137 181 218 265
81 2 27 121 172 225 241
81 20 117 177 180 234 278
81 81 93 116 215 271 297
81 0 69 91 142 170 227
81 14 132 168 240 250 276
81 53 62 121 160 226 278
81 37 44 46 52 214
81 125 145 151 153 283
81 122 129 156 188 215
81 31 49 101 123 295
81 19 63 153 181 252
81 9 17 29 202 236
81 111 222 228 251 255
81 11 144 191 283
81 28 188 195 259
81 59 77 143 152
81 72 140 198 299
81 19 205 237
81 74 166
81 21 93
82 8 11 68 85 100 148 166 171 209 233 268
82 17 63 70 122 137 146 168 215 252 257 272
82 9 41 86 94 109 182 201 232 236 242
82 37 89 101 105 107 156 176 200 264
82 68 77 126 134 150 154 174 202
82 99 104 107 126 136 149 165 193
82 41 64 67 69 108 115 119 129
82 2 73 101 168 180 205 275 293
82 29 88 93 103 108 111 205 291
82 2 146 166 229 230 291 297
82 43 65 152 173 220 240 281
82 8 139 218 220 227 256 273
82 11 33 58 61 127 140 234
82 7 37 113 190 254 284 299
82 45 86 99 135 235 287 299
82 107 131 138 162 221 267
82 37 38 134 193 253 269
82 43 67 138 160 174 202
82 37 109 163 179 182 247
82 3 20 48 56 129 283
82 21 40 73 153 263 295
82 51 124 214 224 268 291
82 41 70 131 182 218 241
82 34 80 129 186 195 217
82 27 33 93 172 265
82 24 89 222 246 270
82 66 97 259 281 289
82 6 108 128 142
82 9 125 159 267
82 9 23 109 232
82 46 92 205
82 7 55 207
82 175 273
82 29 126
83 26 73 111 135 156 203 214 221 227 234 241 290
83 1 10 33 47 100 170 191 195 208 266
83 26 48 87 129 148 150 189 225 240
83 10 76 178 185 221 224 279 288 299
83 2 61 84 89 122 150 175 278
83 26 40 62 204 230 241 275 282
83 19 37 42 93 137 183 202
83 19 20 40 55 59 177
83 128 129 167 235 240 258
83 21 25 90 122 147 165
83 22 111 117 193 232 238
83 11 76 88 167 209 252
83 26 27 131 134 155 179
83 5 84 173 250 252 297
83 93 114 156 176 287
83 8 22 64 158 190
83 97 113 168 245 291
83 254 269 271 296 297
83 74 92 212 264 291
83 57 90 183 212 220
83 7 111 127 160
83 128 181 199 203
83 48 150 151 165
83 22 75 184 275
83 13 79 226 239
83 123 144 166 266
83 57 205 232 287
83 78 142 186 261
83 41 154 159
84 36 58 81 86 89 95 101 108 130 159 205 233 245 282
84 7 35 80 94 98 114 130 149 265 280
84 11 91 102 117 124 149 189 254 268 283
84 3 49 71 78 103 105 126 161 164 179
84 9 21 47 51 53 114 236 269 275
84 17 45 101 123 178 185 189 201
84 1 29 48 62 87 176 221 257
84 22 45 96 127 237 261 285 299
84 11 23 148 181 189 191 290
84 50 109 116 147 224 233 295
84 50 61 72 79 85 221 261
84 8 63 118 128 132 140 188
84 14 50 107 170 210 238 241
84 89 127 141 254 265 298
84 17 55 61 197 222 296
84 23 57 169 212 240 274
84 95 134 179 197 262 297
84 63 66 74 151 194 224
84 14 16 94 227 269 277
84 54 130 146 269 275
84 117 142 200 231 256
84 10 148 241 256 297
84 84 86 203 280 295
84 28 122 132 170 285
84 14 70 181 237
84 10 85 149 166
84 20 40 105 160
84 0 58 81 96
84 5 142 179 284
84 18 36 59 203
84 52 58 149 261
84 31 177 182
84 55 154 294
84 209 260 279
84 61 87 114
85 9 16 25 44 87 142 167 173 207
85 8 27 139 159 190 196 216 258 298
85 9 10 13 64 93 100 218 273 293
85 1 25 91 100 154 202 219 261
85 16 57 114 131 147 221 231 253
85 9 31 69 121 224 237 287
85 32 35 45 56 195 282 287
85 2 105 164 166 198 219
85 9 12 49 121 196 255
85 35 79 109 146 166 184
85 0 11 46 57 86 125
85 77 102 161 172 177 199
85 4 143 275 276 293 296
85 25 79 141 154 242 274
85 32 116 120 250 278
85 228 236 259 286 290
85 85 144 255 287
85 110 115 120 251
85 14 114 232 254
85 83 137 247 257
85 68 220 285 287
85 48 51 289
85 158 195 251
85 150 180 220
85 83 245 275
85 38 54 287
85 223 234
85 161 215
85 114
86 25 36 91 93 131 161 219 230 248 271
86 1 64 87 102 171 181 194 265 284
86 28 45 76 153 178 217 226 268 283
86 32 35 40 58 87 122 131 219 260
86 31 110 112 113 122 131 149 176
86 13 79 91 144 215 224 225 229
86 60 99 114 169 191 257 258 299
86 16 90 190 191 232 245 248 296
86 38 54 56 70 188 240 248 268
86 59 64 157 181 191 211 257
86 113 156 161 213 232 236 283
86 35 50 72 127 145 179 193
86 106 120 128 176 199 221 299
86 60 122 126 134 146 199 272
86 47 61 180 213 252 260 273
86 24 50 121 143 148 162 260
86 17 46 104 115 178 286
86 31 37 150 240 270 299
86 107 117 135 142 226 242
86 1 25 107 112 256 297
86 67 87 95 96 193
86 13 86 137 231 270
86 29 39 65 183 260
86 24 71 196 201
86 28 36 100 235
86 6 60 171 224
86 90 193 236 262
86 30 123 274
86 105 162 275
86 34 236 241
86 50 94
87 9 18 25 37 39 49 105 198 203 227 273
87 8 15 32 51 85 110 142 146 198 232
87 2 19 116 171 197 207 210 219 268 278
87 54 62 96 215 218 220 234 249 279
87 18 46 64 79 145 149 172 198
87 8 24 69 76 138 190 193
87 24 34 64 101 236 245 298
87 86 197 221 235 251 264 269
87 13 15 106 241 244 251 281
87 16 41 75 88 187 221
87 82 113 130 280 287 288
87 11 20 96 125 145 276
87 3 44 131 151 177 265
87 94 118 127 228 262
87 71 93 174 247 288
87 28 87 106 127 277
87 46 55 134 157 292
87 50 68 132 196 221
87 70 147 205 224 292
87 45 226 275 285 293
87 13 126 167 203 207
87 35 36 112 289
87 102 114 150 253
87 0 35 52 84
87 83 186 230 238
87 53 87 182 199
87 111 172 189
87 25 83 126
87 207 260
87 47
88 35 59 62 130 153 167 225 229 251
88 4 6 26 46 85 122 143 198 297
88 5 25 141 158 171 229 244 290
88 50 58 64 107 188 278 289
88 76 82 139 140 179 284
88 13 95 189 220 226 242
88 23 50 95 201 213 223
88 4 56 89 116 124 133
88 40 65 180 189 289
88 1 28 183 223 254
88 58 105 114 121 140
88 18 60 98 117 140
88 6 124 171 197 225
88 158 190 214 277 282
88 115 140 205 296 297
88 70 79 183 268
88 49 108 117 247
88 13 49 165 262
88 37 75 93 135
88 23 167 201 295
88 108 120 200 272
88 10 36 98
88 188 192 216
88 27 133
89 0 38 47 72 81 86 111 140 179 184 282
89 14 39 50 113 138 184 195 255 282 285
89 24 50 82 85 116 159 210 241 249 265
89 2 10 48 87 191 238 256 259 280
89 12 82 91 105 120 123 217 279
89 19 40 136 145 190 193 230
89 7 19 55 100 115 118 210
89 120 134 159 206 253 254 260
89 4 162 169 202 239 277
89 53 109 173 214 276
89 63 143 156 171 196
89 1 2 62 127 213
89 23 129 143 177 189
89 104 179 181 235 263
89 72 139 156 179 231
89 134 157 203 211
89 54 94 279 288
89 76 86 110 259
89 149 218 246 281
89 28 39 51 249
89 41 199 210 274
89 0 56 150
89 134 180 299
89 45 98 261
89 128 230 264
89 91 219 266
89 8
90 16 50 63 108 130 146 151 153 212 217 231 233
90 8 29 50 53 73 93 94 196 238 248 290
90 17 36 78 115 130 192 219 252 279 282
90 80 118 158 165 217 219 228 254 278
90 12 20 61 101 172 181 186 220 290
90 2 46 79 113 223 224 228 241 286
90 27 35 81 109 173 180 198 242 255
90 18 69 132 167 250 257 271 291
90 28 48 89 119 134 174 265
90 84 143 146 191 204 233 281
90 57 143 153 163 196 283 293
90 120 179 183 203 246 270
90 47 55 109 171 172 241
90 38 100 192 237 245 292
90 50 95 115 145 272
90 27 46 60 131 202
90 85 193 216 280 284
90 99 113 254 275 298
90 30 58 117 129 258
90 13 55 126 131 238
90 17 92 214 217 261
90 17 166 244 286
90 6 174 237 269
90 30 200 214 272
90 83 235 249 271
90 96 118 121 186
90 131 141 177 197
90 249 270 272
90 8 224
90 39 200
91 66 76 98 151 156 158 205 212 215 235 242 269
91 13 19 56 83 130 138 185 196 218 263 266
91 72 91 92 115 211 216 246 253 260 261
91 41 56 102 123 171 192 195 229 231 282
91 14 72 75 78 193 220 260 268 292 295
91 38 51 55 69 95 114 202 258 285
91 12 82 90 98 143 155 189 215 216
91 54 104 166 173 191 218 235 292 299
91 19 22 26 194 206 220 235 294
91 31 50 53 128 194 261 296
91 41 58 63 111 117 156 287
91 25 32 107 110 182 195 199
91 73 168 182 223 255 271 296
91 2 7 65 68 100 219 253
91 19 55 114 189 253 291
91 57 67 197 238 254 258
91 48 81 155 177 189 234
91 99 108 215 216 288
91 43 99 163 226 227
91 0 39 242 243 295
91 31 151 172 177 199
91 0 122 209 246 247
91 3 74 194 195 221
91 15 202 220 267 296
91 11 15 19 277 290
91 29 47 52 111 124
91 88 186 192 262 285
91 49 154 191 197 246
91 50 112 129 209
91 2 13 166 275
91 115 119 199 294
91 54 128 150 269
91 134 136 192 276
91 90 137 269
91 21 115
91 88 166
91 95
91 262
92 6 20 34 87 112 130 142 152 184 200 224 245 279
92 45 98 115 123 141 149 155 163 165 225 262
92 2 27 37 45 51 108 163 221 257 299
92 43 55 67 89 116 153 199 247 292
92 56 111 118 128 158 171 172 227 284
92 6 30 50 127 138 197 244 251 281
92 12 15 22 62 83 145 236 264
92 23 33 71 72 107 192 209 286
92 20 37 54 94 97 199 203 208
92 19 73 76 187 231 278 288 289
92 9 22 53 113 136 203 295
92 1 33 66 96 115 170 215
92 1 31 185 199 255 258 286
92 2 130 176 219 232 240 245
92 54 104 168 175 261 282
92 26 42 87 123 131 237
92 31 76 152 246 261 269
92 40 55 91 106 124 234
92 78 99 114 178 191 199
92 36 39 51 56 138 139
92 56 88 179 205 226 285
92 45 78 95 129 255
92 11 111 184 202 211
92 61 107 139 203 275
92 9 62 143 231 287
92 68 158 272 276 291
92 117 122 128 182 297
92 106 150 184 216 254
92 77 124 167 180 266
92 137 138 193 228 263
92 6 8 171 222
92 87 96 177 265
92 82 207 210 241
92 85 104 176
92 172 173 245
92 217 263 299
92 61 156 243
93 60 78 93 102 103 142 161 181 191 265 275
93 1 13 25 94 119 183 242 258 259
93 46 84 115 143 155 157 159 218 265
93 10 65 66 148 166 234 261 278 284
93 71 73 93 100 147 168 182 233 253
93 38 102 115 132 197 204 257 282
93 3 22 48 61 83 149 213 244
93 56 83 141 148 150 206 287
93 7 101 121 163 225 277 289
93 79 85 110 112 147 207 242
93 1 32 52 136 175 255
93 3 24 71 130 165 177
93 180 196 215 230 263 268
93 10 78 98 195 226 244
93 21 99 194 237 246 273
93 20 115 133 165 288 296
93 2 173 269 280 291
93 49 121 208 243 261
93 49 72 200 251 273
93 87 205 215 240 281
93 37 45 69 129 169
93 12 40 107 140 272
93 93 122 157 227 278
93 55 154 187 235 265
93 70 164 232 266 273
93 29 86 277 290
93 5 108 129 297
93 163 219 246 297
93 0 126 294
93 119 125 252
93 110 265
93 217 263
94 63 69 70 207 221 231 236 242 247 256 259 262 285
94 72 80 87 90 126 135 184 199 284 289
94 18 48 60 91 123 179 184 194 205 218
94 20 29 38 56 65 124 189 210 271 283
94 33 68 76 115 127 136 137 179 209 293
94 8 15 62 86 115 188 249 252
94 48 49 99 173 184 221 244 259
94 9 10 170 228 241 253 264
94 31 66 70 74 100 174 229
94 14 53 128 133 138 267 269
94 16 17 39 59 73 163 221
94 11 32 54 215 267 283 291
94 5 22 166 217 237 271
94 148 172 211 277 284 292
94 42 182 196 207 268 278
94 53 81 96 97 123 298
94 60 145 148 213 270 286
94 6 19 96 118 178 232
94 117 130 180 190 207
94 15 31 61 191 244
94 165 171 187 218 258
94 23 82 106 113 117
94 11 48 158 294
94 231 233 265 275
94 7 65 221 247
94 90 96 239 286
94 5 48 223 255
94 27 133 143 238
94 123 146 280
94 11 50 156
94 128 135 141
94 92 142 265
94 134 136 261
94 107 156 242
94 212 269
94 55 288
95 7 9 23 131 139 155 168 172 194 212 285
95 4 6 14 81 94 110 129 130 200 253
95 4 24 41 144 180 189 229 260 265
95 19 41 48 73 230 239 243 245 249
95 97 146 174 183 192 224 251 267 289
95 3 23 63 89 102 107 119 226
95 89 90 152 199 238 244 276 284
95 23 25 47 105 113 127 158 176
95 5 20 37 135 191 202 267 296
95 14 28 52 77 115 196 224 226
95 6 100 220 222 225 233 273 277
95 14 78 88 104 122 161 218 245
95 47 53 64 80 100 123 142
95 46 59 89 107 157 186 299
95 103 154 159 182 192 241 280
95 36 107 144 175 242 262
95 7 67 168 177 179 287
95 44 59 117 120 179 294
95 78 105 139 141 160 269
95 83 92 97 134 255
95 27 153 234 257 294
95 117 172 204 221 289
95 53 57 60 116 226
95 69 117 123 149 209
95 0 19 122 252 274
95 62 148 159 182 225
95 65 79 89 98 130
95 40 87 101 249
95 56 119 165 190
95 26 147 195 277
95 50 116 172 233
95 6 33 212 249
95 4 114 158 159
95 76 131 212 293
95 42 181 218 253
95 65 161 209 276
95 5 118 165 241
95 133 173 205
96 5 33 41 52 109 151 162 192 219 229 235 247
96 24 47 203 222 231 257 271 274 285 291
96 4 5 73 226 235 237 256 284 295
96 143 162 218 221 239 259 262 266 293
96 8 38 64 119 174 201 283 289
96 40 54 111 135 203 207 233 242
96 5 28 51 62 103 121 256 294
96 44 174 199 255 270 276 281
96 15 31 66 74 92 143 219
96 43 109 171 192 198 264 290
96 51 101 180 264 275 283
96 35 54 75 121 174 286
96 17 39 46 49 160 266
96 1 37 144 184 272 283
96 0 19 77 93 141 233
96 74 110 171 214 219
96 14 105 134 147 212
96 29 85 129 153
96 56 71 221
96 27 191 206
96 71 77 220
96 182
96 103
97 14 18 65 75 117 124 161 240 246 279 281
97 15 57 91 227 231 235 246 249 287 297
97 42 93 107 200 208 248 255 270 277 278
97 13 85 95 195 204 207 220 254 259 293
97 0 44 103 121 123 139 177 233 244
97 132 153 158 159 178 201 231 294
97 92 118 201 202 250 255 262
97 32 175 190 269 286 288 297
97 46 71 109 171 219 258 268
97 50 86 104 165 188 214 254
97 27 98 107 132 135 233 278
97 18 123 178 230 233 275
97 148 154 199 254 274 291
97 23 113 128 183 229 238
97 0 7 131 167 197 200
97 25 166 171 198 230
97 64 74 113 221 231
97 40 58 93 105 123
97 6 18 112 193 252
97 45 62 63 203
97 18 23 138 222
97 102 186 264 297
97 40 134 286
97 44 49 183
97 20 44 214
97 6 68
97 184 232
98 1 14 18 22 29 93 108 167 217 232 254 264 279
98 19 21 23 24 92 100 112 119 172 179 198
98 5 6 37 44 77 148 178 182 250
98 60 98 100 123 179 226 236 238 262
98 88 95 106 108 129 237 259 284 289
98 31 44 49 150 152 164 184 217
98 63 118 129 132 142 152 244 296
98 57 101 107 109 190 253 289 292
98 49 114 120 205 206 223 256
98 5 38 49 85 86 123 196
98 16 67 71 107 111 114 279
98 8 39 158 165 189 269 274
98 116 212 233 246 276 287
98 34 46 87 93 130
98 1 87 153 237 271
98 0 16 51 79
98 93 138 253 290
98 163 194 248 293
98 6 116 206 295
98 94 187 276 280
98 6 82 83 86
98 55 64 176 269
98 6 130 181
98 125 184
98 38
98 195
99 23 27 36 82 140 175 194 220 237 255 271 299
99 2 3 12 47 70 101 109 165 221 241 258
99 3 52 97 110 155 167 190 211 237 282
99 53 83 84 110 134 197 216 233 245
99 0 67 152 155 196 212 228 293
99 63 89 153 156 203 242 244
99 2 59 180 242 250 252 266
99 32 83 111 117 146 245 281
99 125 130 154 172 187 190 283
99 50 67 132 153 267 283
99 54 139 219 254 263 295
99 23 28 76 107 204
99 55 65 78 171 216
99 23 110 118 120 143
99 28 41 79 139 234
99 70 87 108 185
99 73 107 118 254
99 7 16 188 290
99 86 157 227 281
99 175 209 239 252
99 4 75 197
99 9 56 245
99 133 163 184
99 145 181
99 79 253
99 86 171
99 37 70
99 279
100 3 33 42 70 97 140 145 174 264 273
100 28 29 40 41 90 142 153 183 196
100 27 29 65 111 116 169 208 211 224
100 21 55 153 165 205 249 263 280
100 4 76 204 224 267 277 285 290
100 5 46 51 142 183 186 244 273
100 6 51 54 76 110 115 156 204
100 4 41 110 152 186 237 285
100 43 191 238 243 253 258
100 13 25 63 73 156 296
100 87 148 218 225 236
100 11 60 116 158 189
100 4 112 174 204 282
100 86 148 165 176 267
100 10 183 203 213 224
100 140 154 197 207 231
100 88 94 205 296
100 124 153 219 274
100 36 39 74
100 84 202 235
100 155 186 271
100 45 152 289
100 142 248
100 124 209
