267 3701
996 0 1 2 3 4
980 5 6 7 8 9 10 11
996 0 1 2 3 4
961 12 13 14 15 16
536 5 6 7 8 16
959 17 18 19 20 21 22 23
279 0 3 4
536 5 6 7 8 16
996 0 1 2 3 4
536 5 6 7 8 16
678 3 4 14 15
1364 0 16 24 25
536 5 6 7 8 16
641 24 25
1034 0 7 8 16 24 25
1140 9 10 11 17 18 26 27
811 28 29 30 31 32 33
38 24 25
621 0 3 4 12 13
637 0 7 8 16
536 5 6 7 8 16
339 22 23 28 29 30 31
1169 16 34 35 36
735 7 8 16 34 35 36
599 0 3 4 17 18 37 38
771 0 24 38 39 40 41 42
1286 0 24 37 38 43
536 5 6 7 8 16
441 24 25 37 38
673 14 15 24 38
610 3 4 34 35 36 41 42
555 3 4 22 23 25 37
788 24 25 44 45
844 16 34 35 36
693 0 3 4 41 42
847 0 24 38 39 40
1194 0 24 41 42 43
240 3 4 5 6 7 8
798 22 23 46 47 48 49
582 34 35 36 41 42 43 50
882 28 29 39 40 46 47
921 28 29 39 40 41 42
448 3 4 17 18 26 27
735 3 4 25 37 39 40
1056 16 24 25 26 27
661 32 33 48 49
599 0 3 4 17 18 37 38
969 0 3 4 46 47 51 52
500 0 24 37 38 43
1358 0 16 24 53
919 0 7 8 28 29 54 55 56
714 0 7 8 22 23 54
1081 0 7 8 9 10 11
821 0 3 4 30 31 48 49
1028 0 7 8 16 24 53
691 3 4 17 18 37 53 55 56 57 58
830 3 4 17 18 37 38 53 57 58 59
477 17 18 26 27 54 60 61
980 5 6 7 8 9 10 11
1348 5 6 7 8 16
1162 43 51 52 55 56 59 60 61
877 26 27 28 29 54 55 56 60 61
895 28 29 39 40 41 42 55 56
693 3 4 28 29 30 31 53 55 56 59
1082 28 29 37 38 46 47 55 56
509 3 4 24 26 27 53 55 56
605 3 4 25 37 39 40 55 56
855 28 29 37 38 39 40 55 56
1051 37 38 39 40 46 47
691 3 4 30 31 37 48 49 53
636 48 49 53 54 59 60 61 62 63
776 22 23 30 31 64 65
807 37 53 54 55 56 57 58 64 65
850 37 38 46 47 53 54 59 64 65
765 37 43 53 54 55 56 59
831 24 43 53 55 56 59
665 3 4 34 35 36
491 28 29 30 31 37 38
663 22 23 28 29 62 63
1041 16 28 29 46 47 53 59
752 26 27 32 33 54
263 28 29 66 67
864 28 29 37 39 40 43 55 56
859 34 35 36 54 55 56
1179 17 18 53 54 59 60 61
936 12 13 26 27 54 55 56 60 61
1203 26 27 51 52 54 60 61
1022 0 24 25 41 42 54
980 0 28 29 41 42 54
717 0 7 8 17 18 37 38 54 55 56
722 28 29 53 54 55 56 59 60 61 62 63
582 22 23 37 46 47 53 54 55 56
764 53 54 55 56 57 58 59 60 61 64 65
804 53 54 55 56 59 62 63 64 65
917 0 54 55 56 64 65
842 28 29 53 54 55 56 59 62 63
977 28 29 46 47 53 54 55 56 59
782 17 18 22 23 37 53 54
1064 0 24 37 38 53 54
915 0 7 8 37 38 54 55 56
996 37 38 46 47 51 52 53 54 59
1002 0 1 2 7 8 54
1148 12 13 26 27 54 60 61
1179 17 18 53 54 59 60 61
818 28 29 53 54 55 56 57 58 59 60 61
1194 26 27 54 55 56 60 61
943 0 7 8 48 49 54
999 16 26 27 53 54 55 56 59
776 0 3 4 30 31 37 38
732 3 4 28 29 53 57 58 59 60 61
675 3 4 48 49 53 57 58 59 60 61
241 3 4 53 59 60 61
972 3 4 26 27 60 61
582 3 4 26 27 28 29 55 56 60 61
473 3 4 22 23 26 27 55 56
714 3 4 30 31 37 53 64 65
755 3 4 26 27 51 52 55 56
1104 24 30 31 38 53 59
374 24 26 27 38 55 56
922 0 24 41 42 43
99 7 8
886 37 43 50 53 55 56
563 26 27 55 56 68 69
907 16 53 55 56 59
912 16 28 29 30 31 53 59
633 28 29 30 31 32 33
599 0 3 4 17 18 37 38
969 0 3 4 46 47 51 52
899 0 1 2 7 8 37 38 54
1087 0 8 16 34 70 71
595 0 16 34 70
700 0 24 25 37 43 54 55 56
620 0 34 54 55 56 70 72 73
498 0 7 8 54
530 0 3 4 7 8 24 25
1302 0 41 42 51 52 54
976 0 16 34 50 53 70
971 0 24 37 38 53 54
410 17 18 37 53 54 55 56
742 3 4 17 18 30 31 37 38 53 59
1123 7 8 16 17 18 53 59
575 5 6 54
536 5 6 7 8 16
664 7 8 53 54 59 60 61
316 14 60 61 69
615 3 4 34 35 36 41 42
781 35 36 54 55 56 74
588 3 4 28 29 53 55 56 57 58 59 60
696
539 14 15 37 38 54 55 56
421 24 26 27 53 54 55 56 60 61
246 37 38 39 40 55 56
787 37 38 39 40 55 56
504 37 38 46 47 51 52
841 37 53 54
836 7 8 24 37 38 53
435 37 38 46 47 48 49 53 54 59
907 57 58 60 61 64 65
958 16 53 59 62 63 64 65
592 41 42 51 52 53 54 59
628 34 41 42 53 54 59 70
360 7 8 53 54 59 60 61
702 16 35 36 74
853 39 40 46 47 51 52 55 56
801 28 29 32 33 57 58
938 28 29 46 47 53 54 59
651 26 27 28 29 54 60 61
396 24 26 27 53 54 60 61
829 39 40 55 56
859 34 50 53 70
808 34 35 36 54 55 56
619 16 35 36 55 56 74
478 70 74
890 0 54 60 61
813 0 12 13 54 60 61
1194 0 7 8 12 13 54 60 61
916 26 27 54 55 56 60 61
875 14 15 54 60 61
1070 0 24 38 41 42 53 54 59
829 35 36 41 42 54 74
881 0 24 25 37 38 54 55 56
936 12 13 53 54 55 56 59 60 61
852 12 13 26 27 54 55 56 60 61
923 37 38 53 54 55 56 59 62 63
901 53 54 55 56 59 60 61 64 65
960 14 15 54 55 56
747 28 29 53 54 55 56 59 60 61
966 12 13 22 23 26 27 54
915 0 18 37 38 53 54 59 72
996 0 7 8 37 38 54 55 56
636 37 38 46 47 51 52 53 54 59
1263 0 54
893 17 18 26 27 37 38 54
1148 28 29 53 54 59 60 61 62 63
1071 0 54 60 61
1133 0 7 8 54 60 61
1220 51 52 53 54 55 56 59
911 17 18 26 27 54 55 56
1265 37 48 49 53 54 62 63
1278 26 27 54 55 56 64 65
760 28 29 46 47 53 54 59
743 3 4 30 31 34 35 36
659 3 4 53 55 56 57 58 59
721 3 4 12 13 53 59 60 61
699 0 3 4 7 8 60 61
836 3 4 51 52 53 55 56 59
629 3 4 17 18 26 27 55 56
741 3 4 37 48 49 53 62 63
755 3 4 26 27 55 56 64 65
1234 3 4 28 29 46 47 53 59
514 11 25 37 70
879 0 24 38
1083 16 24 26 27 38 53 59
815 24 25 30 31 37 38
913 7 8 16 53 59 64 65
778 37 38 50 53 62 63
857 16 34 35 36 55 56
710 0 16 48 49
586 14 15 16
570 28 29 32 33 62 63
894 0 3 4 28 29 60 61
822 0 3 4 37 38 57 58
906 0 3 4 48 49 57 58
560 0 1 2 24 38 72 73
1408 0 3 4 7 8 34 70
914 0 16 70 74
821 0 24 53 54
560 0 18 53 54 59 72
1081 0 3 4 7 8 34 70
658 0 7 8 9 10 11
1018 0 37 38 54
637 0 24 38 55 56 57 58
1035 0 7 8 16
848 17 18 22 23 37 43
696 7 8 17 18 37 38 53 54 59
805 16 17 18 26 27
1400 5 6 43 54 55 56 59 60 61
1137 5 6 9 10 11
877 28 29 43 55 56 59 60 61
916 26 27 28 29 54 55 56 60 61
615 28 41 42 54 75
790 3 4 35 36 55 56 74
316 28 29 32 33 55 56 57 58
494 14 55 56 69
436 24 25 26 27 54 55 56 60 61
502 26 27 55 56 66 67 76 77 78
570 22 23 46 47 51 52
627 37 38 62 63 64 65
732 25 34 37 54 55 56 70
771 34 37 53 54 70
741 48 49 53 54 59 62 63
420 48 49 54 60 61 79 80
829 55 56 57 58 64 65
364 37 46 47 53 54 64 65
680 41 42 53 54 59
714 3 4 30 31 48 49 53 59
691 3 4 30 31 53 59 64 65
850 7 8 16 24 25 53 59
777 8 16 34 35 36 71
881 46 47 51 52 53 54 59
662 28 29 30 31 53 54 59
847 28 29 37 53 54 55 56 62 63
718 28 29 37 38 39 40 46 47
1030 22 23 26 27 54
779 16 24 26 27 53
436 16 26 27 39 40 55 56
673 16 34 35 36 50 53 55 56
701 0 34 54 55 56 70
601 16 26 27 55 56 70 74
971 3 4 35 36 55 56 74
758 28 29 30 31 53 54 59 60 61
933 0 28 29 54 55 56 60 61
992 30 31 53 54 59 60 61 64 65
1022 26 27 51 52 54 55 56 60 61
1070 0 24 25 41 42 54
909 35 36 41 42 54 74
437 16 26 27 53 54 55 56 59
704 17 18 53 54 55 56 59
718 14 15 54 55 56 60 61
918 22 23 25 37 54 55 56
1136 30 31 53 54 55 56 59 64 65
1136 37 51 52 53 54 55 56
887 37 51 52 53 54 55 56
764 25 37 39 40 54 55 56
968 17 18 32 33 53 54 59
989 0 12 13 37 38 54
1044 28 29 37 38 53 54 55 56 59
931 26 27 28 29 37 38 54 55 56
1163 37 38 54 64 65 79 80
1232 37 43 53 54 55 56 59
1344 0 24 53 54
1018 12 13 26 27 54
956 5 6 7 8 54 60 61
1003 28 29 30 31 53 54 55 56 59
1046 5 6 7 8 54 55 56
1265 37 46 47 48 49 53 54
1281 26 27 54 55 56 64 65
888 28 29 37 46 47 53 54
555 3 4 25 30 31 59
361 3 4 53 55 56 57 58 59 60 61
515 3 4 12 13 26 27
623 3 4 14 15 60 61
612 3 4 35 36 55 56 74
361 3 4 25 37 39 40 55 56
647 3 4 25 37
911 3 4 53 59 62 63 64 65
774 3 4 51 52 53 59
1104 34 41 42 43 50 53 59 70
1119 24 30 31 38 53 59
1104 24 38 41 42 53 59
1056 24 43 53 59 60 61
806 16 24 25 26 27
1059 0 60 61 76 77 78
883 25 37 63 76 77
578 43 50 53 55 56 59
942 26 27 60 61 68 69
958 16 17 18 53 55 56 59
607 16 26 27 64 65
558 28 29 32 33 55 56 57 58
820 0 3 4 57 58 60 61
641 0 60 61 76 77 78
727 0 1 2 34 54 55 56 70
899 0 1 2 7 8 54 55 56
685 0 1 2 7 8 37 38 54
938 0 16 34 70
840 0 22 23 24 43
551 0 3 4 24 53
709 0 18 37 38 72
1028 0 7 8 54 81 82
486 0 7 8 16 24 53
976 0 54 55 56
840 0 16 34 50 53 70
467 0 3 4 24 53
825 17 18 37 38 39 40
1066 17 18 37 43 53 54 55 56 59
805 17 18 37 38 53 54 59
782 19 20 21 55 56 83 84 85 86
1029 57 58 81 82 83 84
1005 12 13 16 26 27 55 56 85 86
527 5 6 37 43 54 55 56
206 3 4 53 55 56 57 58 59 60 61
524 51 52 60 61
481 3 4 24 26 27 53 60 61
1165 39 40 41 42
958 16 34 35 36 55 56
812 16 28 29 30 31 53 55 56 59
503 3 4 28 55 56 75
735 3 4 26 27 34 55 56 70
923 6 26 37 38 55 56 63 76 77
487 55 56 83 84 85 86
686 22 23
855 46 47 53 54 59 81 82
614 28 29 37 38 39 40 55 56
753 37 38 46 47 64 65
435 24 25 37 53 54
560 24 37 38 53
886 3 4 24 25 37 53
816 24 37 43 53 55 56
812 37 46 47 48 49 53 54
790 30 31 32 33 64 65
661 3 4 37 53 57 58 64 65
790 3 4 46 47 53 59 64 65
1155 16 26 27 53 54 55 56 59
785 16 34 53 59 70
665 7 8 24 38 53 59
684 3 4 35 36 74
452 51 52 54 55 56 79 80
804 28 29 55 56 57 58
548 28 29 37 46 47 53 54
1170 14 15 54 60 61
641 16 26 27 34 70
866 16 26 27
758 25 37 39 40 54
859 8 16 34 35 36 71
835 34 35 36 54 55 56
1020 16 26 27 70 74
1012 16 35 36 74
384 0 24 25 54 60 61
954 26 27 54 55 56 60 61
1203 46 47 53 54 59 60 61 64 65
457 26 27 51 52 54 60 61
1158 17 18 41 42 53 54 59
1011 41 42 51 52 53 54 59
790 34 35 36 41 42 54
495 0 1 2 7 8 54 55 56
384 17 18 26 27 54 55 56
718 26 27 54 55 56 60 61
732 22 23 25 37 54 55 56
985 0 7 8 48 49 54 55 56
985 34 35 36 54 55 56
1160 34 35 36 54 55 56
761 28 29 37 53 54 55 56
806 0 22 23 54
527 26 27 54 60 61 81 82
996 0 7 8 37 38 54
910 17 18 37 38 53 54 55 56 59
774 0 7 8 37 38 54 64 65
1232 37 43 53 54 59 81 82
1289 0 24 53 54
1196 12 13 53 54 59
1123 5 6 54 60 61
982 28 54 55 56 75
791 0 34 54 55 56 70
1223 26 27 54 55 56 81 82
1257 48 49 53 54 59
379 37 46 47 51 52 53 54
768 3 4 18 53 59 85
743 3 4 30 31 35 36 74
699 3 4 53 55 56 57 58 59
893 3 4 18 26 27 83 84 85
614 3 4 25 59 60 61
695 3 4 34 35 36 41 42
749 0 3 4 28 29 55 56
551 3 4 12 13 26 27 55 56
818 3 4 32 33 53 59
755 3 4 37 53 57 58 64 65
441 3 4 26 27 51 52 55 56
579 34 50 53 70
413 24 30 31 38 53 59
879 0 7 8 24 38
969 16 24 26 27 38 53 59
815 24 25 37 38 62 63
591 7 8 16 53 59 64 65
884 26 27 32 33 76 77 78
571 0 41 42 43 50
858 53 57 58 59 60 61 68 69
857 0 16 28 29 55 56
838 0 16 48 49
622 16 28 29 53 59 62 63
596 32 33 53 54 59
594 0 3 4 30 31 87 88
570 0 3 4 30 31 37 38
766 0 3 4 28 29 60 61
1142 0 3 4 28 29 57 58 60 61
901 0 1 2 16 70 74
689 0 1 2 7 8 54 87 88
1019 0 3 4 34 57 58 70 87 88
795 0 34 54 70 87 88
847 0 24 37 38 43 89 90 91 92
971 0 24 38 39 40
733 0 24 37 38 53 54
743 0 34 54 70 72 73 87 88
710 0 3 4 18 53 59 72
1034 0 7 8 24 38 54 73 87
817 0 7 8 16 24 25
868 0 28 29 43 54 59 60 61 89 90
909 0 19 20 21 54 64 65 89 90
885 0 3 4 37 38 57 58
717 0 24 25 41 42 54
341 0 72 88
908 17 18 19 20 21 89 90
825 17 18 37 38 89 90 91 92
974 7 8 17 18 53 54 59
422 17 18 41 42 53 54 59
576 64 65 83 84 93 94
916 24 43 73 83 84 85 89 90
958 30 31 83 84 95 96
782 57 58 83 84 95 96
606 22 23 57 58 83 84
723 12 13 87 88 93 94 97 98
879 12 13 43 59 60 61 89 90 91 92
942 12 13 72 73 85 86 89 90
980 5 6 22 23 54
1003 5 6 7 8 9 10 11
1036 30 31 64 65 87 88 89 90
715 16 34 53 59 70 89 90
786 43 50 53 59 60 61 89 90
507 37 38 43 59 89 90 91 92 95 96
787 16 53 59 89 90
869 35 36 54 74 89 90
544 28 54 75 89 90
1176 14 15 54 60 61 89 90
562 11 26 27 70 89 90
621 16 26 27 89 90
555 3 4 25 37 39 40 89 90
813 64 65 89 90 93 94
908 19 20 21 89 90 91 92 95 96
1013 72 73 85 86 89 90 95 96
679 30 31 48 49 85 88 89 90
857 24 43 53 59 60 61 89 90
316 25 54 55 56 59 60 61
471 14 60 61 69
217 39 40 60 61
693 41 42 51 52
502 41 42 87 88 89 90 91 92 93 94
824 41 42 64 65 85 86 89 90
696 34 35 36 55 56 72 88
648 3 4 28 29 30 31 37 53 55 56
558 3 4 28 29 53 55 56 59 62 63
1021 14 15 54 55 56 95 96
315 16 26 27 55 56 70 74
701 51 52 55 56 66 67
729 24 25 37 38 39 40 55 56
727 3 4 53 55 56 59 93 94
1174 7 8 55 56 73 76 77 78 85
836 46 47 51 52 55 56 85 88
771 19 20 21 87 88 91 92 95 96
1038 41 42 85 88 91 92 95 96
897 16 30 31 53 59 95 96
744 37 38 62 63 87 88 91 92 95 96
916 53 54 55 56 59 62 63 95 96
766 37 38 53 54 59 62 63 95 96
542 3 4 25 37 87 88 91 92
696 30 31 87 88 95 96
981 28 29 55 56 57 58 87 88
965 25 37 54 62 63 87 88
732 22 23 46 47 51 52
401 37 38 39 40 46 47 81 82
808 37 38 39 40 64 65
761 3 4 30 31 37 38 53 59
736 3 4 37 38 53 59 62 63
604 37 38 39 40 55 56 79 96
637 24 25 37 53 54 55 56
787 3 4 37 53 55 56 57 58
678 37 53 68 69
461 46 47 48 49 53 54 59 60 61
590 30 31 64 65 87 88
697 3 4 53 57 58 59 60 61 64 65
661 37 38 39 40 62 63 64 65
933 3 4 46 47 53 59 64 65
714 28 29 41 42 53 54 59
715 3 4 30 31 53 59 64 65
732 24 25 37 38 53 54 59
1171 53 59 68 69
956 16 35 36 74
718 46 47 51 52 87 88 91 92
995 3 4 28 29 30 31 37 53
485 28 29 37 38 57 58 87 88 91 92
708 28 29 37 38 46 47
47 28 29 54 55 56 79 80
1254 16 26 27
641 11 26 27 70
779 16 26 27
784 16 26 27 39 40 55 56
864 37 39 40 43 55 56
659 28 29 37 39 40 43 55 56
859 34 70 71 72 73 99
646 34 35 36 54 55 56
634 35 36 71 72 74 88 99
609 35 36 41 42 54 55 56 74
971 0 11 28 29 41 42 70
673 28 29 30 31 53 54 59 60 61
936 0 54 60 61 64 65 89 90
828 51 52 53 54 55 56 59 60 61
863 26 27 54 60 61 89 90 95 96
992 53 54 59 60 61 64 65 89 90
1067 26 27 51 52 54 55 56 60 61
887 0 41 42 54 70 74
835 0 41 42 54 89 90
514 0 41 42 48 49 54
590 28 54 55 56 75
668 0 3 4 28 29 55 56 57 58
780 0 3 4 55 56
1232 0 3 4 30 31 48 49
740 0 1 2 16 34 70
847 0 1 2 7 8 54 60 61
595 0 34 37 43 54 70 87 88
911 0 16 34 70
848 0 16 24 43 53 59 89 90
1364 0 24 25 37 43 54
472 0 16 24 25
824 0 72 86 95 96
911 0 18 37 53 54 72
650 0 64 65 72 88 89 90 100 101
592 0 3 4 7 8 55 56 100 101
882 0 7 8 24 53 54 55 56
1105 0 43 54 59 60 61 95 96
961 0 54 72 73 87 88
1498 0 3 4 87 88 100 101
872 0 16 34 70
879 0 24 53 54 60 61
1008 0 24 41 42 53 54
467 0 72 88 89 90 100 101
1011 17 18 37 38 39 40
848 17 18 37 53 54
952 7 8 17 18 37 38 53 54 59
856 17 18 53 54 55 56 59
720 83 84 93 94 102 103
712 81 82 83 84 85 86
1025 43 59 83 84 89 90 100 101 102 103
920 64 65 83 84 93 94
513 57 58 83 84 102 103
849 12 13 37 38 39 40
1029 12 13 16 26 27 89 90 91 92
1104 12 13 16 26 27 55 56 85 86
1041 12 13 72 75 88 100
980 5 6 19 20 21 54 87 88
795 5 6 7 8 9 10 11
815 18 26 27 54 85 104 105
1013 95 96 100 101 104 105
1061 28 29 46 47 104 105
462 64 65 89 90 106 107
504 3 4 34 53 59 70 89 90
1070 3 4 7 8 53 59 89 90
880 43 59 89 90 102 103
787 25 54 59 89 90
579 34 35 36 54 89 90
980 28 29 57 58 87 88 89 90
558 7 8 16 28 75 89 90
379 14 15 76 77 78 89 90
321 24 26 27 38 89 90
437 51 52 66 67 89 90
895 37 38 39 40 89 90
992 25 37 54 87 88 89 90 93 94
903 28 41 42 87 88 89 90 91 92 101
947 83 84 85 86 89 90
989 18 37 53 54 85 89 90
394 46 47 48 49 85 88 89 90
355 53 54 59 60 61
138 43 59 60 61 64 65 89 90
961 28 29 60 61
316 28 29 60 61 62 63 87 88
701 14 60 61 69
632 26 27 60 61 68 69
325 34 35 36 41 42 54 55 56
755 39 40 41 42 55 56
1166 3 4 41 42 53 59 93 94
754 41 42 51 52 55 56 85 86
696 8 16 35 36 55 56 71 74
837 3 4 28 29 30 31 37 53 55 56
947 28 29 37 38 53 54 55 56 59 62 63
839 28 29 37 38 55 56 62 63
509 18 26 27 37 38 54 55 56 87
885 3 4 24 26 27 53 55 56
513 28 29 39 40 55 56 60 61
1114 55 56 87 88 93 94 97 98
714 16 53 55 56 59 93 94
921 3 4 7 8 55 56 73 85
941 48 49 55 56 62 63 85 88
836 29 55 56 62 63 87 88 100
684 19 20 21 87 88 91 92 95 96
879 85 88 89 90 91 92 95 96
778 30 31 87 88 89 90 95 96 100 101
806 57 58 60 61 89 90 91 92 95 96
598 37 38 39 40 62 63 95 96
897 30 31 87 88 89 90 91 92 102 103
914 57 58 60 61 87 88 91 92 102 103
828 62 63 87 88 102 103
867 19 20 21 87 88 91 92 95 96
933 18 26 27 54 55 56 85 87 88
643 55 56 87 88 100 101 106 107
971 57 58 60 61 87 88
645 25 37 54 55 56 57 58 87 88
598 22 23 25 37 46 47 54
846 37 38 39 40 46 47 81 82
581 30 31 37 38 81 82
401 30 31 32 81 82 105
584 37 38 39 40 64 65
539 30 31 37 38 48 49
933 37 38 62 63 87 88
627 37 38 46 47 64 65 89 90 91 92
805 25 34 37 54 55 56 70
796 7 8 25 37 54 87 88
771 24 37 38 53 55 56 57 58
859 48 49 53 54 59 62 63
623 37 38 39 40 46 47 48 49
714 64 65 89 90 100 101 106 107
955 30 31 53 54 59 60 61 64 65
639 37 53 54 57 58 64 65
622 37 53 54 55 56 62 63 64 65
751 3 4 37 53 62 63 64 65
790 39 40 46 47 55 56 64 65
680 16 26 27 53 54 55 56 59
556 3 4 30 31 37 38 53 59
842 24 25 53 54 59 60 61
665 41 42 43 50 53 59
823 3 4 35 36 74
890 37 38 39 40 46 47 51 52
554 28 29 30 31 55 56 87 88 100 101
599 108 109 110 111 112 113 114 115 116 117
848 0 3 4 17 18 37 38
1142 0 3 4 30 31 64 65
1184 0 1 2 16 70 74
976 0 1 2 7 8 16
383 0 16 34 50 53 70
1034 0 24 41 42 43
733 0 7 8 16 24 25
1049 0 34 54 70 72 73 87 88
560 0 72 88 95 96 100 101
637 0 3 4 7 8 34 70
1105 0 7 8 16
773 0 54 72 73 87 88
885 0 3 4 57 58 95 96
1081 0 24 25 41 42 54
943 0 7 8 9 10 11
1068 17 18 37 38 39 40
748 17 18 32 33 43 59
884 83 84 93 94 97 98 102 103
698 47 48 49 83 84 93 94 114
1054 3 4 75 83 84 100
609 30 31 37 38 83 84
513 12 13 16 26 27
575 12 13 83 84 85 86
960 5 6 54
39 5 6 7 8 54 87 88
480 104 105
815 104 105
1013 95 96 100 101 104 105
947 28 29 46 47 104 105
946 57 58 60 61 64 65 89 90
723 16 34 53 59 70 89 90
707 41 42 43 50 53 59 89 90
874 3 4 25 37 43 59 89 90
657 53 54 59 89 90
809 35 36 41 42 54 74 89 90
564 28 32 89 90 101 105
283 14 41 42 69 85 86 89 90
958 3 4 26 27 89 90
756 16 24 25 26 27 89 90
625 28 29 47 66 67 89 90 114
911 37 39 40 43 81 82 89 90
854 53 54 59 89 90 93 94
1052 25 37 47 54 89 90 114
815 85 86 89 90 108 109
1057 18 41 42 53 54 59 85 89 90
394 46 47 64 65 85 88 89 90
1104 53 54 59 60 61
673 43 59 60 61 102 103
675 14 15 54 60 61
715 39 40 60 61 81 82
387 28 29 41 42 89 90 110 113 114 115
1096 41 42 81 82 93 94
824 41 42 85 86 108 109
958 35 36 55 56 72 74 88
780 16 28 29 30 31 53 55 56 59
316 28 29 41 42 55 56 110 113 114 115
830 14 55 56 69
674 26 27 54 55 56 102 103
684 24 26 27 53 54 55 56
666 12 13 55 56 66 67 114 115
687 19 20 21 39 40 55 56 95 96
1072 3 4 25 37 55 56 93 94
864 55 56 108 109 114 115
905 47 55 56 81 82 93 94 114
844 7 8 54 55 56 73 85 87 88
821 30 31 55 56 81 82 85 88
662 3 4 55 56 75 100
562 30 31 60 61 87 88 91 92 108 109
737 53 54 55 56 57 58 59 60 61 108 109
650 41 42 108 109 110 113 114 115
445 37 53 54 55 56 93 94 95 96
463 55 56 95 96 114 115
631 41 42 85 86 95 96
879 87 88 95 96 100 101
833 30 31 87 88 89 90 95 96 100 101
832 53 54 57 58 59 60 61 95 96
859 62 63 87 88 89 90 95 96 100 101
435 41 42 95 96 110 113 114 115
527 30 31 37 38 102 103
1029 57 58 87 88 102 103
1057 30 31 37 38 102 103
911 28 29 41 42 87 88 91 92
623 7 8 54 73 85 87 88
920 87 88 95 96 100 101
1174 30 31 81 82 87 88
984 28 29 55 56 57 58 87 88
689 62 63 87 88 102 103
540 22 23 37 46 47 53 54
598 22 23 37 46 47 53 54 55 56
903 37 38 39 40 46 47 81 82
524 81 82 106 107
947 32 85 86 105 116 117
947 32 46 47 51 52 105
778 37 38 91 92 102 103
1124 37 38 47 64 65 89 90 91 92 114
570 28 29 37 38 55 56 57 58
885 37 38 62 63 64 65
763 37 38 54 55 56 79 80
780 25 34 37 54 70 87 88
1295 7 8 25 37 54
699 11 37 53 70
664 37 38 48 49 62 63 89 90 114 115
366 46 47 48 49 53 54 55 56 59
853 64 65 89 90 100 101
1021 30 31 37 38 64 65 87 88 91 92
630 16 30 31 53 59 64 65
565 60 61 62 63 64 65 87 88 91 92
907 64 65 110 111 112 113 114 115 116 117
698 39 40 46 47 64 65
768 28 41 42 53 54 59 89 90 101
795 28 41 42 53 54 55 56 59 101
1065 37 43 53 54 59 108 109
649 16 34 53 59 70
1261 7 8 53 54 59 95 96
777 16 34 35 36
642 46 47 51 52 53 54 59
891 28 29 89 90 100 101 106 107
988 28 29 30 31 37 38 87 88 91 92
996 28 29 37 38 57 58 87 88 91 92
279 0 1 2 3 4
851 0 3 4
779 0 3 4 30 31 87 88
1098 0 1 2 34 54 70
682 0 1 2 18 37 38 72
595 0 7 8 34 54 70
973 0 16 70 74
500 0 24 32 33 43
1364 0 24 37 38 43
683 0 16 24 25
998 0 34 54 70 72 73
521 0 16 18 35 36 72 74
428 0 7 8 37 38 54
612 0 7 8 24 38
947 0 76 77 78
469 0 32 54 105
1408 0 3 4
1028 0 16 34 70
932 0 7 8 16 24 53
943 0 3 4 7 8
390 17 18 37 38 39 40
967 3 4 17 18 53 59
35 17 18 53 54 59 60 61
652 83 84
593 47 51 52 66 67 83 84 114
856 3 4 7 8 73 83 84 85
968 83 84 93 94 102 103
678 28 29 57 58 60 61 83 84
821 3 4 12 13 26 27 55 56 100 101
807 3 4 12 13 53 59 93 94
825 12 13 37 38 114 115
536 7 8 12 13 54 55 56 73 85
1041 5 6 7 8 16
765 5 6 19 20 21 54 87 88
684 5 6 72 88 100 101 116 117
840 18 19 20 21 55 56 85 104 105
871 55 56 100 101 104 105
571 46 47 48 49 104 105
947 3 4 18 37 53 85 116 117
630 46 47 51 52 85 88 116 117
833 57 58 81 82 116 117
754 95 96 100 101 116 117
443 48 49 62 63 116 117
913 24 25 53 54 55 56 59 60 61
577 53 54 59 60 61
441 28 29 57 58 60 61 87 88
886 28 29 60 61 62 63 87 88
469 26 27 54 60 61 118 119
632 39 40 60 61 64 65
539 34 35 36 41 42 54 55 56
564 14 41 42 55 56 69 85 86
901 41 42 64 65 93 94
508 41 42 85 86 116 117
862 35 36 55 56 71 72 74 88 99
679 28 29 30 31 37 53 54 55 56
749 28 29 53 54 55 56 59 60 61 62 63
432 22 23 28 29 30 31 55 56
758 26 27 54 55 56
279 3 4 26 27 55 56 87 88 100 101
612 26 27 55 56 76 77 78
770 47 48 49 55 56 66 67 114
898 25 37 39 40 54 55 56
577 37 53 54 55 56 93 94
1005 55 56 95 96 114 115
732 47 48 49 55 56 93 94 114
891 55 56 72 73 83 84 85 86
1117 55 56 72 73 85 86 95 96
1022 55 56 85 88 106 107
821 43 50 55 56 75 87 88 100
519 30 31 37 38 87 88 91 92 108 109
729 57 58 87 88 108 109
753 22 23 57 58 108 109
325 72 73 87 88 91 92 95 96
738 85 86 95 96 116 117
852 54 55 56 75 95 96 100
837 30 31 37 38 39 40 95 96
965 22 23 57 58 95 96
834 16 53 59 62 63 95 96
919 30 31 55 56 87 88 100 101 102 103
914 37 38 57 58 87 88 91 92 102 103
723 62 63 87 88 102 103
1017 24 25 54 55 56 73 85 87 88
958 54 75 87 88 100
1032 24 25 30 31 37 38 87 88
645 37 38 57 58 87 88 91 92 95 96
598 22 23 25 37 46 47 54
846 37 38 39 40 46 47 81 82
888 30 31 37 38 81 82
855 32 105 106 107
459 28 29 37 38 39 40 55 56
431 37 38 47 64 65 114
870 30 31 37 38 81 82
425 30 31 37 38 81 82
1050 37 38 62 63 102 103
738 37 38 39 40 46 47 64 65
805 25 34 37 54 70
604 7 8 25 37 54 87 88
625 3 4 34 37 53 70
894 37 48 49 53 54 55 56 62 63
960 39 40 46 47 48 49
849 64 65 72 75 88 100
562 30 31 37 38 55 56 64 65 114 115
907 37 38 57 58 64 65
751 16 53 59 62 63 64 65
790 39 40 46 47 60 61 64 65
919 16 26 27 53 54 55 56 59
735 7 8 16 53 59 118 119
615 7 8 16 34 53 59 70
1261 7 8 53 54 55 56 59
629 16 34 35 36
798 46 47 51 52 53 54 55 56 59
904 28 29 55 56 114 115 120 121 122
811 28 29 30 31 37 38 53 54 59
758 28 29 37 38 62 63 87 88 91 92
722 28 29 55 56 110 113 114 115
568 28 29 54 60 61 79 80
711 14 15 54 95 96
622 26 27 54 81 82
1030 26 27 34 54 55 56 70
834 16 24 26 27 53
779 47 51 52 66 67 114
775 16 26 27 39 40 55 56
787 29 30 31 34 35 36 123
610 0 16 34 55 56 70
323 3 4 34 35 36 41 42
663 16 35 36 74
830 0 3 4 48 49 57 58
734 0 41 42 76 77 78
661 0 3 4 62 63 64 65
835 0 1 54 55 56 74 124 125
736 0 1 54 74 87 88 124 125
1036 0 1 16 54 124 126 127
383 0 1 11 118 119 124 125
350 0 1 24 38 124
779 0 1 76 77 78 124
977 0 1 2 34 54 70
899 0 1 2 55 56 72 86
797 0 1 43 50 55 56 124
902 0 1 34 43 50 70 87 88 124
890 0 34 43 50 70 87 88
848 0 3 4 70 74
846 0 24 25 37 43 54
1096 0 3 4 24 25
551 0 16 26 55 56 72 86 128
793 0 18 37 38 72
710 0 72 85 86 88 116 117
686 0 7 8 24 38 54 73 87
740 0 3 4 7 8 95 96 100 101
612 0 7 8 24 53 54
647 0 76 77 78
1005 0 35 41 42 54 55 56 129
1052 0 19 20 21 54 95 96
899 0 54 87 88 128 130
1078 0 1 43 50 55 56 124
1034 0 7 8 16 34 70
1063 0 7 8 16 24 25
978 0 55 56 72 85 86 88
479 0 95 96 125 129 131
825 17 18 37 43 55 56
515 17 18 37 43 53 54 55 56 59
741 17 18 43 59 60 61
579 17 18 19 20 21 35 55 56 129
585 83 84
593 28 29 47 66 67 83 84 114
917 3 4 7 8 73 83 84 85
1025 64 65 83 84 93 94 97 98
1066 64 65 83 84 93 94
958 37 38 47 83 84 114
763 57 58 83 84 95 96
821 12 13 26 27 125 129 131
1020 3 4 12 13 53 59 93 94
973 12 13 19 20 21 55 56 114 115
1149 7 8 12 13 54 73 85
587 5 6 7 8 11 70
723 5 6 35 41 42 54 55 56 129
903 3 4 5 6 57 58 60 61
616 5 6 7 8 54
570 18 19 20 21 85 104 105 116 117
944 100 101 104 105 116 117
850 37 38 46 47 104 105
740 18 19 20 21 85 87 88 116 117
806 46 47 48 49 85 88 116 117
823 57 58 102 103 116 117
910 85 86 95 96 116 117
533 48 49 57 58 116 117
549 3 4 53 57 58 59 60 61 95 96
829 3 4 43 59 60 61 126 127
737 28 29 53 54 59 60 61 62 63
965 26 27 54 55 56 60 61 118 119
615 60 61 91 92 108 109
796 3 4 34 35 36 41 42
480 28 41 42 43 50 55 56 75
1143 39 40 41 42 64 65
754 28 29 41 42 55 56 114 115
812 8 16 34 35 36 55 56 71
748 35 55 56 102 103 129
727 28 29 30 31 32 33 55 56
941 28 29 37 38 39 40 55 56 62 63
558 28 54 55 56 75 87 88
894 14 15 54 55 56 95 96
494 26 27 37 38 54 55 56 118 119
580 24 25 26 27 54 55 56 60 61
456 16 26 27 55 56
719 39 40 55 56
760 37 39 40 43 55 56 108 109
907 37 53 55 56 76 77 78 93 94
419 55 56 81 82 114 115
727 55 56 83 84 85 86
1219 7 8 55 56 73 76 77 78 85
998 16 18 26 27 55 56 85
916 47 48 49 55 56 85 88 114
619 55 56 81 82 100 101
390 85 86 108 109 116 117 120 121 122
1016 57 58 60 61 108 109
630 30 31 87 88 108 109
633 3 4 53 59 93 94 95 96
771 37 47 53 54 55 56 95 96 114
819 41 42 85 88 91 92 95 96
833 30 31 87 88 95 96 100 101 116 117
903 53 54 57 58 59 60 61 95 96
228 37 38 62 63 87 88 91 92 95 96
699 3 4 126 127
755 55 56 72 85 86 88 126 127
834 54 55 56 126 127
527 30 31 55 56 87 88 100 101 102 103
744 57 58 87 88 102 103
871 22 23 57 58 102 103
623 37 43 87 88 91 92 102 103
678 87 88 95 96 100 101
921 30 31 37 38 87 88
816 16 57 58 87 88 126 127
39 3 4 25 37 62 63 87 88
766 81 82
519 39 40 46 47 81 82
825 32 81 82 93 94 105
353 32 48 49 57 58 105
870 37 38 114 115 116 117
425 30 31 37 38 81 82
1050 37 38 62 63 102 103
787 37 38 39 40 46 47 64 65
1003 3 4 25 37 57 58 87 88
637 24 25 37 43 87 88
659 3 4 37 53 55 56 57 58
496 7 8 37 53 54 95 96
788 37 38 46 47 48 49
867 11 48 49 79 80 125
714 64 65 87 88 100 101 106 107
955 30 31 53 54 59 60 61 64 65
641 37 53 54 57 58 64 65
683 0 3 4 106 107
555 0 3 4 60 61
663 0 3 4 48 49
801 0 3 4 64 65
824 0 3 4 46 47 48 49
963 0 1 54 87 88 124 125 132
653 0 1 18 37 38 54 87 124
619 0 1 54 95 96 124 128 130
1033 0 1 25 37 54 124 133
578 0 1 16 53 59 124 133
1133 0 1 3 4 24 53 124
779 0 1 16 74 124 134
684 0 1 2 34 54 70
710 0 1 2 43 59 81 82 133
412 0 1 2 3 4 7 8
560 0 34 54 70
1025 0 3 4 7 8 34 70
1019 0 16 70 132 134 135
1043 0 34 54 70 87 88
669 0 54 70 132
348 0 34 41 42 54 133 136 137
410 0 37 43 95 96 133
783 0 41 42 43 59 133
502 0 3 4 25 59 133
552 0 24 43 87 88
846 0 16 24 25
1025 0 3 4 24 25
1168 0 24 25 133
752 0 72 86 108 109
1038 0 18 37 38 39 40 72
802 0 72 85 86 88 95 96
1078 0 7 8 54 60 61 118 119
691 0 7 8 16 70 74
728 0 7 8 39 40 102 103 133
1039 0 7 8 129 131 134
1486 0 9 10 11 134 135
1092 0 16 34 134
1217 0 11 125 132 134
1113 0 54 102 103
773 0 41 42 54 118 119
1161 0 3 4 57 58 95 96
916 0 1 76 77 78 124
1105 0 25 37 54 87 88 133
833 0 28 29 41 42 43 59 133
1071 0 39 40 95 96 133
824 0 11 24 25 125
989 0 72 88 100 101 116 117
959 0 54 60 61 132 134
862 17 18 19 20 21 22 23
555 17 18 26 27 37 53 54 133
912 17 18 53 54 59
935 1 17 18 53 59 124 133
353 17 18 32 43 59 105
632 17 18 35 55 56 129
748 17 18 26 27 133
773 83 84 93 94 97 98 102 103
606 47 83 84 93 94 102 103 114
722 7 8 73 76 77 78 83 84 85
980 22 23 29 30 31 83 84 100
811 30 31 48 49 83 84
1053 12 13 26 27 54 87 88 128 130
493 9 10 11 12 13 26 27
654 12 13 41 42 91 92
825 12 13 37 38 47 114
425 7 8 12 13 54 55 56 73 85
620 5 6 7 8 133
1030 3 4 5 6 128 130 138 139
723 5 6 16 26 54 55 56 128
1123 3 4 5 6 57 58 60 61
879 5 6 37 43 87 88 133
748 5 6 26 27 54 133
961 5 6 26 27 54 55 56 133
738 5 6 7 8 37 38 54
840 16 18 26 27 56 64 85 104 105
871 55 56 100 101 104 105
522 46 47 48 49 104 105
689 28 29 47 66 67 114 116 117
727 30 31 85 88 102 103 116 117
891 29 62 63 87 88 100 116 117
671 37 53 57 58 116 117 133
971 75 76 77 78 100 116 117
617 110 111 112 113 116 117
481 1 53 54 59 60 61 95 96 124
663 43 59 60 61 102 103
720 3 4 28 29 53 59 60 61 62 63
430 3 4 26 27 60 61 118 119
644 60 61 91 92 95 96
148 35 36 41 42 54 55 56 135
642 28 29 41 42
755 39 40 41 42 55 56 93 94 102 103
1096 3 4 41 42 53 59 93 94
556 41 42 85 86 108 109
605 34 35 36 55 56 71 72 88 99
1075 3 4 35 36 55 56 132
882 16 35 55 56 74 137
814 28 29 30 31 37 38 53 54 55 56 59
1036 28 29 53 54 55 56 59 62 63
566 11 28 55 56 75 125
817 14 37 38 47 55 56 69 114
266 26 27 54 55 56 108 109
322 3 4 26 27 55 56
539 26 27 55 56 64 65 133
580 24 26 27 53 54 55 56 60 61
818 16 26 27 55 56
605 47 51 52 55 56 66 67 114
454 3 4 25 37 39 40 55 56
399 39 40 55 56 64 65
895 55 56 93 94 97 98 102 103
713 53 54 55 56 59 93 94
864 37 38 55 56 114 115
765 47 55 56 81 82 93 94 114
1067 7 8 54 55 56 73 85 95 96
446 47 55 56 64 65 85 88 114
739 55 56 75 76 77 78 100
914 55 56 108 109 114 115 120 121 122
554 16 30 31 53 59 108 109
798 108 109 110 111 112 113 114 115 116 117
903 37 53 54 93 94 95 96
827 16 26 27 55 56 95 96 114 115
977 19 20 21 55 56 85 86 95 96
939 87 88 95 96 100 101 106 107
738 30 31 53 54 59 95 96
727 32 57 58 95 96 105
580 3 4 53 59 62 63 95 96
638 3 4 30 31 37 38 126 127
393 37 43 55 56 126 127 133
621 72 88 126 127
641 0 3 4 30 31 64 65
881 3 4 5 6 138 139
942 0 3 4 87 88 100 101
650 0 3 4 28 29 46 47
435 0 1 54 55 56 124 125 132
766 0 1 35 54 55 56 95 96 124 129
886 0 1 16 54 74 124 136 137
844 0 1 54 118 119 124
627 0 1 54 60 61 118 119 124
825 0 1 3 4 34 70 124
595 0 1 37 43 95 96 124 133
601 0 1 39 40 55 56 124 133
679 0 1 24 25 54 55 56 124
708 0 1 54 124 132 134
748 0 1 75 76 77 78 123 124
1036 0 1 2 16 34 70 132 134
761 0 1 2 16 25 59 133
1013 0 1 2 7 8 54 95 96
797 0 1 37 38 43 50 124
495 0 1 34 43 50 70 87 88 124
976 0 3 4 34 70 132 134
1078 0 54 70 135
986 0 7 8 16 34 70
799 0 54 55 56 70 132
1034 0 34 54 133 136 137
1054 0 16 74 133 136 137
909 0 25 37 72 88 133
1048 0 41 42 56 64 114 115 133
901 0 43 59 102 103 133
803 0 16 53 59 132 133 134
880 0 24 43 87 88 91 92 112 113 140
1071 0 24 38 55 56 91 141
1096 0 11 24 25 125
998 0 16 26 55 56 72 86 128
939 0 24 43 72 73 87 88
1038 0 18 24 38 53 59 72
919 0 72 85 86 88 95 96
960 0 7 8 28 29 54 55 56
1251 0 7 8 37 38 54 118 119
492 0 7 8 11 70
764 0 7 8 28 29 133
1081 0 7 8 24 37 38 53 54
825 0 7 8 9 10 11
878 0 11 34 124 125 134 142
907 0 3 4 74 134
898 0 43 54 55 56 59 60 61
1080 0 11 35 54 55 56 137
1082 0 32 33 54
1084 0 37 43 54 95 96
1017 0 76 77 78 128 130
929 0 1 37 38 43 50 124
780 0 34 41 42 54 70
1105 0 3 4 37 53 133
1109 0 28 29 41 42 43 59 133
962 0 43 55 56 59 133
880 0 39 40 133
1071 0 24 38 55 56 91 141
918 0 11 24 25 125
1007 0 72 88 91 92 95 96
989 0 48 49 72 88 110 143
1287 0 54 60 61 132 134
928 0 11 125 131 137
555 17 18 43 55 56 59 140 143 144
937 17 18 37 38 55 56 114 115
807 17 18 37 43 105 145
575 16 17 18 26 27 53 54 55 56 59
1068 17 18 53 59 133
724 17 18 32 33 43 59
707 3 4 17 18 35 36 132
737 3 4 17 18 26 27 128 130
721 16 17 18 26 128
712 47 55 56 64 65 83 84 100 101 114
731 32 83 84 85 86 146
935 81 82 83 84 100 101
1022 83 84 85 86 95 96
678 48 49 57 58 83 84
548 3 4 12 13 26 27 55 56 100 101
493 12 13 39 40
489 12 13 41 42 91 92
1107 12 13 41 42 91 141
904 12 13 55 56 87 88 91 100 101 141
993 12 13 35 91 129 141
999 12 13 37 47 53 114 133
732 7 8 12 13 54 73 85 87 88
637 3 4 5 6 7 8 87 88 100 101
587 5 6 54 55 56 128 130 138 139
838 5 6 35 41 42 54 55 56 129
1506 5 6 54 55 56 128 130
956 1 5 6 16 124
862 5 6 11 26 27 125 133
387 5 6 7 8 54 60 61
724 48 49 93 94 104 105
923 60 61 91 92 104 105
944 30 31 37 38 104 105
440 37 38 46 47 104 105
920 28 29 47 114 116 117
623 47 51 52 85 88 114 116 117
635 3 4 75 100 116 117
835 22 23 57 58 116 117
883 112 113 114 115 116 117 140
961 57 58 60 61 116 117
572 37 38 46 47 116 117
1104 1 3 4 53 59 60 61 124
857 43 59 60 61 102 103
840 25 54 55 56 59 60 61
316 3 4 25 59 60 61
670 14 60 61 69
568 24 25 26 27 54 60 61 87 88
498 60 61 87 88 91 92
860 60 61 87 88 91 141
824 47 60 61 91 95 96 114 141
916 35 41 42 108 109 129
863 28 41 42 54 75
396 39 40 41 42 102 103
855 41 42 55 56 91 141
1168 33 41 42 91 141 145
851 41 42 51 52 55 56 114 115
781 41 42 85 88 91 95 96 141
357 34 35 36 54 55 56
1064 35 55 56 129
882 16 35 55 56 132 137
651 28 29 30 31 37 38 53 54 55 56 59
479 3 4 28 29 37 53 55 56 62 63
596 28 41 42 55 56 101
621 0 3 4 30 31 87 88
852 0 3 4 12 13
814 0 3 4 30 31 37 38
774 0 1 43 50 87 88 124 125 135
817 0 1 76 77 78 124 125 132
913 0 1 32 33 54 124
772 0 1 16 124 147 148
1033 0 1 16 34 124 133 136 137
730 0 1 16 53 59 124 133
1072 0 1 24 38 87 88 91 124 141
783 0 1 16 26 124 128 149
795 0 1 124 132 133 134
822 0 1 16 124
755 0 1 2 37 43 95 96 133
1184 0 1 2 72 83 84 86
847 0 1 2 7 8 16
495 0 34 37 43 54 70 87 88
941 0 3 4 34 70 132 134
1114 0 41 42 54 70 135
969 0 11 34 70 125
799 0 3 4 70 132
669 0 34 54 133 136 137
363 0 34 41 42 54 133 136 137
665 0 37 43 108 109 133
1034 0 14 56 64 69 133
1301 0 43 59 108 109 133
938 0 16 25 59 133
793 0 22 23 24 43
1065 0 11 24 25 124 125 142
734 0 11 24 53 125
997 0 24 25 54 72 73
881 0 18 53 59 72 149
710 0 72 88 102 103 110 143
644 0 7 8 24 38 54 73 87
723 0 7 8 54 95 96 128 130
428 0 7 8 25 37 133 149
624 0 7 8 24 38
764 0 7 8 83 84 85 86 149
910 0 133 134 135 138 139
1066 0 34 54 60 61 134
573 0 7 8 16 74 134
955 0 16 132 134
801 0 54 132 134
1080 0 35 41 42 54 129
867 0 32 33 54
1052 0 37 43 54 81 82
1017 0 54 87 88 128 130
924 0 1 37 38 43 50 124
1035 0 11 34 70 119 125 150
1085 0 37 53 133 149
833 0 43 59 95 96 133
885 0 39 40 95 96 133
1158 0 24 25 41 42 54
1069 0 24 43 112 113 140
1076 0 16 148 149 151
1081 0 112 113 114 115 140 149
996 0 87 88 110 143 149
573 0 41 42 54 132 134
495 17 18 19 20 21 87 88
1011 17 18 37 38 87 88 91 141
628 17 18 37 53 54
641 14 15 16 17 18 53 59 133
477 16 17 18 53 59
696 17 18 26 27 54 60 61
735 16 17 18 26 27
838 25 37 47 83 84 114 133
839 19 20 21 83 84 85 86 95 96
1109 11 75 83 84 100 134
886 83 84 106 107
772 41 42 83 84 141 152
824 12 13 26 27 53 54 59 133
1045 3 4 12 13 37 53 93 94
981 12 13 91 112 113 140 141
666 12 13 47 60 61 91 114 141
620 5 6 7 8 54 128 130
1041 3 4 5 6 128 130 138 139
850 5 6 19 20 21 54 87 88
1030 3 4 5 6 37 38 57 58
1055 5 6 41 42 43 59 133
903 5 6 7 8 11 125
827 16 18 26 27 85 104 105
755 37 38 91 104 105 141
617 41 42 104 105 141 152
360 1 53 54 59 60 61 95 96 124
961 43 59 60 61 81 82
720 28 29 60 61 62 63 87 88
711 3 4 26 27 60 61 118 119
237 60 61 91 105 141 145
681 41 42
710 3 4 28 29 41 42 53 59 110 143
722 26 41 42 68 69 128
1110 41 42 91 105 141 145
665 41 42 102 103 114 115
781 3 4 35 36 55 56 135 153 154
542 35 36 54 55 56 74
594 32 35 55 56 105 129
754 28 29 55 56 100 101 104 105 106 107
844 28 29 53 54 55 56 57 58 59 60 61
642 16 28 29 53 55 56 59 62 63
1082 11 28 55 56 75 125 132 134
611 28 29 37 38 46 47 55 56
727 14 15 24 38 55 56
877 54 55 56 148 151
817 26 27 28 29 54 55 56 60 61
692 26 27 54 55 56 108 109
473 26 27 54 55 56 128 130
450 3 4 25 26 27 37 55 56 133
854 26 27 55 56 149
959 26 27 37 38 55 56 114 115 149
638 16 26 50 53 55 56 128
660 55 56 64 65 66 67 91 141
454 39 40 55 56 81 82
732 39 40 55 56 64 65
820 3 4 37 53 55 56 93 94
343 47 55 56 60 61 64 65 91 114 141
790 55 56 91 95 96 141
905 55 56 81 82 91 141
728 37 38 55 56 91 95 96 114 115 141
1168 48 49 53 55 56 59 91 133 141
702 41 42 51 52 55 56 114 115
773 37 38 47 55 56 91 102 103 114 141
813 47 51 52 55 56 66 67 114
931 32 55 56 85 86 105
998 18 37 53 54 55 56 85
592 47 48 49 55 56 85 88 114
2942 55 56 95 96 100 101
555
780 0 3 4 46 47 48 49
869 0 3 4 41 42 85 86
633 0 3 4 46 47 64 65
955 0 1 3 4 124 125 132
812 0 1 54 102 103 124
751 0 1 3 4 118 119 124
610 0 1 16 34 70 124 132 134
605 0 1 37 43 81 82 124 133
756 0 1 39 40 102 103 124 133
842 0 1 24 53 124 133
760 0 1 87 88 124 141 149 152
812 0 1 64 65 124 125 129 131
488 0 1 2 7 8 16 34 70
710 0 1 2 24 38
1149 0 1 2 3 4 7 8
340 0 1 9 10 11 124
1078 0 7 8 16 34 70
271 0 7 8 16 34 70
914 0 16 34 70 132 134
890 0 43 50 70 87 88 135
1043 0 3 4 34 70
713 0 54 70 132
1034 0 8 16 34 71 133 136 137
942 0 16 34 133 136 137
1132 0 37 53 76 77 78 133
1051 0 41 42 43 51 52 59 133
839 0 25 59 72 88 133
974 0 24 43 105 145
1019 0 24 38 62 63 87 88
733 0 24 53 133
942 0 34 54 70 72 73 87 88
1050 0 18 24 37 38 53 72
699 0 72 73 85 88 149
1352 0 7 8 54 145 146
518 0 7 8 16 118 119
796 0 7 8 133
1034 0 7 8 133 155 156
1018 0 7 8 16 24 25
1114 0 7 8 16 50 53
910 0 11 125 134 135
1385 0 54 60 61 74 134
945 0 16 132 134
878 0 54 105 145
1262 0 54 102 103 140 143 144
854 0 7 8 16 118 119
1231 0 3 4 30 31 64 65
655 0 1 51 52 124 133
881 0 133
938 0 53 54 59 133
1097 0 26 27 54 133
914 0 64 65 91 133 141
1061 0 24 53 54
989 0 37 38 72 88 91 141
864 0 48 49 72 88 91 141
1126 0 39 40 41 42 149
1164 0 57 58 60 61 149
1017 0 7 8 51 52 133
787 0 41 42 129 131 134
828 17 18 54 132 136 137
390 7 8 17 18 37 53 54
1123 3 4 17 18 53 59
760 7 8 16 17 18 53 59
632 17 18 35 36 41 42 54 132
856 17 18 26 27 133
776 83 84 93 94 102 103
633 37 38 47 83 84 114 155 156
941 14 15 16 18 83 84 85
1159 32 33 83 156
1096 47 51 52 83 84 114
620 37 38 57 58 83 84
914 3 4 12 13 26 27 128 130
824 12 13 39 40 112 113 140
1162 12 13 22 23 91 141
1078 12 13 112 113 114 115 140
1055 12 13 54 75 100
844 5 6 7 8 11 125
1089 5 6 54 105 145
679 5 6 72 88 128 130
980 3 4 5 6 37 53 133
387 5 6 7 8 9 10 11
729 48 49 93 94 104 105
790 60 61 91 104 105 141
833 57 58 102 103 104 105
646 53 54 59 60 61 118 119
708 53 59 60 61 68 69
890 3 4 28 29 30 31 53 59 60 61
823 60 61 72 88 148 151
904 30 31 60 61 84 87 88 155
781 53 59 60 61 91 141 149
1054 35 36 41 42 54 74
668 11 28 41 42 75 134
418 39 40 41 42 84 155
1067 41 42 93 94 102 103
916 41 42 93 94 102 103
788 41 42 53 59 91 133 141
540 3 4 18 41 42 53 59 85
641 3 4 34 35 36 55 56 153 154
639 35 36 41 42 54 55 56 132
469 35 37 43 55 56 102 103 129
953 28 29 30 31 37 38 55 56
692 28 29 37 53 54 55 56 57 58
851 28 29 41 42 53 54 55 56 59 110 143
562 28 41 42 54 55 56 75
702 14 55 56 69 72 73 85 88
875 24 38 55 56 151 153 154 157
705 55 56 72 88 148 151
1021 3 4 26 27 55 56 118 119
495 16 26 27 34 55 56 70
694 26 27 51 52 55 56 133
810 24 26 27 53 55 56 133
686 11 26 27 55 56 125 131 137
308 28 29 55 56 57 58 66 67 87 88
872 55 56 112 113 140 155 156
780 37 38 55 56 84 114 115 155
843 37 38 55 56 84 141 152 155
561 55 56 84 110 111 112 113 155
543 39 40 55 56 95 96 112 140 143
895 55 56 64 65 93 94 97 98
1015 53 54 55 56 59 93 94
812 28 29 55 56 60 61 91 141
782 55 56 91 95 96 112 113 114 115 140 141
848 32 55 56 91 141 146
934 37 38 47 55 56 64 65 91 114 141
1072 51 52 53 55 56 59 91 133 141
813 55 56 108 109 114 115
706 37 38 47 48 49 55 56 91 114 141
279 28 29 47 55 56 66 67 114
734 0 3 4
882 0 3 4 85 86 95 96
644 0 3 4 110 111 112 113
277 0 1 3 4 34 124 125
766 0 1 54 60 61 124
653 0 1 16 54 74 124 136 137
772 0 1 54 95 96 124 128 130
515 0 1 16 74 124 133 136 137
650 0 1 3 4 53 59 124 133
578 0 1 91 108 109 124 133 141
495 0 1 3 4 24 53 124
1133 0 1 124 149 158 159 160 161
819 0 1 16 74 124 134
965 0 1 2 76 77 78 128 130
953 0 1 2 133 160 161
891 0 1 2 72 86 95 96
818 0 1 2 7 8 11 125
560 0 19 20 21 34 54 70 87 88
784 0 3 4 7 8 34 70
1126 0 7 8 11 34 70 125
1019 0 11 70 125 135
1003 0 34 54 70 87 88
551 0 11 70 119 125 132 150
623 0 34 41 42 43 50 133 136 137
773 0 3 4 132 133 136 137
980 0 37 53 54 95 96 133
563 0 30 31 64 65 87 88 133
887 0 62 63 84 95 96 133 160
136 0 25 37 43 54 59 133
817 0 133 162 163
1133 0 11 24 35 41 42 43 137
872 0 24 38 164 165
911 0 24 53 54 60 61
1034 0 32 72 86 105
794 0 18 37 38 72 155 161
984 0 18 66 67 72
523 0 48 49 72 88 110 143
845 0 7 8 54 87 88
704 0 7 8 16 147 148
561 0 7 8 16 74 133 136 137
605 0 7 8 51 52 133
1066 0 7 8 24 53 54 60 61
959 0 7 8 16 74 134
878 0 133 134 135 153 154
573 0 3 4 34 134
1264 0 16 132 134
1098 0 28 29 54 60 61
1028 0 18 54 87 112 113 140
925 0 16 54 74 136 137
676 0 72 88 147 148
851 0 3 4 75 76 77 78 100
999 0 3 4 30 31 87 88
1013 0 1 3 4 124
873 0 16 34 70 132 134
1085 0 37 43 81 82 133
964 0 43 59 95 96 133
1100 0 26 27 54 87 88 133
846 0 87 88 91 133 141
1358 0 3 4 24 25
918 0 16 24 53
995 0 72 88 95 96 110 143
1223 0 41 42 91 141 149
1119 0 57 58 87 88 149
1475 0 7 8 133 162 163
507 0 16 132 134
393 17 18 140 143 144
1115 3 4 17 18 37 53
830 17 18 37 53 133
525 3 4 17 18 37 38 53 57 58 59
930 17 18 41 42 43 59
697 17 18 35 36 72 88 132
702 3 4 17 18 26 27 37 53 133
366 83 84 93 94 97 98 156 160
679 47 48 49 83 84 114
721 16 83 84 85 86 126 127
920 83 84 100 101 145 146
1134 83 84 156 160
997 28 29 47 83 84 114
1004 57 58 60 61 83 84
853 83 84 110 143 162 163
1077 12 13 26 27 39 40 133
1045 12 13 93 94 160 161
870 12 13 91 112 113 140 141
744 12 13 47 66 67 114
980 5 6 7 8 16 147 148
822 5 6 7 8 9 10 11
821 5 6 11 35 41 42 54 137
922 3 4 5 6 128 130
999 5 6 16 132 133 136 137
725 5 6 87 88 91 133 141
618 93 94 102 103 104 105
652 75 100 104 105 132 134 149
923 91 102 103 104 105 141
850 30 31 37 38 104 105
871 30 31 48 49 104 105
413 46 47 48 49 104 105
1095 53 59 60 61 149
1075 25 59 60 61 149
886 28 29 30 31 60 61 87 88
778 26 27 54 60 61 118 119
720 60 61 62 63 84 87 88 155
237 3 4 53 59 60 61 91 141
660 41 42
755 35 41 42 81 82 129
808 41 42 54 151 157
939 41 42 84 87 88 141 152 155
915 41 42 53 59 93 94 149
788 41 42 53 59 91 141 149
626 3 4 18 41 42 53 59 85
768 26 27 54 55 56 87 88 158 159 162 163
677 30 31 33 55 56 145 162 163
865 55 56 57 58 105 145 162 163
485 16 53 55 56 59 62 63 162 163
513 16 27 55 56 132 134 147 148 162
669 3 4 27 53 55 56 59 133 162
886 27 55 56 125 129 131 162
654 43 50 55 56 87 88 128 162
508 35 36 41 42 43 50 55 56 135
870 35 36 55 56 71 72 74 88 99
1064 28 29 35 41 42 55 56 129
1058 16 35 55 56 132 137
890 37 38 46 47 51 52 55 56
958 46 47 51 52 55 56 160 161
780 16 28 29 30 31 53 55 56 59
839 28 29 55 56 62 63 160 161
1036 28 55 56 101 104 105
538 11 28 55 56 75 125
643 14 15 54 55 56 60 61
682 54 55 56 60 61 151 157
721 16 26 27 55 56 148 149 151
415 4 46 47 85 88 166
548 4 63 75 76 77 100 166
571 3 4 75 100 138 139
649 0 4 30 31 87 88 133 166
663 0 4 30 31 133 162 163 166
640 0 3 4 48 49 57 58
733 4 37 141 152 166 167
512 4 37 38 46 47 166
703 4 39 40 79 96 166
689 0 4 133 166
713 4 12 13 93 94 97 98 166
649 4 17 18 60 61 166
749 4 108 109 166
712 4 87 88 141 152 166
769 4 30 31 37 38 166
681 4 85 86 162 163 166
825 34 43 50 70 166 168
732 28 29 133 166 168
670 0 72 88 133 166 168
711 16 132 134 166 168
822 0 3 4 18 85 160 161
1142 0 3 4 48 49 57 58
809 0 3 24 38 168
817 0 1 34 54 124 125
277 0 1 28 29 124 125 132 133
644 0 1 54 60 61 124
298 0 1 43 54 55 56 59 60 61 124
769 0 1 54 95 96 124
677 0 1 37 43 54 108 109 124
1145 0 1 54 55 56 124 128 130
788 0 1 16 70 74 124
785 0 1 37 43 102 103 124 133
696 0 1 43 59 102 103 124 133
762 0 1 28 29 55 56 91 124 133 141
595 0 1 24 25 124 133
779 0 1 39 40 60 61 124 149
573 0 1 18 85 124 149 160 161
978 0 1 124 132 133 134 160 161
819 0 1 124 133 169 170
607 0 1 2 76 77 78 128 130
1017 0 1 2 37 43 81 82 133
992 0 1 2 59 133 162 163 167
799 0 1 2 60 61 72 86
1024 0 1 2 7 8 64 65 133
646 0 1 11 124 125 169 170
682 0 16 34 54 70 132 136 137
685 0 7 8 34 54 70
1025 0 16 34 70
738 0 16 70 132 134 135
986 0 3 4 70 74 153 154
1136 0 54 55 56 70 132
271 0 16 133 135 136 137
1083 0 16 132 133 136 137
1067 0 28 29 37 43 55 56 133
916 0 37 133 160 161 167
632 0 25 37 54 87 88 133
859 0 4 30 31 64 65 133 166
910 0 16 133 166 168 169 170
711 0 55 56 57 58 64 65 133
1105 0 55 56 57 58 84 133 160 162 163
739 0 28 29 41 42 43 59 133
513 0 25 37 43 54 55 56 59 133
816 0 28 29 59 133 167
925 0 41 42 53 54 59 133
883 0 62 63 87 88 133 162 163
361 0 24 41 42 43 87 88 91 92
848 0 24 43 55 56
812 0 24 25 37 43 54
852 0 24 25 37 54 87 88 167
727 0 24 53 59 133 167
846 0 24 38 114 115 116 117
141 0 3 4 24 25
1240 0 149
755 0 51 52 55 56 72 86
924 0 24 25 72 73 133
882 0 18 37 53 72 133
1038 0 18 35 72 129
671 0 72 85 86 88 95 96
946 0 26 50 128 149 160 161 167
937 0 7 8 51 52 54 55 56
332 0 7 8 54 118 119
723 0 3 4 7 8
965 0 7 8 25 37 133 149
547 0 7 8 16 53 59 133
628 0 7 8 24 25 54 55 56
728 0 7 8 39 40 149 171 172
1081 0 7 8 129 131 134
1078 0 7 8 9 10 11
1102 0 7 8 16 134 135
573 0 11 34 125 134
769 0 16 132 134
658 0 160 161 167 173
923 0 35 41 42 54 55 56 129
1039 0 28 41 42 54 55 56 101
1018 0 54 81 82
1077 0 16 54 132 136 137
1177 0 54 112 113 118 119 140
909 0 128 130 149
1093 0 3 4 37 38 57 58
907 0 1 54 124 171 172
773 0 34 54 55 56 70
1163 0 37 53 54 95 96 133
1231 0 37 48 49 133 167
851 0 37 64 65 133 167
968 0 16 26 27 53 59 133 149
994 0 55 56 57 58 133 162 163
984 0 26 27 76 77 78 133
1130 0 28 29 41 42 91 133 141
879 0 24 38 57 58 87 88
717 0 24 41 42 53 54
884 0 72 88
818 0 64 65 72 88 158 159
973 0 3 4 26 27 149
746 0 55 56 91 141 149
1105 0 149 158 159 160 161
1186 0 87 88 141 149 152
1182 0 7 8 149
1420 0 11 125 132 134
930 0 72 88 169 170
1182 17 18 43 55 56 59 112 140 143
555 16 17 18 132 136 137
848 17 18 37 38 55 56 114 115
847 7 8 17 18 37 53 133
624 17 18 37 38 39 40 55 56
829 4 17 18 55 56 57 58 166
390 17 18 57 58 60 61 84 160
1024 3 4 17 18 53 59
1068 16 17 18 26 27 53 59 133
585 17 18 32 33 43 59
700 0 3 4 85 86 95 96
782 4 18 87 166 174 175
685 4 56 85 86 166 174
668 4 85 86 164 165 166
725 4 30 31 166 171 172
634 4 57 58 60 61 166
581 4 25 37 57 58 133 166
541 0 3 4 37 38 141 152
693 4 17 18 46 47 166 171 172
584 0 3 4 28 29 46 47
743 0 4 17 18 72 88 166
709 4 17 18 59 166 167
718 4 43 59 60 61 166
716 4 59 60 61 166 167
566 4 28 29 41 42 166
586 4 28 29 30 31 55 56 166
739 4 47 95 96 114 166
743 4 87 88 110 143 166
596 4 37 38 166 174 175
793 4 53 59 133 166
886 1 43 50 124 166 168
889 51 52 133 166 168
757 72 85 86 88 166 168
824 0 133 149 166 168
586 87 88 174 175 176 177 178 179
599 57 58 60 61 176 177 178 179 180 181
836 0 133 176 177 178 179 180 181
669 55 56 73 76 85 176 177
851 77 78 112 113 140 178 179
837 0 3 4 30 31 87 88
1463 0 3 4 46 47 171 172
835 0 3 16 168
277 0 1 54 74 87 88 124 125
869 0 1 54 60 61 124
1078 0 1 16 26 54 55 56 124 128
942 0 1 19 51 52 54 124 182
639 0 1 37 38 54 118 119 124
541 0 1 3 4 28 29 56 124 174
684 0 1 25 37 54 55 56 124 133
785 0 1 4 124 133 166
740 0 1 43 59 102 103 124 133
443 0 1 39 40 124 133
675 0 1 124 149
657 0 1 24 53 54 124 171 172
826 0 1 39 40 124 149 171 172
605 0 1 55 56 85 86 124 149
895 0 1 3 4 124 132 134
899 0 1 16 53 124 169 170 173
1012 0 1 43 50 55 56 124
892 0 1 43 50 87 88 124
801 0 1 2 34 70 72 88
819 0 1 2 37 133 160 161 167
1099 0 1 2 43 59 95 96 133
727 0 1 2 16 24 25
735 0 1 2 7 8 54 55 56
412 0 1 124 125 129 131
581 0 34 54 70
617 0 1 34 43 50 70 89 90 124
732 0 34 54 70 132 134
976 0 11 70 125 132 134 135
924 0 16 34 50 53 70
1224 0 11 70 74 119 125 150
417 0 70 132 149
640 0 16 34 133 136 137
594 0 54 55 56 132 133 136 137
788 0 17 18 37 43 89 90 133 180 181
373 0 37 43 55 56 133 162 163 180 183
868 0 37 43 102 103 133
656 0 37 53 59 133 149 167
289 0 37 39 40 102 103 133 167
662 0 4 133 166
397 0 4 46 47 133 162 163 166
878 0 55 56 64 133 175
612 0 56 64 87 88 91 92 133
830 0 64 89 90 133 156 160 175
725 0 30 31 84 133 160 162 163
912 0 43 59 89 90 133 162 163 180 183
715 0 41 42 43 51 52 59 133 180 183
861 0 16 27 43 55 56 59 90 133 162 180
472 0 32 43 59 133 146
1051 0 59 133 162 163 167
136 0 25 59 72 88 133
872 0 133 162 163
912 0 28 29 46 47 133 160 161
682 0 89 133 162 163 180 181 183
436 0 19 20 21 64 65 89 90 133 180 183
1005 0 64 65 133 180 183
717 0 59 133 162 163 167 180 183
950 0 26 27 76 77 78 133 180 183
382 0 90 133 160 161 180
1015 0 16 53 59 90 133 180
746 0 16 53 59 90 133 180
827 0 28 29 62 63 87 88 90 133 180
993 0 39 40 90 133 162 163 180
704 0 51 52 56 90 133 174 180
669 0 24 43 89 90 91 92 112 113 140
947 0 24 43 55 56 112 113 140 180 183
647 0 24 43 87 88 112 140 143
813 0 24 37 38 89 90 91 92 167
725 0 24 156 160 167
1075 0 24 66 67 167
815 0 24 38 87 88 174 175
313 0 24 25 133 160 161
1016 0 72 83 84 86
1096 0 48 49 72 86 89 183
605 0 16 55 56 72 86 128 162
1000 0 72 86 171 172
760 0 16 18 34 72 136 137
1086 0 18 72 149 166 168
1070 0 18 37 38 72 180 183
1073 0 64 65 72 88 90 184
523 0 55 56 72 88 100 101
1024 0 16 26 27 149
667 0 19 122 149 180 183 185 186
1058 0 149 156 160 171 172 180 183
727 0 16 26 27 149 180 183
818 0 16 35 36 90 132 149 180
680 0 87 88 90 93 94 97 98 149 180
703 0 90 149 158 159 160 161 180
695 4 18 19 20 21 85 166
600 4 17 18 37 38 166 174 175
683 0 3 4 55 56 100 101 162 163
719 4 55 56 100 101 162 163 166
712 4 164 165 166
442 4 30 31 37 38 166
677 4 35 55 56 57 58 129 166
581 4 37 53 57 58 133 166
541 0 3 4 37 38 141 152
838 4 17 18 46 47 166 171 172
619 4 46 47 51 52 166
737 0 4 24 38 166
650 4 17 18 37 43 166
613 4 5 6 133 166
496 4 57 58 166 187 188
787 4 26 27 89 90 133 166
838 4 60 61 166 189 190
527 4 41 42 85 86 166
701 4 55 56 155 156 166
556 4 95 96 166 174 175
743 4 22 23 166
596 4 37 38 166 174 175
708 4 53 59 133 166
697 1 124 133 166 168 169 170
610 0 3 133 162 163 168
822 24 53 133 166 168
602 149 166 168 174 175
686 114 115 176 177 178 179 191 192
707 0 60 61 76 174 175 176 177
689 30 31 171 172 176 177 178 179
846 46 47 176 177 178 179 180 181
750 73 76 85 89 90 176 177
808 75 76 89 90 100 176 177
769 60 61 77 78 178 179
734 0 3 4 55 56 100 101
1142 0 3 4 62 63 64 65
692 0 3 24 38 168
862 0 1 34 43 50 87 88 124 125
264 0 1 51 52 124 125 132 133
927 0 1 54 55 56 124
779 0 1 18 54 87 124 171 172
1420 0 1 37 43 54 89 90 124
596 0 1 16 118 119 124
611 0 1 55 56 114 115 124 147 192
674 0 1 3 4 55 56 100 101 124 162 163
775 0 1 89 90 124 133 162 163 171 193
740 0 1 37 43 108 109 124 133
687 0 1 43 59 89 90 124 133 162 163
678 0 1 90 124 133 160 161 180
601 0 1 55 56 91 124 133 141 162 163
1022 0 1 24 25 54 55 56 124
819 0 1 24 43 87 88 124
556 0 1 37 38 91 92 124 149
699 0 1 85 86 116 117 124 149
934 0 1 54 124 132 134 171 172
757 0 1 11 124 125 131 137
389 0 1 2 54 128 130
1020 0 1 2 133
794 0 1 2 37 133 162 163 167
1035 0 1 2 43 59 108 109 133
1036 0 1 2 28 29 59 133 167
912 0 1 2 16 25 59 133
704 0 1 2 72 86 89 90
505 0 1 2 7 8 147 192
761 0 1 16 124 169 170
641 0 16 26 27 34 54 55 56 70
271 0 1 34 43 50 55 56 70 124
507 0 16 34 70 132 134
812 0 3 4 70 132 134 135
1087 0 34 41 42 43 50 70
962 0 8 16 70 71 74
1136 0 54 70 95 96 132
271 0 16 133 135 136 137
754 0 16 132 133 136 137
773 0 51 52 89 90 133 171 180 183 193
742 0 55 89 90 133 171 175 193
1026 0 37 43 64 87 88 89 90 133 175
1019 0 28 29 37 43 89 133 183
631 0 37 43 55 87 88 133 175
786 0 37 133 149 166 167 168
808 0 37 90 133 160 161 167 180
684 0 37 53 64 65 133 167 173
1058 0 4 30 31 133 162 163 166
944 0 16 133 166 168
968 0 56 64 133 151 192
559 0 56 64 87 88 133 174 175
778 0 84 133 155 156 160
353 0 30 31 64 65 84 133 160
1020 0 43 59 89 90 133 162 163
964 0 28 29 43 59 89 90 133
402 0 16 27 43 55 56 59 133 162
666 0 43 59 95 96 133
1047 0 37 53 54 55 56 59 133 162 163 167
816 0 51 52 59 90 133 167 180
1025 0 41 42 53 54 59 133
936 0 87 88 133 162 163 174 175
821 0 77 78 133 178 179 180 181
807 0 16 133 148 180 181 191
851 0 81 82 133 180 181
870 0 37 43 108 109 133 180 183
1073 0 41 42 43 59 133 162 163 180 183
811 0 16 27 133 162 180 183
856 0 55 56 64 90 133 175 180
1070 0 43 59 90 102 103 133 180
775 0 16 27 90 133 162 180
857 0 39 40 90 133 180
1055 0 47 48 49 90 114 133 180
655 0 24 43 191 192
659 0 24 43 54 148 171 172 191
737 0 24 37 38 43 54 148 191
746 0 24 37 38 43 89 90 180 183
674 0 24 41 42 43 55 56 193 194
683 0 24 43 87 88 91 92 191 192
971 0 3 4 24 25 37 43
824 0 24 37 38 87 88 167 189 190
851 0 24 37 38 156 160 167
962 0 24 39 40 167
846 0 24 38 55 56 174 175
1358 0 3 4 24 25
776 0 16 24 53
686 4 18 64 85 166 175
529 4 17 18 166 171 172 174 175
548 4 56 133 166 174 195
571 3 4 75 100 138 139
701 0 4 30 31 87 88 133 166
710 0 4 30 31 59 133 166 196
677 4 55 56 57 58 166
640 4 62 63 64 65 166
592 4 37 141 152 166 167
674 4 47 110 113 114 166
626 4 17 18 46 47 59 166 196
743 0 4 46 47 133 162 163 166
640 4 46 47 162 163 166
599 0 4 133 162 163 166
739 0 3 4 17 18 37 38
458 4 12 13 47 114 166
634 0 4 133 166 191 192
668 4 43 59 89 90 166
683 4 47 89 90 114 166
667 0 3 4 60 61
700 0 4 41 42 133 166
574 4 55 56 166 196 197
731 4 95 96 166 193 194
490 4 62 63 87 88 166
865 4 37 38 39 40 166
743 4 64 65 166
604 4 28 29 57 58 166
742 0 3 48 49 133 168
868 0 3 28 29 133 168
768 24 43 166 168
614 30 31 149 166 168
602 60 61 114 115 176 177 178 179 180 181
718 60 61 174 175 176 177 178 179 180 181
809 30 31 87 88 176 177 178 179
619 59 110 143 176 177 178 179 196
775 116 117 176 177 178 179
762 176 177 178 179 198 199
881 77 78 171 172 178 179
789 0 3 4 87 88 100 101
1078 0 3 4 62 63 162 163
1134 0 3 64 65 133 168
1142 0 3 133 168 198 199
847 0 3 24 38 168
835 0 1 54 87 88 124 125 135
413 0 1 54 74 87 88 124 125
435 0 1 11 124 125
777 0 1 35 54 55 56 95 96 124 129
737 0 1 54 81 82 124
1420 0 1 37 43 54 89 90 124 162 163
596 0 1 16 118 119 124
621 0 1 55 56 114 115 124 147 192
1225 0 1 3 4 56 124 162 163 174
679 0 1 16 70 124 132
659 0 1 37 53 76 77 78 124 133
810 0 1 53 54 59 124 133
644 0 1 56 124 133 162 163 174 198 199
651 0 1 54 55 56 124 133 195
872 0 1 89 90 91 92 124 133 162 163
610 0 1 24 38 87 88 124 189 190
1072 0 1 24 53 54 60 61 124
823 0 1 16 26 124 128 149
556 0 1 87 88 91 124 141 149
648 0 1 85 86 116 117 124 149
1133 0 1 124 149 198 199 200 201
708 0 1 16 34 124 134
1184 0 1 75 76 77 78 123 124
1315 0 1 16 53 124 173
965 0 1 2 11 70
789 0 1 2 37 64 65 133 167
852 0 1 2 43 59 89 90 133 196 197
893 0 1 2 43 59 89 90 133 196 197
1054 0 1 2 24 43 112 113 140
723 0 1 2 72 86 171 172
879 0 1 2 7 8 133 160 161
1046 0 1 38 124 169 170 173 198 199
575 0 1 9 124 202
749 0 32 34 54 70 105
784 0 1 34 54 70 124
988 0 7 8 11 34 70 125
736 0 34 50 59 70 167 196
988 0 43 50 70 89 90 135 196 197
1078 0 34 50 59 70 167 196
1013 0 7 8 16 34 70
652 0 16 70 74 132 134
656 0 16 132 133 134 135 136 137
640 0 16 25 34 133 136 137 173
659 0 54 55 56 132 133 136 137
608 0 89 90 133 162 163 171 180 183 193
982 0 48 49 55 56 133 171 180 183 193
856 0 102 103 133 171 193
1005 0 28 29 37 43 59 89 90 133 167
800 0 37 43 89 90 133 162 163
348 0 37 43 55 89 90 133 162 163 175
748 0 37 43 95 96 133
902 0 37 43 87 88 91 92 95 96 133
1023 0 37 84 133 160 167
786 0 28 29 37 90 133 167 180
536 0 3 4 25 37 133
605 0 4 16 27 56 133 162 166 174
812 0 4 46 47 64 65 133 166
1085 0 16 53 59 64 89 90 133 175
422 0 16 25 56 64 133 197
866 0 56 64 133 198 199
418 0 62 63 64 65 87 88 133
510 0 133 160 161
713 0 84 133 160 174 175 187 188
411 0 57 58 84 108 109 133 160
950 0 43 59 89 90 133 196 197
852 0 43 59 64 65 89 133 183
730 0 41 42 43 51 52 59 90 133 180
964 0 43 55 56 59 64 65 133 180 183
906 0 16 27 43 55 56 59 133 162
906 0 25 37 43 59 133 149
1241 0 56 59 133 162 163 167 174 198 199
904 0 16 59 133 167 195
737 0 51 52 53 59 133 167 173
1116 0 59 62 63 102 103 133 196
996 0 30 31 59 133 162 163 196
760 0 1 2 3 4
374 4 18 59 85 166 196
782 4 166 174 175
718 4 56 85 86 166 174
560 4 29 46 47 100 166
757 4 17 18 30 31 166 171 172
652 4 30 31 162 163 166
782 0 4 57 58 87 88 133 166
794 4 59 62 63 166 196
589 4 59 141 152 166 196
574 4 37 38 46 47 166 183 184
532 4 35 46 47 129 166
742 0 4 17 18 133 166
895 4 17 18 37 38 166
483 4 12 13 85 86 166
655 0 3 4 191 192
782 4 59 89 90 166 196
815 4 89 90 166 189 190
693 4 60 61 166 174 175
538 0 3 4 41 42
574 4 17 18 55 56 166 196 197
586 4 95 96 166 193 194
749 4 47 95 96 114 166
758 4 87 88 141 152 166
611 4 37 38 166 189 190
587 4 160 161 166
368 4 28 29 62 63 166
844 133 166 168
610 28 29 57 58 133 166 168
822 24 53 133 166 168
602 149 166 168 174 175
646 114 115 176 177 178 179 191 192
743 174 175 176 177 178 179 182 185 186 203
679 106 107 176 177 178 179
536 87 88 110 143 176 177 178 179
667 75 76 100 116 117 176 177
773 37 38 176 177 178 179 198 199
744 0 76 77 78 171 172
814 0 3 4 95 96 100 101
1010 0 3 4 59 62 63 196
642 0 3 48 49 133 168
830 0 1 124 125 132 133 134 135 198 199
800 0 1 34 124 125 133
709 0 1 124 125 132 133 162 163
644 0 1 124 133 154 156 160 204
605 0 1 3 4 24 25 124 154 204
620 0 1 43 54 59 60 61 108 109 124
683 0 1 43 54 59 60 61 95 96 124
613 0 1 54 105 124 145
829 0 1 54 64 65 89 90 124 171 193
617 0 1 54 55 56 118 119 124
677 0 1 64 65 91 124 141 147 192
674 0 1 54 55 56 124 128 130
541 0 1 9 34 70 124 202
610 0 1 25 37 54 55 56 124 133
757 0 1 37 43 81 82 124 133
954 0 1 28 29 43 59 89 90 124 133
594 0 1 51 52 124 133 180 183
890 0 1 39 40 95 96 124 133
678 0 1 91 124 133 141 162 163
925 0 1 24 25 54 124 171 172
973 0 1 24 43 60 61 124
1035 0 1 59 93 94 124 149 196
949 0 1 122 124 149 185 186 189
817 0 1 87 88 100 101 124 149
505 0 1 59 124 132 133 134 196
987 0 1 16 124 169 170
819 0 1 124 192 205
623 0 1 2 76 77 78 128 130
949 0 1 2 37 43 133 187 188
805 0 1 2 64 87 88 133 175
748 0 1 2 43 59 102 103 133
1099 0 1 2 43 81 82 133 197
1070 0 1 2 16 24 25
828 0 1 2 16 26 27 149
815 0 1 2 7 8 76 77 78
934 0 1 124 125 129 131 162 163
914 0 1 11 124 125 131 137
779 0 1 43 50 60 61 124
577 0 34 43 54 55 56 70 87 88 197
575 0 3 4 34 56 70 174 196 197
1107 0 34 55 56 70 72 88 91 141
1064 0 11 34 70 134
756 0 34 70 167 173 198 199
738 0 50 70 135 160 161 167
1087 0 3 4 34 70 153 154
1043 0 8 16 70 71 74
587 0 54 70 132
650 0 43 50 89 90 133 135 136 137
674 0 34 54 55 56 133 136 137
685 0 54 95 96 132 133 136 137
719 0 28 29 89 90 133 171 180 183 193
1105 0 55 56 133 162 163 171 180 183 193
299 0 19 51 52 133 171 182 193
1023 0 37 43 89 90 133 162 163
1019 0 28 29 37 43 89 90 133
351 0 37 43 55 87 88 133 175
953 0 37 48 49 133 167
803 0 37 64 65 133 167 180 183
758 0 37 39 40 64 65 133 167
543 0 48 49 62 63 87 88 133
83 0 4 57 58 95 96 133 166
812 0 64 65 133
981 0 16 64 132 133 136 137 175
677 0 56 64 133 180 183 196 197
483 0 56 64 116 117 133 174 175
543 0 4 133 156 160 166
632 0 84 133 160 189 190 191 192
295 0 30 31 84 102 103 133 160
961 0 43 59 133 187 188
713 0 16 43 59 89 90 133 195
705 0 13 16 43 59 89 90 133 195 198
465 0 41 42 43 48 49 59 133 180 183
773 0 28 29 43 55 56 59 133
306 0 13 16 43 55 56 59 133 195 198
679 0 43 59 81 82 133
961 0 59 133 149 166 167 168
598 0 16 59 90 133 167 180 195
719 4 89 166 174 175 183
746 4 164 165 166
569 4 48 49 57 58 166
470 0 4 46 47 64 65 133 166
719 4 48 133 166 206 207 208
763 4 28 29 42 166 206
673 0 4 43 166 209
634 4 17 18 37 38 166 167 210
593 4 83 156 166
610 0 3 4 182 185 186 203
496 4 166 174 175 187 188
683 4 27 89 90 133 162 166
695 4 18 85 89 90 166
788 4 47 60 61 114 166
691 4 41 42 43 166 210
800 4 28 29 55 56 166
775 4 55 56 166 174 175
614 4 95 96 166
706 4 166 167 210 211 212
595 4 57 58 166 171 172
608 4 16 48 166 208
610 4 59 110 143 166 196
717 4 110 143 166 196 197
742 30 31 64 65 133 166 168
825 0 3 28 29 133 168
689 28 29 133 166 168
747 0 3 24 38 168
636 149 166 168 193 194
617 129 131 134 166 168
593 167 171 172 176 177 178 179 210
684 85 86 176 177 178 179 191 192
686 0 55 56 76 100 101 176 177
845 0 55 56 57 58 76 176 177
619 46 47 59 176 177 178 179 196
743 83 84 176 177 178 179
712 55 56 76 176 177 197 213
762 0 76 77 78 89 90 196 197
722 77 78 171 172 178 179
858 0 3 4 55 56 100 101 162 163
942 0 3 4 57 58 171 172
1158 0 3 4 28 29 46 47
642 0 3 59 133 168 196
644 0 1 124 125 132 133 134 135 198 199
677 0 1 3 4 34 124 125
778 0 1 48 49 124 125 132 133
859 0 1 34 54 70 87 88 124 154 204
790 0 1 51 52 90 124 133 154 180 204
620 0 1 28 29 124 133 154 204 208 214
683 0 1 43 54 59 60 61 95 96 124
578 0 1 54 105 124 145
1036 0 1 54 124 171 187 188 193
510 0 1 11 118 119 124 125
607 0 1 28 29 55 56 91 124 141 147 192
660 0 1 43 102 103 124 147 192 210
597 0 1 3 4 124 128 130
541 0 1 9 34 70 124 198 199 202
825 0 1 25 37 54 55 56 124 133
557 0 1 37 43 95 96 124 133
376 0 1 53 54 55 56 59 124 133 162 163
716 0 1 124 133 162 163
656 0 1 54 124 133 195
383 0 1 89 90 91 92 124 133
269 0 1 24 38 124
713 0 1 24 38 124 198 199
802 0 1 24 25 54 87 88 124
642 0 1 11 24 53 124 125
672 0 1 48 49 124 133 208 214
787 0 1 90 124 149 160 161 180
762 0 1 91 124 141 149 171 172
949 0 1 89 90 114 115 124 149
605 0 1 87 88 100 101 124 149
1012 0 1 3 4 124 132 134
989 0 1 43 87 88 124 209
1059 0 1 124 133 169 170 198 199
641 0 1 9 124 198 199 202
685 0 1 2 34 54 55 56 70
993 0 1 2 37 43 64 65 89 90 133
819 0 1 2 56 64 133 196 197
869 0 1 2 43 59 95 96 133
861 0 1 2 43 102 103 133 197
1098 0 1 2 24 160 161 167
854 0 1 2 18 37 38 72
1026 0 1 2 7 8 133 162 163
1012 0 1 124 133 154 204
713 0 1 43 50 87 88 124
247 0 16 25 34 54 55 56 70 197
1235 0 3 4 34 70
656 0 1 16 34 70 124
495 0 7 8 16 34 70 208 214
877 0 3 4 34 70 132 134
735 0 34 70 196 197 202 215
812 0 43 50 59 70 89 90 135 196
907 0 34 41 42 43 50 70
1019 0 34 54 55 56 70
1288 0 54 70 74 87 88
662 0 70 132 209 216
713 0 54 55 56 133 135 136 137
824 0 8 16 71 74 133 136 137
641 0 16 132 133 136 137 169 170
576 0 54 89 90 133 171 193 195
1077 0 43 55 56 81 82 133 171 193 197
467 0 55 56 133 171 193 197 216
635 0 3 4 24 25 37 133 213
862 0 24 37 43 89 90 133 213
888 0 37 76 133 176 177 213
810 0 37 43 133 187 188
411 0 37 43 89 90 133 180 183 197 216
1019 0 28 29 37 43 55 56 133
743 0 37 43 55 87 88 133 175
631 0 37 43 48 54 133 208
766 0 37 53 54 55 56 59 133 167
786 0 37 133 167 195 202 215
649 0 3 4 25 37 133
947 0 11 48 124 125 133 142 208
543 0 46 47 48 49 133 198 199
727 0 4 57 58 95 96 133 166
991 0 4 42 133 166 197 206 216
554 0 59 64 89 90 133 175 196
781 4 17 18 41 42 85 86 166
808 4 18 57 58 59 85 166 196
561 4 166 174 175 217 218
620 0 3 4 56 174 196 197
704 3 4 55 56 100 101 197 213
641 4 30 31 100 166 218
616 0 3 4 106 107
541 0 4 106 107 133 166
701 4 30 31 166 171 172 183 184
706 0 4 30 31 59 133 166 196
718 4 55 56 57 58 166 219 220
622 4 57 58 166 171 193
565 0 4 62 63 133 162 163 166
557 4 47 114 141 152 166 171 172
627 4 35 129 141 152 166
626 3 4 37 38 46 47 210 213
611 0 4 46 47 133 162 163 166
652 3 4 59 213 221 222
619 4 79 96 166 167 210
847 4 17 18 37 38 166 206 207
580 4 51 52 166 206 207
668 4 42 155 156 166 206
571 0 4 18 72 166
633 4 17 18 140 143 144 166
595 3 4 17 18 59 213
698 0 4 12 13 133 166
448 4 85 86 166 191 192
749 4 53 59 89 90 133 166
473 4 89 90 166 197 216
815 0 3 4 223 224
737 4 60 61 166 174 175
553 4 41 42 166 225 226
485 4 41 42 155 156 166
673 4 27 55 56 133 162 166
611 4 55 56 166 193 194
731 4 95 96 166 167 210
482 4 62 63 87 88 166
668 3 4 210 211 212 213
710 4 166 171 172 174 175
709 4 37 38 166 221 222
701 4 30 31 59 166 196
648 4 28 29 30 31 166
748 1 124 133 154 166 168 204
714 0 3 59 133 168 196
868 133 155 156 166 168
709 24 43 166 168
858 149 166 167 168 210
596 43 166 168 209
593 167 176 177 178 179 180 181 210
782 85 86 176 177 178 179 191 192
716 56 73 76 85 174 176 177
683 30 31 37 38 176 177 178 179
790 0 37 38 62 63 76 176 177
602 176 177 178 179 206 207 217 218
739 176 177 178 179 180 181 182 185 186 203
854 60 61 176 177 178 179 198 199
605 0 60 61 76 176 177
819 0 76 77 78 171 172 206 207
741 41 42 77 78 178 179
754 0 3 4 174 175 211 212
648 0 3 4 30 31 211 212
820 0 3 4 112 113 140 141 152
984 0 3 4 51 52 221 222
1119 0 3 4 28 42 206 226
846 0 3 149 168 198 199
830 0 1 124 125 133 135 198 199
786 0 1 74 124 125 133
732 0 1 124 125 132 149 198 199
764 0 1 84 124 133 154 160 204
745 0 1 49 124 133 154 195 204 214
1002 0 1 124 154 204 208 209 214 216
767 0 1 28 29 54 60 61 124
585 0 1 54 124 145 146
775 0 1 54 101 104 105 124 217
844 0 1 37 54 124 149 213
461 0 1 54 118 119 124 211 212
581 0 1 91 108 109 124 141 147 192
653 0 1 43 95 96 124 147 192 210
685 0 1 54 95 96 124 128 130
625 0 1 34 43 50 70 87 88 124
518 0 1 124 133 171 193 223 224
772 0 1 3 4 37 53 124 133
563 0 1 37 53 124 133 149
1033 0 1 16 48 124 132 133 134 208
899 0 1 16 53 59 124 133
757 0 1 124 133 151 192
781 0 1 54 87 88 124 133 195
673 0 1 55 56 124 133 219 220
658 0 1 24 38 55 56 124 219 220
578 0 1 24 25 54 124
564 0 1 3 4 24 53 124
896 0 1 9 28 29 124 202 208 214
362 0 1 16 124 169 170 208 214
824 0 1 124 149 198 199
1027 0 1 37 38 91 124 141 149
744 0 1 16 25 124 149 210
731 0 1 124 149 158 159
927 0 1 42 76 77 78 124 198 199 206
603 0 1 11 124 131 134 137
899 0 1 55 56 124 125 129 131 162 163
1169 0 1 43 50 55 56 124
748 0 1 38 124 173 198 199
800 0 1 2 16 34 70 132 134
808 0 1 2 37 43 55 56 133 162 163
797 0 1 2 55 56 64 133 175
737 0 1 2 43 55 56 59 133 162 163
780 0 1 2 43 133 187 188 197
929 0 1 2 43 89 90 133 197
912 0 1 2 24 41 42 43
940 0 1 2 72 86 89 90
732 0 1 2 64 65 214 222
735 0 1 2 7 8 48 49 133
865 0 1 124 125 129 131
969 0 1 75 123 124 209 216
658 0 1 9 124 198 199 202
713 0 19 20 21 34 54 55 56 70
688 0 1 16 34 50 53 70 124
986 0 34 55 56 70 72 88 141 152
730 0 16 34 70 208 214
775 0 34 43 50 59 70 89 90 196
988 0 70 72 88 132 134 135
996 0 16 50 53 70 135
703 0 1 2 3 4
598 4 18 19 20 21 85 166
584 4 89 166 174 175 183
697 4 16 27 56 162 166 174
514 4 56 166 167 174 210
575 4 75 76 77 78 100 166
571 4 100 166 221 222 226
569 0 4 30 31 87 88 133 166
515 4 17 18 30 31 37 38 166
514 3 4 57 58 59 60 61 213
542 0 4 57 58 95 96 133 166
653 4 48 57 58 133 166 208
640 4 141 152 166 217 218 219 220
679 4 37 38 47 114 141 152 166
526 4 64 65 110 143 166
668 4 25 37 46 47 133 166
779 0 4 28 29 46 47 133 166
656 4 162 166 221 222 227
586 4 166 167 217 218 219 220 228
793 4 37 53 133 166 167 228
682 4 28 29 166 167 228
688 4 155 156 166 167 228
561 4 39 40 166 167 228
575 3 4 171 172 206 207 210 213
580 4 53 59 133 166 206 207
536 4 35 42 129 166 206
656 0 4 59 133 166 167
673 4 17 18 47 114 166 217 218
473 4 17 18 37 38 166 167 210
650 0 3 4 83 84
525 4 5 6 133 166
569 3 4 209 213 229
665 4 166 187 188 189 190
617 4 85 86 89 90 162 163 166
673 4 89 90 93 94 97 98 166
536 4 28 29 57 58 60 61 166
721 0 3 4 41 42 162 163
548 4 18 41 42 85 166
812 4 55 56 141 152 166 196 197
608 4 55 56 85 86 166
466 4 95 96 110 143 166
589 4 46 47 81 82 166
668 4 47 114 166 211 212
758 4 166 171 172 174 175
611 4 37 38 46 47 166
652 4 160 161 166
604 4 27 133 162 166
368 4 166 167 173 195
886 133 166 168
667 51 52 133 166 168
732 24 38 47 114 166 168
739 0 72 88 133 166 168
774 141 149 152 166 168
767 166 167 168 209
614 167 176 177 178 179 198 199 210
711 41 42 85 86 176 177 178 179 180 181
768 56 75 76 100 174 176 177
671 30 31 37 76 176 177 213
680 37 38 62 63 176 177 178 179
656 0 76 167 176 177 211 212 228
728 176 177 178 179 206 207 211 212
619 0 76 171 172 176 177 206 207
740 116 117 176 177 178 179
448 55 56 75 76 100 176 177
808 75 76 77 78 123 228 230
955 60 61 77 78 178 179
682 0 3 4 18 59 85 196
814 0 3 4 11 119 125 164
988 0 3 4 59 62 63 196
960 0 3 4 46 47 225 226
964 0 3 4 28 29 167 228
1200 0 3 4 42 51 52 206
705 0 3 149 168
272 0 1 38 50 124 125 135 198 199
745 0 1 124 125 231 232
848 0 1 64 65 124 125 132 133
752 0 1 3 4 124 154 204
830 0 1 48 49 124 133 154 180 183 204
673 0 1 24 25 124 133 154 204
495 0 1 55 56 124 129 154 204 231 233
987 0 1 43 54 59 60 61 81 82 124
983 0 1 28 29 54 55 56 124
755 0 1 19 54 124 182 185 186
782 0 1 16 54 124 132 136 137
241 0 1 37 43 54 102 103 124
489 0 1 124 147 192
649 0 1 124 145 146 147 189 190 192
979 0 1 124 147 148 149
600 0 1 124 128 130 209 216
693 0 1 3 4 95 96 100 101 124
772 0 1 124 133 136 137 231 232
720 0 1 16 74 124 133 136 137
578 0 1 37 49 53 124 133 214
833 0 1 16 48 124 132 133 208 233
503 0 1 16 53 59 124 133 169 170
716 0 1 14 69 124 133 198 199
437 0 1 54 124 133 195
383 0 1 124 133 198 199
637 0 1 24 38 124
595 0 1 24 38 55 56 124 141 152
1080 0 1 24 53 54 55 56 124
829 0 1 24 38 124 198 199
845 0 1 28 124 133 208 214 226
766 0 1 124 149 180 183 217 218
853 0 1 55 56 124 149 219 220
827 0 1 55 56 124 149 189 190
680 0 1 55 56 114 115 124 149
1069 0 1 100 101 124 149 223 224
637 0 1 124 231 232 233
844 0 1 54 55 56 124 132 233
783 0 1 11 124 125 132 233
817 0 1 124 132 133 134
879 0 1 43 59 89 90 124 196 209
1013 0 1 38 124 169 170 173 198 199
654 0 1 37 38 43 50 124
663 0 1 2 54 55 56 128 130 162 163
731 0 1 2 34 41 42 54 70
1038 0 1 2 55 56 133 162 163 171 193
726 0 1 2 28 29 37 133 167
1081 0 1 2 43 59 133 191 192
713 0 1 2 28 59 133 167 226
644 4 41 42 85 86 166
650 4 18 59 62 63 85 166 196
561 0 3 4 174 175 211 212
685 0 3 4 56 174 196 197
636 4 56 166 174 219 220
817 3 4 56 174 210 213
710 4 87 88 100 101 166
596 4 29 100 166 206 207
594 0 3 4 30 31 87 88
572 0 3 4 30 31 37 38
539 4 30 31 35 129 166
329 0 3 4 57 58 95 96
496 4 57 58 166
653 4 62 166 183 184 212
596 4 37 38 141 152 166 167 210
733 0 3 4 64 65 110 143
693 4 37 38 46 47 166
667 0 3 4 28 29 46 47
781 4 162 163 166 221 222
541 4 79 85 86 96 166
685 4 25 37 133 166 167 228
617 0 4 28 29 133 166 167 228
539 4 17 18 166 206 207 217 218
859 0 4 48 49 133 166 206 207
448 4 166 206 207 225 226
671 0 1 4 124 133 166
590 0 4 166 167 209
707 0 3 4 17 18 171 172
466 0 4 17 18 133 166 196 197
694 4 47 114 166 176 177 178 179
559 4 149 166 229
676 4 18 85 166 191 192
749 4 57 58 59 89 90 166 196
497 4 89 90 166 197 216
634 3 4 210 213 223 224
680 4 60 61 166 183 184
575 4 41 42 85 86 162 163 166
838 4 41 42 110 143 162 163 166
712 4 41 42 85 86 166
619 4 28 55 56 166 226
601 4 55 56 166 183 184
556 4 62 63 95 96 166
614 4 22 23 166
557 4 166 167 210 211 212
661 4 166 171 172 183 184
865 4 37 38 141 152 166
655 4 64 65 166
712 4 16 27 162 166
724 4 16 166 195
780 37 133 166 167 168
681 133 162 163 166 168
757 24 38 166 167 168 210
721 0 3 72 88 168
858 62 63 149 166 168
596 43 166 168 209
593 167 176 177 178 179 180 181 210
782 85 86 176 177 178 179 191 192
716 56 73 76 85 174 176 177
683 30 31 37 38 176 177 178 179
802 0 37 38 62 63 76 176 177
815 167 176 177 178 179 217 218 228
675 0 1 2 76 176 177
667 73 76 85 176 177 223 224
733 37 38 176 177 178 179 198 199
721 59 77 78 178 179 196 206 207
785 55 56 75 76 77 78 100
848 0 3 4 16 27 56 162 174
882 0 3 4 30 31 64 65
840 0 3 4 110 111 112 113
868 0 3 4 221 222 225 226
928 0 3 4 206 207 217 218
1107 0 3 133 136 168 232
837 0 3 76 77 78 168
835 0 1 49 124 125 135 214
809 0 1 54 74 87 88 124 125
676 0 1 24 38 124 125 132
575 0 1 124 147 148 149 154 204
642 0 1 49 124 147 148 154 204 214
460 0 1 84 124 133 154 160 204 225 226
643 0 1 24 38 124 154 204
602 0 1 76 77 78 124 154 204 208 214
705 0 1 43 54 55 56 59 60 61 124 162
782
822 0 1 26 54 55 56 95 96 124 227
844 0 1 22 23 54 124
1024 0 1 54 75 124 209 216 217
671 0 1 37 43 54 55 56 124
500 0 1 59 118 119 124 133 196
915 0 1 91 124 141 147 162 163 192
593 0 1 114 115 124 147 192 223 224
1145 0 1 124 128 130 149
662 0 1 3 4 16 56 124 174 195
610 0 1 16 70 74 124
545 0 1 37 53 54 124 133
376 0 1 37 43 81 82 124 133
906 0 1 53 54 59 95 96 124 133
605 0 1 124 133 162 163
664 0 1 90 124 133 162 163 180
673 0 1 39 40 102 103 124 133
725 0 1 91 102 103 124 133 141
929 0 1 24 38 55 56 124 219 220
708 0 1 24 38 87 88 91 92 124
390 0 1 16 24 38 53 124 228
648 0 1 24 37 38 53 54 124
843 0 1 49 124 214
879 0 1 124 208 214 231 232 233
868 0 1 37 38 124 149 180 183
941 0 1 37 38 124 149 219 220
745 0 1 124 149 189 190 211 212
704 0 1 37 38 114 115 124 149
652 0 1 60 61 124 141 149 152
1069 0 1 54 74 124 233
801 0 1 54 124 132 211 212 233
1012 0 1 124 231 232 233
978 0 1 24 38 124 132 134
693 0 1 43 87 88 124 209
925 0 1 124 133 169 170
892 0 1 68 69 124 198 199
623 0 1 2 72 88 128 130
638 0 1 2 34 70 72 88
737 0 1 2 37 43 133 187 188
1036 0 1 2 48 133 160 161 222
737 0 1 2 43 59 89 90 133 162 163
845 0 1 2 16 25 59 133
540 0 1 2 43 133 197 223 224
470 0 1 2 43 55 56 133 197
566 3 4 100 101 209 213 229
596 4 75 100 166 167 209
594 0 3 4 23 234
572 0 3 4 30 31 87 88
539 0 3 4 30 31 37 38
329 4 30 31 35 129 166
496 0 3 4 57 58 95 96
653 4 57 58 166
596 4 62 166 183 184 212
733 4 37 38 141 152 166 167 210
693 0 3 4 64 65 110 143
667 4 37 38 46 47 166
637 0 3 4 28 29 46 47
654 4 162 163 166 221 222
570 4 79 166 196 197 235
640 0 3 4 167 217 218 228
484 0 3 4 48 49 167 228
686 4 133 166 167 195 228
632 4 17 18 166 206 207 211 212
448 4 64 65 166 206 207
657 0 4 42 133 162 163 166 206
659 0 4 48 133 166 222
803 3 4 17 18 210 213 217 218
641 3 4 17 18 37 38 210 213
458 4 17 18 43 166 197
511 3 4 5 6 138 139
655 4 132 133 166 229 233
496 4 17 18 166 191 192
524 4 59 89 90 166 196
634 4 26 27 89 90 133 166
542 0 3 4 28 29 235 236
737 4 47 96 114 166 236
542 4 60 61 155 156 166
737 4 28 41 42 166 226
641 4 55 56 62 63 162 163 166
698 4 26 55 56 166 227
556 0 4 55 56 133 166
670 4 17 18 55 56 166
647 4 145 146 166
685 4 166 217 218 219 220
599 4 57 58 166 211 212
709 4 46 47 166 171 172
716 4 37 53 133 166
721 4 30 31 59 166 196
368 4 51 52 166 167 228
844 4 166 206 207 225 226
810 133 166 168
847 28 29 57 58 133 166 168
782 24 38 166 168 174 175
670 72 88 166 168
607 0 3 149 168
682 11 125 166 168
728 38 176 177 178 179 198 199 210
848 41 42 85 86 176 177 178 179
683 55 56 76 100 101 176 177 197 213
605 30 31 59 176 177 178 179 196
700 37 62 63 76 176 177 213
846 79 176 177 178 179 180 181 235
740 176 177 178 179 180 181 206 207
686 73 76 85 89 90 176 177
745 55 56 75 76 100 176 177
773 0 37 38 76 77 78 167 228
964 0 76 77 78 89 90
766 0 76 77 78 171 172
720 0 3 4 56 174 197 216
837 0 3 4 28 29 57 58 60 61
864 0 3 4 46 47 136 232
939 0 3 4 46 47 171 172
921 0 3 4 28 79 226 235
1094 0 3 4 38 198 199 228
669 0 3 4 42 198 199 206
765 0 3 16 74 168 233
817 0 1 124 125 133 135 136 232
587 0 1 10 11 74 124 125 215
889 0 1 28 29 124 125 132 133
490 0 1 3 4 34 70 124 154 204
921 0 1 28 29 124 133 154 180 183 204
1048 0 1 124 149 154 204
1033 0 1 76 124 154 176 177 204
817 0 1 54 60 61 124 225 226
687 0 1 28 54 55 56 124 226
769 0 1 32 33 54 124
1036 0 1 54 124 136 137 231 232
478 0 1 37 43 54 108 109 124
630 0 1 11 118 119 124 125
730 0 1 124 147 189 190 192 223 224
565 0 1 95 96 114 115 124 147 192
433 0 1 124 128 130 231 232 233
548 0 1 3 4 55 56 100 101 124
455 0 1 124 133
717 0 1 37 53 54 95 96 124 133
476 0 1 9 48 124 133 198 199 202 208
924 0 1 49 53 59 124 133 214
792 0 1 51 52 124 133
664 0 1 28 29 90 124 133 180
934 0 1 39 40 124 133 162 163
762 0 1 91 102 103 124 133 141
828 0 1 16 24 25 38 124 210
569 0 1 24 25 124 133
851 0 1 24 43 59 89 90 124 196
677 0 1 124 147 192 208 214
595 0 1 16 49 53 124 214 228
683 0 1 39 40 124 149
868 0 1 39 40 60 61 124 149
827 0 1 91 92 96 124 149 236
771 0 1 124 149 189 190 211 212
771 0 1 55 56 114 115 124 149
652 0 1 89 90 100 101 124 149
939 0 1 37 38 124 129 231 233
596 0 1 54 60 61 124 132 233
906 0 1 124 132 209 216 233
815 0 1 124 132 134 147 192
743 0 1 38 124 198 199 209 216 228
1231 0 1 124 125 129 131 162 163
809 0 1 43 50 124 223 224
979 0 1 10 11 124 215
607 0 1 2 130 223 224 227
758 0 1 2 133 136 232
755 0 1 2 37 43 81 82 133
644 0 1 2 95 96 133 237 238
808 4 19 20 21 85 86 166
688 4 18 59 62 63 85 166 196
663 4 166 174 175 217 218
415 4 28 56 166 174 226
575 3 4 100 101 138 139 229
591 4 63 75 76 77 100 166
614 4 100 166 221 222 226
461 3 4 120 121 122 210 213
554 4 30 31 166 183 184 217 218
543 4 30 31 48 133 166 208
749 4 17 18 57 58 60 61 166
622 0 3 4 55 56 57 58
578 4 37 38 57 58 166 219 220
615 0 4 62 63 133 162 163 166
637 4 141 152 166 167 171 172 210
566 3 4 59 141 152 213
699 4 59 141 152 166 167
503 0 3 4 46 47 171 172
636 0 3 4 46 47 59 196
646 4 46 53 59 133 166 239
638 0 3 4 59 196 221 222
604 4 133 166 208 221
641 3 4 79 96 210 213
676 4 37 38 166 167 183 184 228
535 0 4 133 162 163 166 167 228
702 4 53 133 166 228
595 4 25 37 133 166 206 207
733 0 3 4 28 29 206 207
572 4 39 40 42 166 206
598 0 4 26 149 166 227
740 4 17 18 112 140 143 166
671 4 17 18 53 59 133 166
557 3 4 12 13 210 213
448 4 149 166 189 190 229
635 4 166 191 192 219 220
497 4 156 160 166 235 236
634 3 4 96 210 213 236
740 3 4 210 213 223 224
763 4 60 61 166 183 184
667 4 166 196 197 239 240
646 4 41 42 162 166 227
619 0 4 41 42 133 166
647 4 30 55 56 166 196 197 241
739 4 55 56 166 183 184
712 4 30 31 95 96 166
629 4 87 88 110 143 166
724 4 166 217 218 221 222
550 4 136 166 232
718 4 37 38 47 114 166
698 4 62 63 64 65 166
550 4 30 162 163 166 241
604 4 46 47 51 52 166
724 4 51 52 166 221 222
865 4 166 167 173 195
667 37 133 166 167 168
894 57 58 133 162 163 166 168
822 3 24 38 168 210 213
645 30 72 88 166 168 241
691 149 166 168 174 175
589 166 167 168 209 216 228
834 167 176 177 178 179 210 217 218
681 171 172 176 177 178 179 183 184
822 0 37 38 76 174 175 176 177
712 30 55 56 76 176 177 197 213 241
815 0 57 58 76 176 177 217 218
764 46 47 171 172 176 177 178 179
619 0 37 38 76 167 176 177 228
781 0 72 73 76 176 177
679 176 177 178 179 242 243
547 171 172 176 177 178 179
780 0 76 77 78 206 207 217 218
722 60 61 77 78 178 179 180 181
734 0 3 4 41 42 85 86
873 0 3 4 55 56 100 101 162 163
840 0 3 4 55 56 57 58 162 163
987 0 3 4 37 38 46 47
920 0 3 4 28 221 222 226
1213 0 3 4 51 52 167 228
658 0 3 4 42 162 163 206
814 0 3 72 88 168
657 0 1 43 50 55 56 124 125 135
696 0 1 43 50 87 88 124 125 135
492 0 1 34 124 125 133 160 161
709 0 1 54 55 56 124 125 132 162 163
698 0 1 3 4 124 147 148 154 204
870 0 1 124 133 154 156 160 204
277 0 1 54 55 56 124 133 154 195 204
605 0 1 124 133 154 204 208 214 225 226
922 0 1 54 60 61 124
707 0 1 43 54 59 89 90 124 239 240
771 0 1 54 115 124 171 172 240
689 0 1 26 54 55 56 96 124 227 236
750 0 1 24 38 54 73 87 124
858 0 1 54 64 65 89 90 101 124 217
542 0 1 54 95 96 124 171 193
474 0 1 118 119 124 133 154 204
649 0 1 124 147 192 219 220 239 240
730 0 1 43 124 147 187 188 192 210
685 0 1 124 147 148 149
1066 0 1 124 128 130 231 232 233
778 0 1 3 4 56 124 174 225 226
820 0 1 70 124 231 232
781 0 1 25 37 124 133 149
800 0 1 28 29 37 43 55 56 124 133
909 0 1 84 124 133 160 225 226
751 0 1 43 55 56 59 124 133 162 163
852 0 1 124 133 162 163 180 183
734 0 1 16 124 132 133 134 195
890 0 1 11 124 125 133 195
578 0 1 55 56 124 133 162 163 219 220
575 0 1 91 124 133 141 162 163
1096 0 1 24 38 114 115 124 223 224
727 0 1 24 25 124 147 192
802 0 1 16 24 53 124
916 0 1 9 10 11 124 208 214
879 0 1 11 124 125 208 214
868 0 1 59 90 124 149 180 196
762 0 1 37 38 124 149 219 220
953 0 1 60 61 124 149 189 190
650 0 1 89 90 114 115 124 149
725 0 1 56 124 149 174 198 199
623 3 4 85 86 197 213 239 240
374 4 43 73 85 166 209
497 4 85 88 141 152 166
683 4 166 174 175
772 4 56 155 156 166 174
685 4 55 56 100 101 162 163 166
694 4 100 166 174 175 218
560 4 85 86 164 165 166
701 4 30 166 171 193 241
584 4 17 18 30 31 166 171 172
652 4 17 18 30 31 59 166 196
691 0 3 4 57 58 239 240
638 4 17 18 57 58 87 88 166
583 4 62 63 166 241 244
679 4 47 114 141 152 166 217 218
526 4 37 53 133 141 152 166
693 4 64 65 110 143 166
624 4 25 37 46 47 133 166
482 0 3 4 28 29 46 47
560 0 3 4 46 180 181 239
785 4 35 129 166 221 222
659 4 133 166 195 221 222
581 4 166 221 222 225 226
716 4 79 166 167 210 235
773 0 3 4 167 171 172 228
650 0 3 4 59 167 196 228
802 4 38 166 219 220 228
760 4 37 38 166 206 207 219 220
590 4 85 86 162 163 166 206 207
603 4 28 42 166 206 226
659 0 4 24 43 166
732 0 3 4 17 18 217 218
480 3 4 17 18 37 38 210 213
739 0 3 4 17 18 196 197
788 0 3 4 149 245
595 4 12 13 47 114 166
619 4 166 185 186 190 203
676 4 133 138 139 166 229
497 4 166 187 188 246 247
524 4 89 90 162 163 166 246 247
740 4 89 90 133 166 195
448 0 3 4 28 29 235 236
778 4 43 96 166 210 236
743 0 4 133 166 242 243
853 4 43 60 61 166 210
841 4 59 166 167 239 240
797 4 85 86 166 239 240
448 4 166 174 175 239 240
607 4 41 42 166 189 190
551 4 35 55 56 129 166
623 4 55 56 93 94 97 98 166
532 4 93 94 95 96 166
589 4 57 58 102 103 166
649 4 81 166 248
754 4 47 114 166 211 212
563 4 47 114 166 171 172
742 4 37 38 58 166 246
574 4 64 65 110 143 166
670 4 162 163 166 174 175
726 4 28 29 166 221 222
898 3 4 166 168
756 64 65 133 166 168
847 28 133 166 168 226
865 24 30 31 38 166 168
805 72 88 166 168
598 163 166 168 246 247 249
553 149 166 168 189 190
763 74 133 166 168 233
691 43 176 177 178 179 191 192 210
726 114 115 176 177 178 179 211 212
752 60 61 176 177 178 179 246 247
689 0 58 76 176 177 211 212 246
573 174 175 176 177 178 179 211 212
671 76 106 107 176 177 245
713 0 57 58 76 176 177 223 224
656 37 38 62 63 176 177 178 179
364 0 76 79 176 177 196 197 235
619 176 177 178 179 206 207 211 212
747 76 176 177 245
600 176 177 178 179 242 243
720 0 76 176 177 211 212
737 77 78 167 171 172 178 179 228
827 77 78 178 179 182 185 186 203
805 76 77 78 89 90 245 246 247
802 73 76 77 78 85 89 90
851 0 55 56 76 77 78
814 0 3 4 171 172 174 175
988 0 3 4 30 31 87 88
864 0 3 4 59 62 63 196
768 0 3 4 46 47 225 226
1010 0 3 4 79 225 226 235
1133 0 3 4 206 207 211 212
846 0 3 48 49 133 168
809 0 3 7 8 16 168
800 0 1 124 125 133 135 198 199
600 0 1 54 74 124 125
736 0 1 124 125 132 133 162 163
764 0 1 124 147 148 154 204 209 216
774 0 1 59 124 133 154 204 213 249 250
505 0 1 49 124 133 154 195 204 214
1029 0 1 124 154 163 204 208 214 249
884 0 1 16 124 169 170
648 0 1 51 52 54 60 61 124
647 0 1 26 54 87 88 124 227 239 240
1048 0 1 35 54 55 56 124 129 162 163
766 0 1 54 95 124 160 161 235
881 0 1 19 54 122 124 185 186
990 0 1 16 54 74 124 136 137
473 0 1 37 43 54 124 239 240
645 0 1 118 119 124 133
714 0 1 91 102 103 124 141 147 192
653 0 1 28 29 43 55 56 124 147 192 210
790 0 1 124 147 148 209 216
495 0 1 54 95 96 124 128 130
627 0 1 54 87 88 124 128 130
781 0 1 3 4 18 85 124 160 161
709 0 1 3 4 34 70 124
664 0 1 55 56 124 133 171 193
834 0 1 37 43 124 133 149 229
810 0 1 11 48 124 125 133 208
906 0 1 53 59 124 133 209 216
605 0 1 56 124 133 162 163 174 198 199
699 0 1 90 124 133 162 163 180
720 0 1 39 40 108 109 124 133
698 0 1 91 92 95 96 124 133
772 0 3 4 37 38 174 175
685 4 55 56 100 101 166
694 4 100 166 174 175 218
560 4 85 86 164 165 166
701 4 30 166 171 193 241
584 4 17 18 30 31 166 171 172
652 4 17 18 30 31 59 166 196
691 0 3 4 57 58 239 240
638 4 17 18 57 58 87 88 166
583 4 62 63 166 241 244
679 4 47 114 141 152 166 217 218
526 4 37 53 133 141 152 166
693 4 64 65 110 143 166
624 4 25 37 46 47 133 166
482 0 3 4 28 29 46 47
602 0 3 4 46 180 181 239
608 4 35 129 166 221 222
482 4 155 156 166 221 222
652 4 39 40 166 221 222
656 4 79 156 160 166 235
761 4 79 96 166 167 210
649 0 3 4 37 38 167 228
578 4 162 163 166 167 228
677 4 166 206 207 217 218 219 220
779 4 37 53 133 166 206 207
731 0 4 28 29 133 166 206 207
629 4 42 166 193 194 206
673 0 4 163 166 249
815 4 17 18 43 166 210 211 212
682 4 17 18 37 38 166 167 210
755 4 17 18 166 196 197
707 4 149 166 245
725 4 12 13 166 193 194
448 4 5 6 166 204 251
557 4 43 166 210 252 253
448 4 74 133 166 229 233
652 4 166 191 192 219 220
668 0 4 133 166 187 188
640 4 89 90 162 163 166
778 3 4 89 90 210 213
718 4 166 219 220 235 236
683 4 96 166 174 175 236
736 4 59 60 61 166 167
763 0 3 4 60 61
667 4 43 166 197 239 240
691 4 41 42 162 166 227
706 0 4 41 42 133 166
520 4 28 29 55 56 166
800 4 55 56 166 167 210
722 4 95 96 166 183 184
529 4 58 87 88 166 246
629 4 47 114 166 217 218
576 4 141 152 166 211 212
636 4 166 206 207 211 212
595 0 3 4 211 212
704 0 3 4 171 172
652 4 16 48 166 208
652 4 30 59 166 196 241
760 4 27 133 162 166
721 4 26 27 133 166
797 133 166 168 171 193
868 59 133 166 167 168
856 0 3 133 168
862 24 43 166 168
838 85 86 166 168 249 250
820 163 166 168 206 207 249
665 30 149 166 168 241
680 107 166 168 254
855 41 42 43 176 177 178 179 210
797 37 38 47 114 176 177 178 179
814 0 76 176 177 217 218 246 247
755 0 37 38 58 76 176 177 246
562 171 172 174 175 176 177 178 179
683 0 76 106 107 176 177
701 57 58 176 177 178 179 242 243
878 0 37 38 62 63 76 176 177
436 0 76 176 177 196 197 221 253
725 167 176 177 178 179 198 199 228
619 0 76 176 177
667 0 76 176 177 252 253
540 176 177 178 179 223 224
611 37 38 176 177 178 179 198 199
878 77 78 167 178 179 211 212 228
547 0 76 77 78 167 171 172 228
756 76 77 78 138 139 245
842 60 61 77 78 178 179 180 181
903 77 78 178 179 198 199
882 0 3 4 16 56 174 195
935 0 3 4 30 31 162 163
864 0 3 4 110 111 112 113
768 0 3 4 46 198 199 239
1010 0 3 4 79 225 226 235
1133 0 3 4 206 207 211 212
669 0 3 48 49 133 168
765 0 3 7 8 16 168
647 0 1 124 125 133 135 160 161
505 0 1 10 11 74 124 125 215
718 0 1 124 125 132 133 160 161
681 0 1 124 147 148 154 204 231 232 233
769 0 1 59 124 133 149 154 204 213
1170 0 1 3 4 124 133 154 195 204
654 0 1 124 154 204 208 214 249 250
451 0 1 11 124 154 204 233
778 0 1 28 29 43 54 55 56 59 60 61
1033
573 0 1 35 54 55 56 124 129 239 240
782 0 1 54 55 56 87 88 124 162 227
827 0 1 28 54 55 56 124 226
703 0 1 22 54 124 255
941 0 1 22 23 54 124
554 0 1 54 95 96 101 124 217
481 0 1 37 43 54 124 149 229
637 0 1 54 87 88 118 119 124
939 0 1 102 103 124 147 192 219 220
685 0 1 43 64 65 89 90 124 147 192 210
1235 0 1 124 147 148 249 250
653 0 1 124 128 130 163 249
760 0 1 3 4 28 56 124 174 226
971 0 1 16 34 70 124
803 0 1 25 37 54 87 88 124 133
503 0 1 28 29 37 43 89 90 124 133
970 0 1 56 64 124 133 198 199
502 0 1 59 124 133 163 213 249
761 0 1 14 69 124 133 198 199
711 0 1 90 124 133 180 225 226
620 4 73 85 129 166 231 233
584 4 18 85 166 196 197
649 0 3 4 171 172 174 175
641 3 4 55 56 100 101 197 213
607 4 50 75 100 166 167
560 4 23 166 234
540 4 17 18 30 87 88 166 241
514 4 30 31 166 211 212
542 4 30 31 156 160 166
496 3 4 57 58 59 213 239 240
653 0 4 57 58 95 96 133 166
716 4 48 57 58 133 166 208
772 4 62 166 183 184 212
782 4 37 38 141 152 166 167 210
739 4 110 111 112 113 166
719 4 46 47 166 171 193
542 4 46 47 59 166 196
637 4 46 59 166 196 239
654 4 59 166 196 221 222
570 0 3 4 196 197 221 253
632 4 79 166 196 197 235
509 0 3 4 167 217 218 228
603 0 3 4 48 49 167 228
624 0 3 4 167 180 181 228
632 0 3 4 206 207 211 212
279 0 3 4 64 65 206 207
533 0 3 4 180 181 206 207
688 4 133 166 195 206 207
769 0 3 4
655 0 4 7 8 133 166
499 4 17 18 166 211 212 246 247
740 4 17 18 37 38 58 166 246
625 4 17 18 26 27 133 166
619 4 132 133 166 233 245
448 3 4 12 13 210 213
557 4 5 6 133 154 166 204
473 4 47 114 166 252 253
496 4 7 8 133 166 229
782 4 166 191 192 193 194
679 0 3 4 187 188
790 0 4 89 90 133 162 163 166
709 4 89 90 166 189 190
815 4 166 225 226 235 236
612 4 85 86 96 166 236
737 4 43 59 60 61 166
693 4 60 61 166 174 175
530 3 4 197 213 239 240
763 4 41 42 162 163 166
586 0 3 4 41 42
854 0 4 28 29 55 56 133 166
748 4 43 55 56 166 210
647 4 47 95 96 114 166
706 4 87 88 166 246 247
758 4 166 167 210 217 218
865 4 57 58 166 211 212
743 4 57 58 166 171 172
721 4 37 38 46 47 166
705 4 64 65 166
748 4 46 47 162 163 166
822 4 28 166 206 207 226
689 1 124 133 166 168
715 0 3 59 133 168 196
789 43 133 166 168 197
880 0 3 24 38 168
960 166 167 168 210 249 250
739 30 31 166 168 249 250
705 57 58 166 168 249 250
574 166 168 227 249
605 141 149 152 166 168
841 17 18 107 166 168 254
776 41 42 43 176 177 178 179 180 181 210
825 47 114 171 172 176 177 178 179
576 87 88 176 177 178 179 246 247
848 58 171 172 176 177 178 179 246
662 0 76 171 172 174 175 176 177
799 75 76 100 106 107 176 177
818 30 31 59 176 177 178 179 196
764 62 63 171 172 176 177 178 179
686 176 177 178 179 198 199 221 222
605 76 167 176 177 198 199 228 245
781 0 72 73 76 176 177
611 176 177 178 179 198 199 252 253
878 76 176 177 223 224 245
547 171 172 176 177 178 179
756 0 76 77 78 167 171 172 228
842 76 77 78 138 139 245
903 60 61 77 78 178 179 180 181
882 77 78 178 179 198 199
892 0 3 4 16 56 174 195
758 0 3 4 30 31 162 163
868 0 3 4 110 111 112 113
928 0 3 4 16 46 195 239
1084 0 3 4 16 79 195 235
842 0 3 4 206 207 217 218
662 0 3 133 136 168 232
677 0 3 16 132 168 233
636 0 1 124 125 133 135
816 0 1 74 124 125 202 215
698 0 1 48 49 124 125 132 133
726 0 1 124 147 148 154 163 204 249
918 0 1 124 133 154 160 161 204
704 0 1 54 55 56 124 133 154 195 204
890 0 1 24 38 124 154 204 208 214
681 0 1 124 154 204 231 232 233
783 0 1 3 4 124 154 204 256 257
310 0 1 124 133 154 204 256 257
969 0 1 43 54 59 60 61 124 239 240
963 0 1 37 38 43 54 59 124 239 240
851 0 1 54 55 56 124 162 163
763 0 1 54 55 56 124 162 163
844 0 1 18 37 38 54 87 124
540 0 1 54 55 56 101 124 217
474 0 1 37 54 124 213 249 250
597 0 1 54 60 61 118 119 124
863 0 1 55 56 124 147 162 163 192 219 220
621 0 1 43 124 147 187 188 192 210
766 0 1 49 124 147 148 214
756 0 1 49 124 128 130 214
785 0 1 3 4 56 124 162 163 174
958 0 1 16 34 70 124 132 233
833 0 1 95 96 124 133 171 193
554 0 1 37 43 89 90 124 133
715 0 1 16 48 124 133 208
552 0 1 16 53 59 124 133 169 170
703 4 17 18 41 42 85 86 166
685 4 18 85 166 171 193
725 0 3 4 89 174 175 181
704 4 56 162 163 166 174
498 4 56 166 174 219 220
749 4 43 55 56 100 101 166 197
579 4 100 166 218 219 220
593 3 4 119 164 209 213
482 4 30 87 88 166 241
622 3 4 30 31 171 172 210 213
663 4 30 31 53 59 133 166
653 4 35 57 58 129 166 239 240
640 4 57 58 95 96 166
222 0 3 4 48 49 57 58
641 4 141 152 166 217 218 219 220
793 4 37 38 47 114 141 152 166
739 4 110 143 166
636 4 37 38 46 47 166 219 220
611 4 46 47 85 86 162 163 166
534 4 46 59 166 196 239
545 0 3 4 59 196 221 222
626 0 4 59 133 166 196 221 222
631 0 3 4 28 29 221 253
589 0 3 4 28 29 79 235
604 4 47 79 96 114 166
727 4 17 18 37 38 166 167 228
847 4 35 129 166 167 228
560 4 16 53 166 228
692 4 37 38 166 206 207
656 4 51 52 166 206 207
673 4 42 166 206 258 259
739 0 4 72 88 166
709 4 17 18 47 114 166 217 218
754 4 17 18 166 171 172
641 4 17 18 43 59 166
734 4 58 149 166 245 246
694 4 166 204 245 251
762 3 4 5 6 138 139
611 4 166 189 190 252 253
791 4 149 166 229
551 3 4 154 204 229
776 4 85 86 166 187 188
570 4 166 235 236 246 247
712 0 4 96 133 166 236
575 4 96 166 236
581 0 3 4 28 29 60 61
611 4 31 166 239 240 244
563 4 39 40 166 239 240
769 0 3 4 28 29 41 42
701 4 55 56 58 162 163 166 246
776 0 3 4 55 56 196 197
746 4 55 56 58 166 246
576 4 95 96 166 174 175
636 4 30 31 87 88 166
595 4 166 174 175 217 218
704 0 3 4 211 212
652 0 3 4 171 172
652 4 16 48 166 208
817 4 30 59 166 196 241
700 4 27 133 162 166
721 4 26 27 133 166
610 3 34 70 153 154 168
865 3 59 133 168 213
859 39 40 133 166 168
699 24 53 133 166 168
663 166 168 246 247 249 250
891 46 47 163 166 168 249
783 18 85 149 166 168
763 133 166 168 256 257
702 16 166 168
790 166 167 168 173
827 114 115 176 177 178 179 211 212
750 0 60 61 76 176 177 246 247
707 58 176 177 178 179 217 218 246
687 174 175 176 177 178 179 217 218
689 0 76 164 165 176 177
815 30 31 171 172 176 177 178 179
666 0 62 63 76 176 177 217 218
558 75 76 176 177 217 221 222
585 0 37 38 76 167 176 177 228
721 0 76 133 176 177 245
685 76 116 117 176 177 245
651 76 176 177 223 224 245 246 247
673 176 177 178 179 211 212
773 0 76 77 78 167 217 218 228
901 42 77 78 178 179 198 199 206
852 77 78 178 179 198 199 235 236
648 0 76 77 78 171 172
958 0 3 4 28 29 56 174
817 0 3 4 30 31 37 38
967 0 3 4 112 113 140 141 152
984 3 4 46 59 196 239
1019 3 4 28 29 79 235
649 3 4 16 228 230
825 3 4 42 206 225 226
824 3 16 26 27 149 168
492 1 54 124 125 135 242 243
433 1 34 49 124 125 214
870 1 54 87 88 124 125 132
859 1 3 4 124 147 148 154 204
694 1 64 65 124 133 154 204
240 1 28 90 124 133 154 180 204 226
1048 1 51 52 124 133 154 204 208 214
780 1 124 136 149 154 180 183 204 232
264 1 54 124 242 243
310 1 54 60 61 124 225 226
969 1 54 89 90 115 124 240
963 1 54 55 56 124
851 1 54 55 56 124 162 163
763 1 54 55 56 124 162 163
844 1 18 37 38 54 87 124
540 1 54 55 56 101 124 217
474 1 37 54 124 213 249 250
597 1 54 60 61 118 119 124
863 1 55 56 124 147 162 163 192 219 220
621 1 43 124 147 187 188 192 210
766 1 49 124 147 148 214
756 1 49 124 128 130 214
785 1 3 4 56 124 162 163 174
958 1 16 34 70 124 132 233
833 1 95 96 124 133 171 193
698 1 37 43 89 90 124 133
555 1 16 48 124 133 208
611 1 16 53 59 124 133 169 170
712 4 55 56 100 101 166
585 3 4 100 180 181 260
560 4 164 165 166 260 261
611 4 30 37 166 167 241
543 3 4 30 31 171 172
641 4 30 31 156 160 166
674 4 57 58 59 133 166 196 239 240
505 3 4 55 56 57 58
446 4 17 18 57 58 166 171 172
701 4 59 62 63 133 166 196
733 4 47 114 141 152 166 211 212
651 4 48 133 141 152 166 208
577 3 4 59 110 143 196
506 4 37 38 46 47 166
677 3 4 46 47 162 163
490 4 46 160 161 166 239
500 4 64 65 133 166 221 222
749 4 28 166 221 222 226 260 261
545 4 166 221 253 258 259
611 4 79 166 235 258 259
586 4 166 167 217 218 228
865 4 48 49 133 166 167 228
635 3 4 64 65 167 228
578 4 64 65 133 166 167 228
632 4 28 166 167 226 228
636 3 4 206 207 210 213 217 218
586 4 37 53 133 166 206 207
734 4 162 163 166 206 207 260 261
629 3 4 28 29 42 206
803 4 64 65 133 166
739 4 107 166 254
598 4 17 18 43 166 210 211 212
687 4 17 18 37 38 166 262 263
595 4 17 18 43 59 166
572 4 47 114 149 166 245
706 3 4 138 139 245
619 4 12 13 133 166
626 4 100 166 260 264 265
722 4 166 182 185 186 203 207 262
608 4 47 114 166 252 253
503 3 4 162 163 260 261
473 4 149 166 229 246 247
737 4 166 229 251 254 260 261
572 4 166 183 184 191 192
473 3 4 187 188
695 4 58 166 235 236 246
686 4 166 225 226 242 243
713 3 4 223 224
712 4 47 60 61 114 166
457 4 30 166 196 197 239 240 241
693 4 166 193 194 239 240
637 4 166 219 220 239 240
712 4 35 41 42 129 166
800 3 4 41 42
520 4 28 29 30 55 56 166 241
512 4 55 56 166 225 226
556 4 55 56 166 174 175
761 4 95 96 166 183 184
496 3 4 102 103
636 4 22 23 166
605 4 46 47 166 217 218
865 4 112 113 140 141 152 166
764 3 4 171 172
715 4 25 37 133 166
781 4 64 65 166
643 4 57 58 162 163 166
825 4 28 29 166 206 207
832 1 3 124 154 168 204
784 3 64 65 133 168
715 28 29 133 166 168
751 24 38 166 168 246 247
663 72 88 110 143 166 168
711 100 166 168 249 250 260
645 110 143 163 166 168 249
642 114 115 149 166 168 260 261
539 16 74 166 168 233
838 166 167 168 209 216 228
582 55 56 76 176 177 245 262 263
480 43 176 177 178 179 210 235 236
541 114 115 176 177 178 179 217 218
646 76 176 177 223 224 246 247
711 58 76 176 177 223 224 245 246
667 58 176 177 178 179 223 224 246
701 174 175 176 177 178 179 182 185 186 203
746 56 75 76 100 174 176 177
704 30 41 42 176 177 178 179 241
790 57 58 60 61 76 176 177
704 110 111 112 113 176 177 178 179
665 176 177 178 179 198 199 221 253
566 176 177 178 179 206 207 217 218
775 73 76 83 84 85 176 177
675 107 176 177 178 179 229 254
720 60 61 176 177 178 179 180 181
547 176 177 178 179 198 199
756 37 38 77 78 167 178 179 228
842 77 78 178 179 182 185 186 203
910 60 61 77 78 178 179 180 181
822 77 78 178 179 198 199
969 3 4 16 56 174 195
858 3 4 106 107
942 3 4 48 49 57 58
981 3 4 46 47 51 52
1026 3 4 197 216 221 253
562 3 4 162 163 167 228
852 3 4 206 207 225 226
835 3 24 38 168 198 199
799 1 11 124 125 131 134 135 137
891 1 11 124 125 134 135
409 1 34 54 87 88 124 125
969 1 54 124 125 132
816 1 124 125 132 163 249
635 1 124 133 154 204
1009 1 124 133 154 180 183 204 225 226
620 1 124 133 154 204 208 214
641 1 116 117 124 154 204 227 249
869 1 76 77 78 124 154 204
1014 1 43 54 59 60 61 95 96 124
573 1 26 54 89 90 124 227 239 240
804 1 16 54 55 56 124 128 162
812 1 51 52 54 55 56 124
604 1 22 54 124 255
582 1 54 55 56 101 124 162 163 217
572 1 54 124 171 193 239 240
640 1 37 43 54 81 82 124
781 1 84 124 147 155 192
805 4 85 86 166 222 252
472 4 73 85 149 166
688 4 18 57 58 59 85 166 196
766 4 87 88 166 174 175
676 4 27 56 133 162 166 174
730 4 56 166 174 225 260
743 4 43 100 101 166 197 239 240
469 4 43 50 75 100 166
487 4 46 47 100 162 163 166 260
641 4 100 166 219 220 260
571 4 23 46 47 166 234
616 4 23 166 167 228 234
638 3 4 106 107
584 4 30 31 87 88 133 166
611 4 30 31 37 38 166 183 184
758 3 4 30 31 59 213
647 3 4 57 58 239 240
509 4 57 58 95 96 166 219 220
580 4 37 38 57 58 166
733 3 4 62 63 162 163
530 4 112 140 141 143 152 166
838 4 53 59 133 141 152 166
667 4 110 143 162 163 166
611 4 46 47 48 49 133 166
677 4 46 47 51 52 166
650 4 16 27 46 162 166 239
659 4 59 133 166 196 221 222
605 4 166 221 222 225 226 260 261
586 4 166 167 210 221 253
865 4 79 166 167 210 235
635 4 136 166 167 228 232
578 4 64 65 133 166 167 228
632 4 28 166 167 226 228
636 3 4 206 207 210 213 217 218
586 4 37 53 133 166 206 207
734 4 162 163 166 206 207 260 261
821 3 4 28 29 42 206
583 4 64 65 133 166
722 4 107 166 254
613 4 17 18 166 217 218 246 247
712 4 17 18 47 114 166 171 172
599 4 17 18 166 241 244
541 4 149 166 219 220 245
845 4 149 166 189 190 245
556 3 4 149 210 213 245
514 4 18 85 165 166 245 266
556 4 12 13 43 166 210
725 4 166 207 262 264 265
760 4 5 6 100 107 166 254 260
671 4 104 105 166
494 4 43 166 210 252 253
595 4 162 163 166 174 175 260 261
467 4 149 166 189 190 229
469 4 107 166 229 254 260 261
448 4 133 138 139 166 229
611 4 166 187 188 207 262
638 4 64 89 90 166 175 260 261
566 4 35 89 90 129 166
478 4 89 90 93 94 166
709 4 89 90 166 260 261
838 3 4 235 236
578 4 93 94 97 98 166 242 243
853 4 43 59 60 61 166
553 4 60 61 166 246 247
542 4 133 166 196 197 239 240
538 4 85 86 166 239 240
763 4 41 42 155 156 166
481 4 55 56 62 63 162 163 166
649 0 4 55 56 133 166 196 197
601 4 43 55 56 166 210
734 4 108 109 166 260 261
757 4 108 109 166
497 4 62 63 95 96 166
