269 3095
996 0 1 2 3 4
980 5 6 7 8 9 10 11
996 0 1 2 3 4
961 12 13 14 15 16
830 3 4 5 6 7 8
959 17 18 19 20 21 22 23
279 0 3 4
830 3 4 5 6 7 8
602 0 16
777 22 23 24 25 26 27
1184 0 1 2 7 8 16
980 5 6 7 8 9 10 11
838 0 7 8 16
602 0 16
1348 5 6 7 8 16
606 3 4 28 29 30 31
693 0 3 4 32 33
1194 0 32 33 34 35
148 24 25 32 33
767 32 33 35 36 37 38 39
1056 16 30 31 34 40
693 0 3 4 32 33
1034 0 7 8 16 34 40
696 16 17 18 30 31
47 28 29
517 3 4 14 15
383 3 4 26 27 40 41
412 3 4 30 31
1002 0 35 37 41 42
279 0 3 4
847 0 34 42 43 44
932 0 3 4 7 8
1348 5 6 7 8 16
847 7 8 34 40 41 42
720 24 25 41 42 43 44 45 46
744 28 29 43 44
232 3 4 5 6 7 8
927 0 32 33 34 42
844 16 36 38 39
693 0 3 4 24 25 47 48
996 0 1 2 3 4
552 0 16 34 40
1028 0 7 8 16 34 49
1358 0 16 34 49
637 0 7 8 16
796 0 3 4 50 51 52 53
1358 0 16 34 49
420 17 18 49 52 53 54 55
974 17 18 32 33 49 54 55
980 5 6 7 8 9 10 11
394 49 52 53 54 55
206 52 53 56 57
469 43 44 52 53 58 59
772 24 25 26 27 41 42 43 44 60 61
947 24 25 41 42 45 46 60 61
961 16 30 31 37 49 60 61
540 22 23 41 47 48 49 55 60 61
927 41 42 45 46 49 54 55
356 41 49 55 60 61
636 45 46 49 52 53 54 55 62 63
703 26 27 41 49 55 58 59 60 61
649 45 46 49 52 53 54 55 58 59
933 24 25 32 33 49 54 55
691 7 8 16 34 40 49 54
841 7 8 16 36 38 39
746 24 25 26 27 49 52 53 54 55
642 3 4 24 25 45 46 49 54
543 30 31 55
1085 9 10 11 30 31
848 16 30 31 43 44 58 61
958 16 36 38 39 60 61
765 24 25 26 27 49 52 53 54 55 60 61
978 30 31 52 53 55 58 59 60 61
1011 32 33 36 38 39 55
484 0 32 33 55
956 41 47 48 49 55 56 57 60 61
875 0 12 13 55 60 61
1139 49 52 53 54 55 60 61
870 30 31 52 53 55 60 61 62 63
959 24 25 26 27 41 49 55 60 61
977 24 25 47 48 49 54 55 60 61
794 22 23 30 31 55 60 61
1176 12 13 30 31 41 42 55
962 26 27 41 42 49 54 55 58 59
908 45 46 49 54 55 62 63
1133 12 13 30 31 55 60 61
1350 49 52 53 54 55
901 14 15 55 60 61
1064 41 42 45 46 49 54 55
1421 49 54 55 58 59
738 3 4 5 6 26 27 41 42
602 3 4 24 25 49 50 51 52 53 54 60
448
794 3 4 17 18 30 31
595 3 4 17 18 49 52 53 54
606 0 3 4 7 8 24 25 60 61
825 3 4 22 23 30 31
359 3 4 41 42 47 48 49 54
356 3 4 41 49
1107 3 4 49 54
708 26 27 34 41 42 49
647 34 40 41 42 43 44 60 61
411 34 35 40 41
632 7 8 16 49 54
931 45 46 49 54 64 65
710 5 6 16 60 61
594 14 15 16
848 0 3 4 26 27 41 42
1093 0 3 4 26 27 58 59
812 0 1 2 16 34 49
847 0 32 33 35 36 37 66
886 0 34 42 43 44
725 0 34 35 60 61 67 68
634 0 7 8 36 55 66
909 0 55
1358 0 3 4 50 51 62 63
1035 0 16 34 49
525 17 18 22 23 35 41
609 17 18 32 33 35 54
1479 12 13 16 30 31
646 5 6 11 66
644 49 52 53 54 64 65
643 30 31 34 40 52 53 55
693 16 36 37 38 39 49 60 61
696 3 4 24 25 26 27 49 54 60 61
509 14 15 41 42 55 60 61
971 3 4 30 31 34 49 60 61
497 16 30 31 34 49 60 61
674 22 23 40 41 47 48 55 60 61
587 41 42 50 51 62 63
646 3 4 34 40 41 49
894 3 4 7 8 41 49
955 43 44 47 48 62 63
907 41 49 50 51 55 58 59
695 43 44 47 48 58 59
628 3 4 24 25 49 50 51 54 60 61
841 7 8 49 52 53 54 55
881 7 8 16 38 39 69
831 24 25 26 27 49 54 55
47 24 25 41 42 45 46 49 54 55
637 16 30 31
730 30 31 34 49 55 60 61
892 19 20 21 43 44 60 61
889 16 36 49 54 66
601 66 69 70 71
1012 3 4 32 33 38 39 69
936 0 34 40 52 53 55
595 12 13 30 31 52 53 55 60 61
1103 30 31 52 53 55
959 12 13 32 33 49 54 55
1052 24 25 26 27 41 49 55 60 61
704 17 18 30 31 41 42 55 60 61
384 14 15 52 53 55 60 61
852 30 31 52 53 55 60 61
524 41 42 45 46 49 54 55 60 61
992 49 54 55 60 61
1112 30 31 52 53 55 56 57 60 61
627 45 46 49 54 55 59 60
996 0 41 42 55
1020 17 18 41 42 49 54 55 60 61
1036 24 25 41 42 47 48 49 54 55
539 0 34 35 40 41 55
1182 49 52 53 54 55
1133 24 25 32 33 49 54 55
739 0 55 60 61
826 41 49 55
744 49 54 55
602 3 4 26 27 41 42 49 54
942 3 4 24 25 49 50 51 52 53 54 60
721
800 3 4 17 18 49 54
488 0 3 4 7 8 52 53
818 3 4 24 25 41 49 50 51 60 61
855 3 4 22 23 40 41 47 48
1258 3 4 41 49 50 51 58 59
895 3 4 24 25 41 49 50 51
1104 11 41 49 66
861 0 18 34 41 42 49 67
584 34 35 49 52 53 54
858 0 7 8 16 60 61
810 37 49
663 16 49 54 56 57 60 61
555 16 45 46 49 54 58 59
734 24 25 28 29 60 61
710 0 3 4 47 48 62 63
929 0 3 4 45 46 58 59
878 0 1 2 3 4 7 8
763 0 32 33 36 55 66
1078 0 34 40 52 53 55
530 0 18 41 49 55 60 61 67
1034 0 7 8 16 36 66
486 0 3 4 7 8 34 40
1408 0 7 8 16 34 40
964 0 55 60 61
420 0 16 36 66
974 0 7 8 52 53 55
1149 17 18 49 52 53 54 55
830 17 18 32 33 49 54 55
840 5 6 7 8 11 66
294 3 4 5 6 7 8
754 3 4 40 52 53 54
958 30 31 52 53 72 73 74
1082 8 16 36 38 39 60 61 70
674 16 24 25 26 27 49 54 60 61
421 24 25 41 42 47 48 60 61
617 30 31 34 49 55 60 61
362 41 42 43 44 60 61
732 26 27 41 42 58 59
850 40 41 55 60 61
852 36 41 49 55 66
784 16 45 46 49 54 62 63
494 26 27 41 49 55 58 59
592 45 46 49 54 55 58 59
1107 49 54 55
461 32 33 36 49 54 55 66
881 7 8 16 49 54
663 41 42 47 48 56 57
697 24 25 26 27 49 54 55
857 22 23 24 25 45 46
622 24 25 28 29 45 46
263 24 25 55 75 76
701 30 31 36 55 60 61 66
884 24 25 77 78
808 25 36 38 39 45 46 79
609 32 33 36 38 39 55
508 16 38 39 60 61 69
846 0 11 24 25 32 33 66
968 17 18 30 31 52 53 55
1190 47 48 49 52 53 54 55 62 63
1045 47 48 49 52 53 54 55 56 57
696 17 18 32 33 49 54 55
767 38 39 55 60 61 69
582 0 36 55 60 61 66 67 68
804 24 25 26 27 49 52 53 54 55 60 61
980 22 23 41 47 48 49 55 60 61
877 45 46 49 54 55 58 59 60 61
618 24 25 41 47 48 49 55 60 61
968 0 7 8 24 25 55 60 61
910 5 6 7 8 22 23 55
984 0 12 13 41 42 55
907 41 42 55 62 63 75 76
992 24 25 35 41 49 54 55 60 61
1008 0 36 55 66 67 68
887 30 31 52 53 55 56 57 60 61
739 0 32 33 36 55 66
1421 40 41 43 44 55 60 61
383 41 49 55
705 49 54 55 58 59
702 3 4 26 27 40 41
694 3 4 26 27 41 49 62 63
714 3 4 26 27 49 54 62 63
761 3 4 5 6 50 51 60 61
595 3 4 12 13 30 31 52 53
554 3 4 30 31 52 53 60 61
647 0 3 4 7 8 24 25 60 61
855 3 4 22 23 41 49
931 3 4 45 46 49 54 58 59
531 3 4 24 25 41 49 50 51
788 16 30 31 60 61 66 69
838 34 40 41 42 47 48
500 34 40 80 81
898 16 30 31 34 49 60 61
635 14 15 60 61 72 73 74
969 35 37 49 52 53 54
844 41 45 46 49 64 65
558 0 16 60 61
599 16 36 38 39
801 28 29 45 46 58 59
727 0 3 4 17 18 41 42
976 0 3 4 47 48 62 63
1087 0 1 2 7 8 55 60 61
749 0 16 36 37 49 66
608 0 8 16 36 66 70
961 0 34 42 43 44 60 61
575 0 41 42 67 82
1133 0 7 8 52 53 55 56 57
646 0 3 4 7 8 34 49
1062 0 16 30 31 55 60 61
407 0 34 42
1066 0 7 8 41 42 55
606 17 18 49 54 55 60 61
1223 17 18 41 42 49 54 55
805 7 8 68 72 73 74 83 84 85
822 11 12 13 30 31 66
138 5 6 35 52 53 54 55 60 61
885 24 25 49 52 53 54 55 60 61
931 24 25 52 53
469 24 25 43 44 52 53 60 61
795 32 33 82 85 86 87
1021 24 25 26 27 41 42 60 61
436 24 32 33 35 37 60 61 88
931 16 30 31 36 60 61 66
577 30 31 60 61 72 73 74 77 78
246 18 41 49 55 60 61 85
805 82 83 84 85 86 87 89 90 91
504 41 42 43 44 60 61
787 3 4 41 42 47 48 49 54
859 41 49 55
330 41 49 64 65
678 41 42 43 44 47 48 62 63
850 22 23 50 51 58 59
517 47 48 49 54 55 58 59 60 61
715 41 42 47 48 49 54 55 58 59
701 41 42 49 54 55
702 34 40 41 42 49 54 55
452 32 33 36 38 39 55
653 43 44 47 48 52 53 56 57
963 24 25 50 51 60 61
620 24 25 47 48 49 54 55 60 61
738 30 31 52 53 55 56 57
874 3 4 30 31 34 49
628 43 44 86 87
799 36 66 80 81
968 36 66
960 38 39 55 60 61 69
847 47 48 49 52 53 54 55 56 57
1016 24 25 49 52 53 54 55 60 61
975 52 53 55 58 59 75 76
870 24 25 30 31 52 53 55 60 61
1052 18 32 33 49 54 55 60 61 85
937 24 25 45 46 49 54 55 60 61
594 17 18 30 31 41 42 55 60 61
804 0 52 53 55 60 61
980 30 31 52 53 55 60 61 86 87
877 45 46 49 54 55 58 59 60 61
1271 24 25 41 47 48 49 55 60 61
1115 0 7 8 24 25 55 60 61
667 41 49 50 51 55 59 60
657 41 45 46 49 55 59 60
681 0 7 8 55 86 87
913 17 18 30 31 41 42 55
1040 30 31 41 42 55 60 61 86 87
1292 24 25 41 42 55 75 76
1406 0 34 40 41 42 55
960 12 13 41 49 55
749 30 31 52 53 55
943 24 25 49 52 53 54 55 60 61
1257 22 23 40 41 47 48 55
776 0 7 8 55 62 63
758 41 47 48 49 55 56 57
774 0 3 4 26 27 41 42
911 3 4 49 50 51 52 53 54
636 3 4 17 18 41 42 49 54
726 3 4 12 13 30 31
473 3 4 32 33 38 39 69
648 3 4 24 25 41 49 60 61
671 3 4 22 23 30 31 60 61
774 3 4 30 31 52 53 62 63
624 3 4 56 57 75 76
813 32 33 35 36 37 49 54 66
1041 34 40 41 42 50 51
707 0 7 8 34 42 60 61
647 0 34 35 41 42
886 7 8 16 49 54 62 63
719 14 15 72 73 74
963 35 37 41 49 60 61
912 49 54 64 65
586 16 30 31 60 61
621 16 24 25 26 27 49 54
781 24 25 28 29 45 46
1019 0 3 4 12 13
761 0 3 4 50 51 60 61
902 0 1 2 34 35 92 93
637 0 16 30 31 36 55 60 61 66
749 0 35 36 37 66 92 93
920 0 34 35 52 53 94 95 96 97
878 0 34 42 43 44 60 61
436 0 34 40 55
821 0 34 40 52 53 55
896 0 60 61 67 82
1028 0 18 49 54 55 67
1133 0 7 8 18 41 42 55 92
821 0 7 8 16 34 49
974 0 16 30 31 55 60 61
781 0 3 4 26 27 62 63
566 0 34 42 45 46 92 93
807 0 58 59 67 93 94 95 96 97
654 17 18 41 42 92 93 96 97
571 16 17 18 30 31 49 54 55 60 61
668 17 18 35 41 42 54
982 3 4 40 41 83 84 98 99
599 58 59 67 68 82 83 84 85 94 95
1029 50 51 60 61 83 84
536 12 13 92 93 98 99
615 12 13 19 20 21 92 93 96 97
932 5 6 7 8 16
675 5 6 67 93
542 41 49 50 51 55 58 59 94 95
715 3 4 49 50 51 54 62 63 94 95
858 32 33 35 36 37 49 54 66 94 95
539 35 37 49 52 53 54 94 95
579 32 33 42 54 94 95 96 97
564 32 33 35 36 37 38 39 94 95
1001 24 25 50 51 92 93 94 95
517 14 32 33 65 82 85 94 95
779 16 30 31 66 69 94 95
431 14 65 77 78 94 95
931 92 93 94 95 96 97 98 99 100 101
803 94 95 96 97 100 101
734 34 35 68 85 92 93 94 95
725 45 46 85 93 94 95 100 101
670 35 37 49 52 53 54 60 61
632 24 25 26 27 49 52 53 54 55 60 61
889 30 31 34 40 52 53 55 92 93
931 32 33 38 39 55 60 61 69
1075 32 33 86 87 98 99
727 32 33 82 85 86 87
538 16 38 39 60 61 69
655 24 25 41 42 43 44 45 46 60 61
910 14 15 52 53 55 60 61
872 30 31 34 40 55 60 61 92 93
891 43 44 52 53 56 57 60 61
905 40 41 60 61 67 93 98 99
714 60 61 67 68 82 85 100 101
573 7 8 55 60 61 68 85 92 93
463 3 4 7 8 60 61 68 85
950 92 93 94 95 96 97 98 99 100 101 102
884
1046 32 33 82 85 100 101
1035 26 27 41 42 92 93 96 97 100 101
628 41 49 50 51 55 60 61 100 101
632 24 25 52 53 92 93 96 97
463 16 18 30 31 58 61 85 92 93
732 50 51 60 61 92 93
584 45 46 62 63 92 93
761 41 42 47 48 86 87 94 95 96 97
536 41 42 45 46 86 87
669 26 27 41 42 62 63
774 3 4 41 42 45 46 49 54
816 40 41 55 92 93
622 7 8 40 41 55 60 61
798 7 8 41 49 55
907 41 47 48 49 55 62 63
724 26 27 58 59 92 93 94 95 96 97
328 50 51 52 53 58 59 92 93 96 97
691 16 45 46 49 54 58 59
448 3 4 58 59 75 76
642 3 4 49 54
811 7 8 16 34 40 49 54
594 16 36 38 39
812 47 48 49 52 53 54 55 56 57
1041 24 25 26 27 28 29
701 24 25 41 42 50 51
708 24 25 41 42 47 48 92 93 96 97
1080 16 24 25 47 48 49 54
612 24 25 47 48 77 78
744 14 15 55 92 93
742 16 30 31 36 66
884 24 25 26 27 77 78 92 93
602 28 29 43 44
805 35 36 37 38 39 60 61
516 32 33 36 38 39 55
813 66 67 68 69 70 71
747 38 39 55 69 94 95
1044 40 52 53 54 55
861 0 7 8 12 13 52 53 55
1172 5 6 7 8 52 53 55 94 95
739 49 52 53 54 55 100 101
1055 52 53 55 56 57 75 76
956 24 25 49 52 53 54 55
555 32 33 36 38 39 55 94 95
805 32 33 49 54 55 100 101
663 24 25 26 27 49 54 55 60 61
875 0 3 4 47 48 62 63
689 0 60 61 72 73 74
595 0 1 2 32 33 36 55 66
964 0 1 2 7 8 55
375 0 3 4 36 50 51 66 92 93
1147 0 16 36 66
1180 0 36 55 66
752 0 34 35 52 53
1049 0 34 42 104 105
751 0 56 57 67 82 94 95
640 0 18 41 42 43 44 67
1276 0 67 93 100 101 106 107
787 0 7 8 36 55 66 92 93
646 0 7 8 72 73 74 79 88
1172 0 55 56 57 60 61
1128 0 3 4 60 61 106 107
908 0 34 42
848 0 34 35 60 61
612 0 7 8 34 42
796 17 18 41 42 94 95 96 97
692 7 8 17 18 41 42 49 54 55
917 17 18 30 31 55
782 58 59 82 83 84 85 94 95
759 18 19 20 21 83 84 85 94 95
797 58 59 83 84 98 99 102 103
863 22 23 50 51 83 84
978 12 13 92 93 94 95 96 97 98 99
862 12 13 19 20 21 94 95 96 97
645 12 13 106 107 108 109
827 5 6 28 29 55
735 5 6 7 8 52 53 55
628 55 60 61 88 106 108 109
715 50 51 100 101 108 109
707 28 29 50 51 58 59 94 95
794 36 49 54 55 66 94 95
1038 35 37 49 52 53 54 94 95
1060 3 4 35 40 41 54 94 95
885 49 54 55 94 95 100 101
556 41 42 47 48 56 57 94 95
316 24 67 88 93 94 95
910 30 31 52 53 55 56 57 94 95
992 30 31 34 49 52 53 55 94 95
436 32 33 43 44 94 95
903 67 68 92 93 94 95 98 99
872 24 32 33 92 93 94 95 96 97 107
462 82 83 84 85 94 95
745 82 83 84 85 94 95
851 7 8 16 18 49 54 85 94 95
591 72 73 74 88 94 95 106
647 34 35 49 52 53 54 60 61
967 49 52 53 54 55 60 61
772 14 15 52 53 72 73 74
1109 35 52 53 54 94 95 96 97 100 101
1075 24 32 33 55 88 92 93
790 32 33 49 54 55 60 61 98 99
1000 32 33 82 85 110 111
647 16 36 38 39 60 61
279 24 25 28 29 50 51 60 61
321 7 8 16 24 60 61 88
898 30 31 34 42 55 60 61 68 92
732 30 31 60 61 72 73 74
921 43 44 60 61 110 111
568 41 49 55 60 61 98 99
444 60 61 67 68 82 83 84 85
803 45 46 60 61 62 63 85 93
512 92 93 94 95 96 97 98 99 100 101
670 60 61 82 85 100 101
738 60 61 100 101 104 105 106 107
926 50 51 52 53 100 101
1082 41 42 45 46 94 95 96 97 100 101
828 26 27 41 42 43 44 110 111
582 41 42 50 51 92 93 96 97 110 111
1127 32 33 56 57 92 93 96 97
961 19 20 21 92 93 96 97 100 101
537 41 42 92 93 96 97
989 56 57 92 93 94 95 106 107
696 26 27 28 29 92 93
732 50 51 86 87 92 93
780 45 46 58 59 60 61 92 93 106 107
1048 41 42 47 48 86 87 92 93 96 97
425 41 42 45 46 86 87
1033 28 47 48 62 63 109
856 26 27 41 42 110 111
724 41 42 45 46 110 111
684 41 42 55 75 76
738 26 27 34 40 41 42 92 93
706 3 4 26 27 41 49 58 59
590 41 42 43 44 45 46 62 63
562 43 44 47 48 60 61 62 63
872 58 59 82 85 89 90 91 94 95
696 3 4 49 50 51 52 53 54 58 59
721 41 42 45 46 58 59 94 95 96 97
615 41 42 43 44 47 48 58 59
830 49 54 55 86 87
795 36 49 54 55 66
658 7 8 49 54 55 60 61
539 38 39 55 69
744 47 48 52 53 56 57 96 97
852 24 25 26 27 41 42 94 95 96 97
780 0 3 4 50 51 100 101
1019 0 3 4 100 101 106 107
247 0 3 4 26 27 41 42
595 0 3 4 26 27 62 63
885 0 1 2 34 35 92 93
733 0 3 4 36 66
934 0 16 66 69
530 0 32 33 34 40 55
779 0 36 55 66 67 68 92 93
821 0 7 8 24 25 52 53 55
976 0 3 4 7 8 34 40
1062 0 24 32 33 55 107 108 109
742 0 3 4 26 27 62 63
939 0 34 40 55 92 93
585 0 7 8 41 42 55
926 3 4 17 18 26 27 41 42 49 54
920 3 4 17 18 30 31 92 93 106 107
857 24 25 48 77 78 83 84 112
240 25 83 84 104 105 106
903 50 51 83 84 110 111
548 12 13 32 33 49 54 55 98 99
41 3 4 5 6 7 8
1025 5 6 7 8 55
734 86 87 98 99 108 109
1070 58 59 94 95
1324 41 42 47 48 58 59 94 95
725 32 33 34 35 49 54 94 95
794 35 54 94 95 110 111
448 16 40 54 94 95
958 7 8 16 38 39 69 94 95
825 3 4 24 88 94 95
903 30 31 55 94 95
877 16 30 31 34 40 94 95
704 48 56 57 77 78 94 95 112
977 32 33 43 44 56 57 94 95
1064 24 25 32 33 43 44 94 95
836 3 4 40 41 94 95 98 99
1003 19 20 21 94 95 100 101 112 113
1004 82 85 94 95 110 111
316 3 4 18 30 31 85 94 95
487 55 88 94 95 106
967 35 52 53 54 58 59 94 95
1097 14 52 53 65
508 52 53 94 95 112 113
693 24 32 33 55 88 92 93
634 32 33 112 113 114 115
673 38 39 60 61 67 69 70 71 93
1021 3 4 24 25 26 27 49 54 60 61
596 24 60 61 92 93 107
666 14 15 55 60 61
760 16 30 31 36 60 61 66
836 24 25 26 27 60 61 77 78 92 93
866 19 20 21 43 44 60 61 100 101
1140 41 49 60 61 72 73 74 98 99
1075 34 40 41 42 48 60 61 112
730 34 40 55 60 61 68 85 92 93
748 24 25 48 60 61 85 93 112
414 60 61 67 88 93 106
843 26 27 41 42 43 44 114 115
902 28 29 50 51 114 115
673 92 93 98 99 100 101 102 103
703 16 30 31 94 95 100 101 112 113
829 16 30 31 60 61 82 85 100 101
407 100 101 104 105 106 107 108 109
727 26 27 28 100 101 109
829 26 27 28 29 100 101
688 22 23 50 51 100 101
914 3 4 45 46 49 54 100 101
862 26 27 41 42 92 93 96 97 110 111
521 50 51 92 93 94 95 96 97 110 111
566 45 46 92 93 110 111
1128 34 40 41 42 92 93 96 97
833 58 59 92 93 94 95 106 107
483 26 27 92 93 110 111
631 50 51 92 93 114 115
673 40 41 45 46 55 60 61 92 93
267 86 87
482 47 48 86 87 94 95 96 97
617 28 82 85 94 95 109
794 41 42 43 44 114 115
1059 41 42 60 61 112 113
750 26 27 41 42 58 59
758 41 42 45 46 92 93 96 97 100 101
876 41 42 55 75 76 92 93
813 34 40 41 42 60 61 112 113
865 22 23 41 49 55
459 35 37 41 49 60 61
818 47 48 49 54 55 62 63
636 55 58 59 88 106
726 26 27 41 42 58 59
908 22 23 50 51 58 59
517 45 46 49 54 55 58 59 60 61
702 47 48 58 59 77 78
1065 24 25 49 54 55 60 61
755 41 42 49 54 55
1171 35 41 49 54 55 94 95
833 16 36 49 54 66
811 35 37 49 54 94 95
362 16 38 39 69
548 55 56 57 75 76
512 24 25 26 27 28 29
942 22 23 24 25 50 51
953 3 4 88 106 116 117
560 0 3 4 110 111
1408 0 3 4 24 25 47 48
920 0 1 2 67 82 100 101
911 0 3 4 7 8 36 66
958 0 16 66 69
758 0 34 40 55
1028 0 28 67 82 109
1217 0 52 53 67 93 96 97
1190 0 7 8 55 118 119
897 0 7 8 16 34 49
717 0 55 110 111
825 0 67 93 118 119
790 0 32 33 34 42 96 97
1008 0 67 93
570 17 18 41 42 112 113 120 121
422 17 18 19 20 21 49 54 55 60 61
731 17 18 49 54 55
783 83 84 86 87 98 99 102 103
926 60 61 82 83 84 85
982 83 84 86 87 106 107
609 72 73 74 83 84 88 106
645 25 83 84 104 105 106
889 50 51 60 61 83 84
558 12 13 16 30 31
1005 12 13 41 42 96 97
960 12 13 28 82 85 109
796 3 4 5 6 7 8 60 61 106 107
965 5 6 35 41 55 60 61
856 5 6 7 8 55 92 93
671 25 104 105 106 108 109
719 41 42 50 51 108 109
855 48 58 59 98 99 112 120 121
614 72 73 74 88 106 120 121
1108 41 49 50 51 72 73 74 120 121
591 24 25 50 51 52 53 120 121
325 3 4 26 27 49 52 53 54 58 59
615 40 52 53 54 67 93
753 14 15 52 53 72 73 74
584 43 44 52 53 100 101
754 3 4 32 33 36 38 39
748 32 33 43 44 60 61 62 63 98 99
648 12 13 32 33 112 113
559 8 16 36 38 39 60 61 70
839 24 25 26 27 28 29 60 61
455 3 4 24 25 45 46 49 54 60 61
464 14 52 53 60 61 65 112 113
423 18 30 31 41 42 55 60 61 92
605 30 31 41 42 55 60 61
895 3 4 30 31 34 40 60 61
765 3 4 30 31 60 61 77 78
839 3 4 40 41 43 44 60 61
921 49 54 55 60 61 98 99
1114 41 48 49 55 60 61 100 101 112
817 34 40 60 61 67 68 85 93
718 26 27 60 61 85 93 100 101
293 25 60 61 104 105 106
463 26 27 49 54 55 114 115
803 60 61 112 113 114 115 122 123
1038 52 53 96 97 100 101
747 32 33 82 85 100 101
829 60 61 100 101 104 105 106 107
760 16 26 27 49 54 100 101
1082 41 45 46 49 55 60 61 100 101
850 26 27 41 42 92 93 96 97 110 111
961 28 29 50 51 110 111
770 32 33 56 57 92 93 96 97
540 3 4 18 30 31 85 92 93
537 26 27 28 29 92 93
764 41 42 50 51 92 93
585 22 23 41 47 48 49 55 60 61
838 47 48 49 54 55 60 61 86 87
881 16 47 48 49 54 86 87
856 47 48 77 78 86 87
440 28 48 58 59 109 112
1050 41 42 43 44 56 57 60 61
1301 41 42 48 96 97 100 101 112
758 41 42 50 51 86 87
352 41 42 43 44 47 48 58 59
836 11 40 41 66
465 22 23 41 49 55
700 41 49 72 73 74
698 41 42 47 48 49 54 55 62 63
826 58 59 104 105
345 26 27 49 54 55 58 59 60 61
754 28 29 45 46 58 59
786 47 48 49 54 55 58 59
626 49 54 55 60 61
650 49 54 55 118 119
795 34 42 49 50 51 54 60 61
956 16 49 54
891 41 42 47 48 56 57 112 113 120 121
839 47 48 52 53 56 57 96 97
485 47 48 56 57 92 93 96 97
489 24 25 26 27 41 42 92 93 96 97
938 24 25 41 49 50 51 55 60 61
758 24 25 41 42 47 48
620 14 52 53 65 96 97
552 24 25 30 31 52 53 55
744 30 31 72 73 74 118 119
829 3 4 30 31 34 49
836 43 44
808 28 29 43 44
641 36 37 49 66
744 0 36 55 66 92 93
661 16 38 39 60 61 69
963 0 3 4 41 42 47 48
565 0 3 4 100 101 106 107
708 0 1 55 60 61 69 124 125
787 0 1 18 41 42 55 92 124
977 0 1 3 4 60 61 106 107 124
1149 0 1 34 41 42 49 55 124
682 0 1 2 55 92 93 118 119
770 0 1 2 60 61 67 82
840 0 1 9 10 11 124
1114 0 7 8 36 55 66
1181 0 11 66
760 0 28 34 35 109
920 0 34 40 67 93
754 0 67 82 110 111
784 0 18 49 54 55 60 61 67
1168 0 7 8 24 55 60 61 92 93 107
761 0 7 8 72 73 74 118 119
1082 0 7 8 11 36 66 125
1005 0 7 8 16 36 66
787 0 7 8 58 59 125 126 127
1130 0 24 32 33 55 92 93 107
793 0 19 20 21 55 100 101
958 0 3 4 60 61 106 107
1112 0 1 41 42 55 124
1086 0 11 34 40 124 125 128
757 0 52 53 67 93 96 97
1453 0 58 59 125 126 127
737 17 18 41 42 92 93 96 97
743 1 17 18 49 52 53 54 55 124
740 16 17 18 49 54
935 16 17 18 30 119
525 48 83 84 86 87 98 99 112
800 11 18 30 31 83 84 85 125
977 82 83 84 85 100 101
808 12 13 30 31 55
536 12 13 28 98 99 109
980 12 13 28 29 112 113
1117 3 4 7 8 12 13 68 85
762 5 6 7 8 16
422 5 6 7 8 9 10 11
785 5 6 35 41 55 92 93
583 5 6 67 82 85 93 120 121
817 58 59 98 99 108 109
356 26 27 100 101 108 109
823 34 40 41 42 48 112 120 121
971 85 93 104 105 120 121
745 50 51 114 115 120 121
138 82 85 100 101 120 121
332 120 121 122 123 129 130
430 34 35 49 52 53 54 60 61
895 24 25 52 53
325 30 31 52 53 55 100 101
579 52 53 96 97 100 101
533 32 33 38 56 57 60 61 127
542 32 33 43 44 60 61
882 32 33 92 93 96 97
331 32 33 35 36 37 38 39 60 61
566 28 38 60 61 109 127
736 24 25 26 27 41 42 49 54 55 60 61
464 24 60 61 107 108 109
580 14 41 42 48 60 61 65 112
310 30 31 52 53 55 60 61 131 132
878 3 4 30 31 34 40 60 61
1085 16 30 31 60 61
1141 43 44 60 61 100 101
1163 40 41 55 60 61 92 93 98 99
1094 60 61 110 111 112 113
662 24 25 32 33 60 61 82 85
911 16 18 49 54 60 61 85
414 60 61 106 107 110 111
850 26 27 52 53 92 93 96 97 114 115
806 41 42 50 51 92 93 96 97 114 115
615 92 93 98 99 100 101 102 103
703 28 29 100 101 112 113
407 7 8 55 68 85 92 93 100 101
585 3 4 7 8 68 85 100 101
1057 26 27 28 100 101 109
755 22 23 50 51 100 101
825 100 101 122 123 129 130
753 11 66 133 134
997 55 60 61 133 134
587 26 27 41 42 60 61 110 111 112 113
940 3 4 41 49 50 51 110 111
770 92 93 96 97 110 111
689 60 61 92 93 106 107
550 26 27 41 42 92 93 96 97 100 101
419 41 42 50 51 92 93
721 22 23 41 47 48 49 55
1069 47 48 49 52 53 54 55 86 87
1078 28 109
787 28 45 46 58 59 109
699 41 42 110 111 112 113
816 41 42 50 51 114 115
713 41 42 47 48 56 57
625 3 4 26 27 40 41 92 93
816 40 41 60 61 67 82 85 93
667 1 3 4 41 49 124
306 41 45 46 49 55 60 61 62 63
762 41 47 48 49 55 62 63
854 41 47 48 49 55 60 61 62 63
594 58 59 106 107 120 121
578 26 27 41 42 43 44 58 59
562 28 29 50 51 58 59
277 0 3 4 26 27 41 42
844 72 73 74 75 76 79 88
772 0 1 11 124 125 126 135 136 137
407 0 1 52 53 55 124
1023 0 1 52 53 55 124 131 132
1013 0 1 16 36 124 137 138 139
959 0 1 24 25 124 138
901 0 1 34 35 41 42 124
733 0 1 35 37 41 42 124
763 0 1 2 35 41 92 93 138
1510 0 1 2 7 8 55 92 93
1013 0 36 55 66 67 68 92 93
799 0 36 66 67 93 136 140
373 0 16 66 135
495 0 16 66 69 136 140
904 0 36 55 137 138 139
1019 0 35 41 110 111 138
313 0 3 4 35 54 133 134 138
989 0 24 25 45 46 92 93 138
886 0 32 33 34 42 112 113
644 0 67 82 83 84
745 0 16 18 67 137 139 140
735 0 67 72 73 74 88 93 106
1028 0 7 8 55 100 101 118 119
922 0 7 8 49 54 55 138
1007 0 7 8 11 34 49 125
1264 0 7 8 16 34 49
1082 0 52 53 55 135 136
854 0 55 69 92 93 136
1224 0 24 25 52 53 55
1037 0 35 41 55 100 101
890 0 3 4 26 27 58 59
885 0 1 11 124 125
821 0 35 41 114 115 138
1088 0 14 15 16 138
1182 0 32 33 34 40 55
847 0 67 82 85 93 120 121
830 0 41 42 55 136 140
500 16 17 18 137 139 140
634 17 18 41 42 43 44 60 61
940 3 4 17 18 41 42 49 50 51 54
650 17 18 35 54 60 61
554 17 18 19 20 21 38 120 121 127
722 17 18 30 31 43 44 138
953 34 40 41 42 48 83 84 112
772 3 4 34 40 68 83 84 85
841 22 23 25 26 27 83 84 106
977 24 25 50 51 60 61 83 84
999 12 13 30 31 49 54 55 138
487 12 13 41 49 55 60 61 98 99
1041 12 13 28 29 112 113
445 7 8 12 13 55 68 85 92 93
742 3 4 5 6 7 8 49 54 138
763 5 6 67 93 125 140
693 5 6 32 33 55
903 5 6 32 33 38 55 127
564 3 4 5 6 26 27 92 93
923 5 6 49 54 55 60 61 138
716 5 6 7 8 55
650 14 15 16 18 85 108 109
814 26 27 41 42 108 109
762 41 48 49 112 120 121 138
940 11 18 30 31 85 120 121 125
685 25 104 105 106 120 121
1162 41 49 50 51 58 59 120 121 138
829 26 27 41 42 120 121
496 49 52 53 54 55 60 61 131 132
1157 35 52 53 54 56 57 60 61
222 24 25 45 46 49 52 53 54 55
640 30 31 34 40 52 53 55 60 61
806 52 53 56 57 60 61 112 113
953 32 33 38 60 61 127
1165 14 32 33 65 92 93 96 97
698 32 33 49 54 55 98 99 100 101
862 18 32 33 49 54 55 85
814 16 36 38 39 60 61
851 38 40 41 55 60 61 127
507 24 25 26 27 41 49 55 60 61
705 24 25 45 46 49 54 55 60 61
567 24 32 33 55 60 61 88
698 3 4 14 15 60 61
686 3 4 30 31 60 61 131 132
1024 30 31 41 49 55 60 61 100 101 138
910 30 31 34 41 42 49 55 60 61
933 30 31 60 61 64 65
1114 9 10 11 30 31 60 61
770 43 44 52 53 56 57 60 61
866 60 61 98 99 102 103 110 111
925 16 49 54 60 61 98 99
627 41 48 49 58 59 60 61 112 138
697 34 40 55 60 61 68 85 92 93
752 11 18 30 31 60 61 85 125
1038 3 4 60 61 88 106 136 140
445 26 27 92 93 106 107 114 115 120 121
638 50 51 52 53 92 93 96 97 114 115
943 41 42 47 48 114 115
684 60 61 100 101 112 113
730 67 68 82 85 100 101 120 121
582 26 27 41 42 92 93 96 97 100 101
492 49 50 51 52 53 54 55 60 61 100 101
663 3 4 41 45 46 49 100 101
641 3 4 26 27 92 93 133 134
451 49 54 55 60 61 133 134 138
942 7 8 55 133 134
677 0 3 4 41 42 47 48
736 0 3 4
942 0 3 4 24 25 47 48
433 0 1 62 63 124 125 138 140
817 0 1 16 55 124 133 134
730 0 1 41 42 55 124 131 132
310 0 1 124 138
1013 0 1 24 25 35 54 60 61 124 138
817 0 1 34 42 92 93 96 124 141
707 0 1 16 124 136 140
1224 0 1 35 37 41 42 124
797 0 1 2 24 25 35 41 60 61 138
1013 0 1 2 67 82 120 121
775 0 1 11 124 125
732 0 1 35 36 37 66 92 93 124
907 0 16 36 66 136 140
962 0 66 67 93 135 136 140
1124 0 11 66 125 135 136 140
605 0 36 55 60 61 66
1133 0 55 66 100 101 140
829 0 16 36 137 138 139
1076 0 35 41 67 93 133 134 138
932 0 16 30 31 58 61 138
552 0 16 35 54 133 134 138
1020 0 24 25 104 105 138
755 0 34 35 142 143 144
998 0 16 34 40
918 0 67 82 83 84
644 0 34 40 67 68 138
577 0 16 18 38 39 67 69
561 0 67 93 100 101 122 144
1028 0 7 8 28 55 109
977 0 7 8 36 55 60 61 66
929 0 7 8 56 57 138
907 0 7 8 16 34 49
910 0 55 135 136
499 0 32 33 55 135 136
1132 0 55 60 61 135 136
983 0 52 53 55 69 136
1253 0 52 53 55
1224 0 16 30 55 60 61 119
929 0 55 62 63 130 142 144
1088 0 131 132 138
656 0 1 11 124 125
913 0 32 33 36 55 66
977 0 35 41 100 101 138
918 0 24 25 138
964 0 96 114 115 138 141
1182 0 34 40 41 42 55
832 0 67 93 96 97 100 101
661 0 7 8 52 53 55
1070 0 11 125 136 140
825 17 18 49 54 55 130 142 144
483 17 18 41 42 96 109 141 145
935 17 18 29 35 41 145
873 17 18 35 41 49 54 55 60 61
35 7 8 16 17 18 49 54
773 3 4 17 18 49 54
816 17 18 30 31 55 118 119
1066 83 84
782 48 83 84 98 99 110 111 112
545 16 18 30 31 58 61 83 84 85
780 41 42 48 83 84 112
949 50 51 83 84 86 87
940 12 13 30 31 138
1069 12 13 35 41 43 44 60 61
981 12 13 96 97 142 143 144
519 12 13 32 33 60 61 96 112 113 141
863 12 13 16 49 54 96 141
577 12 13 48 52 53 96 112 141
805 12 13 106 107 108 109
1117 12 13 106 107 108 109
595 5 6 7 8 43 44 60 61 138
908 5 6 35 52 53 54 55 60 61
1400 5 6 35 41 55 92 93
617 5 6 138
603 5 6 32 33 96 138 141
1013 5 6 9 10 11
850 98 99 102 103 108 109 110 111
740 26 27 86 87 108 109
553 24 25 47 48 108 109
835 18 19 20 21 85 92 93 120 121
806 47 48 62 63 85 93 120 121
833 50 51 109 120 121 145
519 112 113 120 121 123 130 142
671 50 51 110 111 120 121
720 49 52 53 54 55 131 132
801 24 25 35 52 53 54 60 61
429 24 25 50 51 52 53 109 145
632 3 4 30 31 52 53 131 132
864 52 53 86 87 96 97
850 52 53 112 113 120 121
551 32 33 36 38 39 55 60 61
538 24 32 33 107 108 109
1141 32 33 43 44 114 115
692 32 33 38 60 61 96 100 101 127 141
814 32 33 58 59 96 141
1064 24 25 32 33 60 61 82 85
754 16 38 39 60 61 135 136 140
788 38 39 60 61 67 93 140
585 16 38 39 60 61 140
473 24 25 49 50 51 52 53 54 55 60 61
766 24 25 60 61 67 68 92 93 122 144
809 0 3 4 82 85 100 101
683 0 3 4 83 84
1420 0 3 4 24 25 50 51 52 53
772 0 1 55 69 124 125
1039 0 1 55 109 124 145
655 0 1 16 124 131 132
603 0 1 16 36 124 137 138 139
546 0 1 16 40 54 124 138
1224 0 1 34 49 55 124
1222 0 1 82 83 84 85 124 146
953 0 1 106 107 108 109 124 146
1224 0 1 11 124 125
1235 0 1 2 16 66 140
1025 0 1 2 67 82 100 101
1078 0 1 11 124 125
1131 0 1 16 36 66 124
669 0 16 66 135 136 140
786 0 7 8 16 36 66
410 0 66 72 73 74 140
1301 0 32 33 55 69 137 138 139
932 0 3 4 40 41 138
1114 0 32 33 35 54 138
1044 0 16 40 54 138
775 0 34 35 142 143 144
984 0 34 40 67 93
701 0 28 29 67 82
751 0 18 49 52 53 54 55 67
492 0 62 63 67 93 122 144
632 0 7 8 28 55 147
1114 0 7 8 36 55 66 92 93
1145 0 7 8 24 25 138
1064 0 7 8 41 42 43 44 146
1078 0 11 125 135 136
1018 0 36 67 93 136
915 0 34 42 136 140
1031 0 29 55 145
1408 0 16 55 137 139 140
770 0 55 100 101 118 119
1351 0 1 52 53 55 124
885 0 16 36 66
717 0 49 54 55 100 101 138
1007 0 16 30 31 138
1052 0 32 33 34 40 55
1110 0 67 93
1110 0 62 63 67 93 122 144
1486 0 58 59 67 93 122 144
1182 0 32 33 82 85 146
1011 0 7 8 138
823 0 16 36 136
372 16 17 18 137 139 140
859 17 18 41 49 55
422 17 18 32 33 49 54 96 138 141
554 16 17 18 38 39 140
722 17 18 30 31 49 54 55 138
907 58 59 83 84 98 99
811 3 4 34 40 68 83 84 85
982 25 26 27 83 84 106 145 147
875 50 51 83 84 114 115
826 12 13 30 31 55 92 93 118 119
864 12 13 67 68 92 93 98 99
844 12 13 41 42 43 44 96 141
723 12 13 67 68 82 83 84 85
879 5 6 7 8 16 49 54 138
480 5 6 55 109 145
548 3 4 5 6 50 51 52 53
965 5 6 30 31 55 138
731 108 109
1095 86 87 98 99 108 109
770 41 42 50 51 108 109
839 1 49 52 53 54 55 124
874 40 52 53 54 146
681 52 53 55 92 93 148 149
346 43 44 52 53 114 115
916 48 52 53 96 112 114 115 141
843 3 4 24 25 32 33 49 54 122 144
954 32 33 43 44 110 111
1165 32 33 49 54 96 138 141
542 32 33 85 93 96 110 111 141
471 32 33 62 63 85 93 96 141
788 16 36 38 39 60 61
839 28 38 60 61 109 127
946 24 25 26 27 60 61 92 93
576 3 4 24 25 41 49 50 51 60 61
784 24 60 61 107 108 109
912 24 25 45 46 60 61 92 93
664 14 15 60 61 72 73 74
655 60 61 138 148 150
1092 11 30 31 60 61 125 131 132
686 30 31 40 41 55 60 61 92 93 138
824 30 31 34 40 55 60 61 92 93
454 11 30 31 60 61 136
895 24 25 50 51 60 61 77 78 92 93
431 43 44 60 61 114 115
483 43 44 58 59 60 61
481 49 54 55 60 61 98 99
761 24 25 32 33 60 61 96 141
907 60 61 92 93 96 141
900 41 42 60 61 96 141
562 49 54 58 59 60 61 96 138 141
902 60 61 86 87 112 113
1165 41 48 49 60 61 112 138
969 32 33 60 61 82 85
605 16 18 36 60 61 85 137 139
555 48 56 57 60 61 85 93 112
873 60 61 72 73 74 88 106
745 0 3 4 24 25 50 51 52 53
616 0 3 4 62 63
495 0 3 4 41 42 47 48
886 0 1 58 59 124 125 138 140
852 0 1 35 52 53 54 55 110 111 124
769 0 1 35 52 53 54 55 86 87 124
749 0 1 55 124 131 132
823 0 1 11 36 66 124 125
413 0 1 49 54 124 138 146
849 0 1 34 42 92 93 124 141 151
1093 0 1 92 93 96 124 141 146
1158 0 1 11 124 125
749 0 1 2 11 36 66 125
507 0 1 2 16 34 49
964 0 1 2 72 73 74
962 0 1 36 55 66 124
1124 0 3 4 66 135 136 140
487 0 36 55 66
909 0 55 66 100 101 140
783 0 16 36 137 138 139
938 0 35 41 92 93 138
976 0 32 33 58 61 112 113 138
1228 0 3 4 40 54 138
752 0 22 23 34 35
1038 0 34 40 55 92 93
982 0 24 25 52 53 67 82
1080 0 18 41 42 43 44 67
709 0 67 82 85 93 100 101
540 0 52 53 67 93 141 151
971 0 41 42 67 93 141 151
1034 0 7 8 55 86 87
1081 0 3 4 7 8 72 73 74 88 106
1007 0 7 8 16 40 54 138
997 0 7 8 16 34 40
1204 0 7 8 9 10 11
1052 0 36 55 92 93 136
845 0 55 92 93 136 140
1019 0 55 114 115
1157 0 55 92 93 142 143 144
980 0 7 8 16 150 152
964 0 1 35 37 92 93 124
1130 0 36 66 67 93
1194 0 26 27 58 59 92 93 138
948 0 30 31 55 92 93 138
1240 0 34 42 50 51 92 93
1137 0 32 33 34 35
1088 0 30 31 41 42 55 146
661 0 104 105 146
420 0 7 8 24 25 138
848 0 125 126 127
930 17 18 41 42 96 109 141 145
940 17 18 49 52 53 54 55
735 7 8 17 18 41 42 49 54 55
770 17 18 38 39 67 93 140
579 17 18 30 31 43 44 138
935 40 41 48 83 84 112 138
850 67 68 82 83 84 85 100 101
763 83 84
824 82 83 84 85 100 101
987 83 84 123 130 141 142 151
984 12 13 30 31 125 126 127
938 3 4 12 13 41 49 98 99
765 12 13 49 54 55 98 99
942 12 13 49 54 96 138 141
1122 12 13 32 33 85 93 96 141
1249 5 6 7 8 11 125 126 137
566 5 6 22 23 55
729 1 5 6 11 124 125
736 5 6 16 30 31 138
826 86 87 98 99 108 109
827 52 53 96 108 109 141
893 45 46 62 63 108 109
914 1 49 52 53 54 124 146
502 49 52 53 54 55 100 101
391 52 53 67 93 148 149
888 50 51 52 53 84 92 93 153
755 48 52 53 62 63 112
602 32 33 38 58 59 127
836 32 33 146 148 150
770 3 4 32 33 49 54 98 99
1075 32 33 100 101 112 113
879 38 39 60 61 67 93 135
886 38 39 55 60 61 140
1036 16 36 38 60 61 137
562 24 25 26 27 49 54 60 61 138
660 16 24 25 45 46 49 54 60 61
611 11 24 60 61 88 125
620 14 60 61 65 67 68 85 93
697 55 60 61 123 130 142 148 149
678 16 30 31 55 60 61 133 134
580 3 4 30 31 60 61 100 101 106 107
638 30 31 49 54 60 61 138 146
643 11 30 31 34 49 60 61 125
843 16 30 31 60 61
557 58 59 60 61 77 78 96 141
719 43 44 60 61 84 153
704 60 61 84 122 123 129 130 153
760 43 44 60 61 100 101 142 143 144
659 35 41 43 44 60 61 114 115
780 35 41 43 44 60 61 100 101
803 41 49 60 61 72 73 74 98 99
480 32 33 38 60 61 96 127 141
1168 60 61 96 141 145 147
671 60 61 92 93 96 141 142 143 144
887 60 61 62 63 96 141
512 32 33 56 57 60 61 112 113
894 3 4 40 41 48 60 61 112
835 48 52 53 60 61 96 112 141
495 0 3 4 110 111
886 0 3 4 41 42 50 51
627 0 1 36 55 92 93 124 125
654 0 1 35 52 53 54 55 86 87 124
650 0 1 55 124 131 132
925 0 1 3 4 36 66 124
679 0 1 124 138 154 155
811 0 1 96 114 115 124 138 141
607 0 1 34 35 52 53 124
1091 0 1 55 124 136 140
760 0 1 64 65 124
627 0 1 2 35 41 86 87 138
775 0 1 2 41 42 67 82
1019 0 1 58 59 124 125 126 127
1099 0 1 3 4 36 66 124
558 0 66 67 93 135 136 140
487 0 36 55 66 92 93
786 0 55 66 92 93 140
1041 0 3 4 69 137 138 139 156 157
866 0 35 41 92 93 138
491 0 3 4 40 41 138
1301 0 40 41 138 146
872 0 45 46 58 59 92 93 138
992 0 24 25 32 33 35 54 138
971 0 16 40 54 138
419 0 24 25 47 48 138 154 158
873 0 34 42 92 93 96 141
886 0 34 41 42 49 55
887 0 67 68 146
784 0 18 41 42 49 54 55 67
612 0 67 72 73 74 88 93 106
695 0 7 8 55 110 111
935 0 7 8 55 92 93 118 119
959 0 7 8 41 49 72 73 74 138
1102 0 7 8 34 40 55
1064 0 7 8 92 93 106 107 146
998 0 135 136 138 156 157
1049 0 11 36 125 136
731 0 34 42 136 140
1224 0 16 55 133 134
964 0 55 58 59 142 143 144
1051 0 16 30 31 146 150 152
1301 0 1 11 124 125
1071 0 36 55 66
974 0 35 41 110 111 138
1187 0 16 40 54 138
1080 0 84 138 153
1105 0 34 42 45 46 92 93
1106 0 34 35 52 53
1087 0 41 42 67 93 141 151
444 0 52 53 112 113 146
1182 0 41 42 141 146 151
165 0 55 92 93 136 140
1072 17 18 92 93 130 142 144
757 16 17 18 137 139 140
997 17 18 41 42
636 17 18 41 42 45 46 92 93
696 1 17 18 49 52 53 54 55 124
734 17 18 32 33 42 54 96 141
712 17 18 30 31 41 42 55
761 16 17 18 30 31
974 40 41 48 83 84 112 146
771 28 82 83 84 85 147
947 83 84 88 106 116 117 146
1128 83 84 98 99 102 103 159 160
489 22 23 26 27 83 84
655 58 59 83 84 122 144
1078 11 12 13 30 31 125
980 12 13 32 33 96 141
942 12 13 32 33 112 113
1122 12 13 55 88 106
879 5 6 7 8 9 10 11
1400 5 6 22 23 55
690 1 5 6 11 124 125
816 5 6 30 31 55 138
755 5 6 9 10 11
826 88 106 108 109 116 117 146
913 68 85 108 109 146
507 32 33 108 109 141 151
1107 1 49 52 53 54 124 146
983 49 52 53 54 55
1030 3 4 14 15 52 53
372 11 30 31 52 53 136
633 52 53 96 110 111 141
532 48 52 53 58 59 96 112 141
916 11 32 33 38 137
953 3 4 32 33 148 150
665 32 33 92 93 98 99
903 32 33 49 54 96 138 141
672 18 32 33 49 54 55 85
839 60 61 106 107 109 145 159 160
513 26 27 41 49 60 61 138 159 160
888 3 4 41 45 46 49 60 61 159 160
1125 18 31 41 42 55 60 61 92 159
399 3 4 31 49 54 60 61 138 159
680 31 35 37 41 42 60 61 159
1165 60 61 159 160 161 162
593 16 36 38 39 60 61
496 16 36 38 39 60 61 136 140
656 16 36 38 39 60 61
788 16 38 60 61 127 133 134
898 24 25 60 61 104 105
253 24 25 50 51 60 61 109 145
660 24 25 60 61 67 68 92 93 122 144
554 16 24 37 49 60 61 88
596 14 15 16 60 61
569 55 60 61 123 130 142 148 149
666 4 17 18 32 33 82 85 163
640 4 25 106 122 144 163
526 4 17 18 26 27 41 42 163
614 0 3 4 50 51 164 165
599 4 41 42 48 112 141 151 163
673 4 40 41 47 48 138 163
895 0 1 2 3 4
466 0 3 4 17 18 41 42
362 4 24 25 50 51 52 53 163
743 4 32 33 163
865 4 22 23 47 48 163
784 4 163
643 4 24 25 50 51 163
910 50 51 138 159 160 163 166
705 67 93 122 144 163 166
673 125 126 127 163 166
657 0 3 4 104 105
799 0 3 4 47 48 154 158
1002 0 1 55 60 61 124 125 135
684 0 1 69 124 125 138 154 158
649 0 1 55 124 125 140
1145 0 1 24 25 52 53 55 124
684 0 1 28 55 109 124
711 0 1 124 146 150 152
657 0 1 16 36 66 124
1102 0 1 4 124 138 163
779 0 1 124 138 153 155
728 0 1 11 34 42 124 125 132 161
1085 0 1 16 34 40 124
1222 0 1 18 85 124 146 154 158
805 0 1 124 126 127 136
977 0 1 16 37 49 124
863 0 1 2 16 66 140
1149 0 1 2 35 54 110 111 138
751 0 1 2 60 61 67 82
902 0 1 2 7 8 34 42
812 0 1 9 10 11 124
991 0 1 16 36 66 124 136 140
441 0 35 36 37 66 92 93
617 0 32 33 35 36 37 66
1065 0 16 40 66 69 167
609 0 3 4 135 136 137 138 139 140
907 0 16 40 69 137 138 139 167
662 0 35 41 60 61 138 159 160
883 0 41 49 54 55 60 61 138 159 160 168
694 0 41 49 56 57 138 167 168
465 0 4 47 48 138 159 160 163
861 0 58 61 92 93 96 138 141
887 0 50 51 60 61 84 138 154
1070 0 24 25 35 54 60 61 138
901 0 28 35 54 138 147
1017 0 35 40 41 54 55 138
497 0 54 138 153 158 168
861 0 16 49 54 136 138 140
779 0 34 35 41 42 94 169
552 0 34 35 164 165
971 0 34 40 41 138 168
1096 0 14 34 65 168
998 0 16 34 40
383 0 34 41 42 49 55
872 0 16 30 60 61 67 82 119
881 0 34 35 67 68 92 93
902 0 18 67 154 158
957 0 67 93 96 114 115 141
577 0 67 93 110 111 122 144
900 0 7 8 55 60 61 159 160
428 0 7 8 55 131 132 164 165
628 0 7 8 36 55 60 61 66
1149 0 7 8 138 154 158
977 0 7 8 34 42
1007 0 7 8 43 44 146 164 165
1145 0 7 8 11 136
911 0 55 135 136
779 0 36 55 92 93 136
998 0 67 69 93 136
915 0 159 160 167 168
1061 0 24 32 33 55 107 108 109
1280 0 16 55 133 134
940 0 55 100 101 142 143 144
909 0 41 55 154 158 168
1132 0 41 55 159 160 168
1487 0 55 60 61 118 119
1286 0 3 4 41 42 50 51
1105 0 1 58 59 124 138
1018 0 16 66 140
1022 0 41 138 159 160 168
1088 0 24 25 32 33 35 54 138
934 0 24 25 26 27 92 93 138
900 0 43 44 138 159 160
1080 0 26 27 34 42 92 93
1081 0 34 49 55 164 165
1007 0 60 61 67 93 96 141 159 160
1212 0 41 42 67 93 141 151
663 0 92 93 96 97 146
1112 0 146 170 171
886 0 122 123 129 130 146
1182 0 16 136 140
587 0 58 59 125 126 127
415 17 18 84 130 142 144 154
623 16 17 18 137 139 140
929 3 4 17 18 41 49 150 152
708 17 18 41 154 158 168
825 4 17 18 32 33 82 85 163
789 17 18 84 154 161 162
623 3 4 17 18 49 54 60 61 106 107
511 7 8 17 18 49 54 55
636 17 18 41 49 54 55 60 61 168
248 4 85 93 141 151 163
514 4 43 44 61 163 172
565 0 3 4 161 162
514 4 26 27 163
615 0 4 50 51 100 101 138 163
501 4 123 130 141 142 151 163
823 4 47 48 163 164 165 169 173
737 0 3 4 47 48 174 175
566 0 3 4 17 18 123 130 142
737 4 12 13 163
649 4 32 33 159 160 163
550 4 24 25 26 27 60 61 163
643 4 50 51 100 101 163
754 4 48 112 163 164 165
868 4 45 46 58 59 163
784 4 153 155 163
670 24 25 26 27 138 163 166
256 34 35 163 166
758 34 163 166 168
854 72 73 74 163 166
669 72 88 106 176 177
903 0 72 122 123 129 130 176 177
1078 0 52 53 72 176 177
692 73 74 123 130 142 178 179
413 0 3 4 26 27 159 160
969 0 3 58 59 138 166
779 0 1 35 36 37 92 93 124 125
913 0 1 11 124 125
1145 0 1 55 60 61 124 159 160
962 0 1 35 41 55 94 95 124
1039 0 1 16 124 150 152
792 0 1 16 66 69 124
601 0 1 35 41 92 93 124 138
807 0 1 16 40 54 124 138
556 0 1 43 44 124 138 159 160
859 0 1 34 40 55 60 61 124
914 0 1 124 146 164 165 169 174
663 0 1 82 85 120 121 124 146
641 0 1 124 136 140 146
1065 0 1 35 37 52 53 124
1035 0 1 2 32 33 36 55 66
953 0 1 2 36 55 60 61 66
891 0 1 2 41 56 57 138 168
1149 0 1 2 24 25 54 138 168
713 0 1 2 67 82 100 101
1107 0 1 2 7 8 11 125
941 0 1 9 10 11 124
1498 0 1 16 36 37 49 66 124
969 0 11 36 66 136
650 0 32 33 55 66 135
1024 0 16 36 66
950 0 3 4 66 140
748 0 36 55 60 61 137 138 139
868 0 16 137 138 139 140
803 0 35 41 58 59 94 95 138
599 0 35 41 92 93 96 97 100 101 138
803 0 41 49 54 138 146 168
853 0 40 41 55 60 61 138
682 0 4 26 27 62 63 138 163
724 0 58 120 121 138 180
1023 0 16 30 31 58 61 95 138 174
465 0 58 60 61 138 154 155 180
306 0 50 51 84 110 111 138 154
513 0 24 25 35 54 94 138 169
805 0 24 25 35 54 60 61 138
1025 0 35 54 86 87 138
936 0 24 25 54 138 168
829 0 49 54 58 59 138 167 168
955 0 92 93 138 159 160 172 180
1026 0 73 74 138 174 175 178 179
1024 0 138 174 175 177 178
754 0 110 111 138 174 175
947 0 24 25 41 138 168 169 174
746 0 16 40 54 138 169 174
863 0 26 27 58 59 92 93 95 138 174
811 0 54 58 59 95 138 168 174
817 0 24 25 45 46 92 93 95 138 174
938 0 60 61 95 112 113 138 174
824 0 34 35 54 94 95 164 165 168
706 0 11 32 33 34 35 38 137
897 0 22 23 34 35
885 0 34 41 42 92 93 96 97 168
1358 0 34 49 52 53 54 55 168
1139 0 32 33 34 42 96 97
963 0 32 33 34 40 55
760 0 16 34 49
824 0 67 82 94 159 160 169
1081 0 56 57 60 61 67 82 169 174
1143 0 34 40 55 67 68 92 93
1080 0 18 41 49 55 67
768 0 11 18 38 67 137
572 0 24 25 67 93 95 173
1057 0 41 42 67 93 141 151
820 0 109 145 146 174 175
914 0 3 4 40 41 146 169 174
704 0 16 30 119 146 169 174
713 0 11 38 95 137 146 174
686 0 41 42 48 95 112 146 174
683 0 95 123 130 142 146 169 173 174
616 4 32 33 82 85 163
593 4 17 18 163 164 165 172 180
760 4 60 61 106 107 159 160 163
572 4 17 18 104 105 163
658 4 26 27 49 54 138 163
673 4 50 51 92 93 163
501 0 3 4 141 151 164 165
621 4 47 48 163 164 165
611 4 43 44 47 48 163
611 0 3 4 17 18 123 130 142
680 0 3 4 12 13
510 4 82 85 163 181 182
649 4 94 95 98 99 163
739 4 32 33 82 85 159 160 163
643 0 3 4 60 61 159 160
655 4 114 115 163
807 4 92 93 122 144 163
711 4 41 42 45 46 163
699 4 16 31 159 163
692 50 51 58 59 138 163 166
711 34 42 45 46 163 166
662 18 85 146 163 166
629 32 33 112 113 176 177 178 179
819 61 72 88 106 172 176 177
851 45 46 164 165 176 177 178 179
924 176 177 178 179 183 184
814 32 33 73 74 178 179
800 0 3 4 26 27 92 93
895 0 3 4 47 48 159 160
277 0 1 35 37 92 93 124 125 135
941 0 1 124 125 138 140 159 160
775 0 1 16 49 124 167 185 186
1420 0 1 52 53 55 124
518 0 1 55 114 115 124
751 0 1 55 60 61 124 164 187
679 0 1 16 124 131 132
1033 0 1 16 124 136 140 150 152
752 0 1 16 36 66 124 136 140
767 0 1 41 49 72 73 74 124 138
610 0 1 16 49 54 124 138
693 0 1 16 49 54 95 124 138 174
804 0 1 62 63 96 124 138 141
596 0 1 34 49 52 53 55 124
768 0 1 41 42 43 44 124 146
641 0 1 124 146 164 165 169 173
822 0 1 124 136 140 152 184
797 0 1 124 138 154 158 185 186
1093 0 1 2 36 55 60 61 66
518 0 1 2 35 41 100 101 138
704 0 1 2 35 54 60 61 138 159 160
768 0 1 2 16 34 49
818 0 1 2 146
676 0 1 2 7 8 152 184
685 0 1 124 138 154 158 185 186
902 0 19 20 21 36 55 66 92 93
985 0 11 36 66 67 93 125 132 161
679 0 16 36 66
799 0 35 36 37 66 92 93
548 0 16 49 66 69 167
731 0 16 135 136 137 138 139 140
883 0 55 69 137 138 139
832 0 62 63 94 95 138 164 169 174 187
695 0 60 94 95 138 159 160 164 180 187
1026 0 35 41 54 56 57 94 95 138 168
880 0 35 41 56 57 60 61 138 169 174
657 0 35 41 92 93 94 95 96 97 138 159
665
883 0 24 25 41 138 168 169 174
418 0 24 25 41 49 138 167 168
762 0 4 45 46 138 159 160 163
757 0 58 60 61 95 138 154 158 174 180
699 0 58 61 92 93 96 138 141
964 0 138 154 158
666 0 24 25 50 51 60 61 84 138 154
489 0 24 25 35 54 94 95 138 169 174
1096 0 32 33 35 54 96 97 138 181 182
431 0 16 31 35 54 60 61 138 159
992 0 41 49 54 55 60 61 138 159 160 168
789 0 16 40 54 138
1008 0 16 49 54 138 185 186
1005 0 17 18 138 174 175
1073 0 62 63 138 174 175 188 189
894 0 28 109 138 174 175
710 0 41 138 159 160 168 169 174
640 0 54 138 159 160 168 169 174
896 0 16 30 31 138 169 174
846 0 24 25 35 54 60 61 95 138 174
872 0 47 48 56 57 95 138 154 158 174
746 0 43 44 95 110 111 138 174
650 0 60 61 95 138 159 160 172 174 180
894 0 34 35 94 95 154 158
758 0 34 35 52 53 92 93 96 97
843 0 32 33 34 35 60 61 187 190
846 0 32 33 34 35 94 95 96 97
1133 0 34 35 41 42 92 93 96 97
546 0 34 60 61 112 113 164 165 168
713 0 4 34 163 168
598 0 34 95 154 158 168 174
537 0 34 42 161 162
697 0 16 34 49
698 4 32 33 82 85 163
545 4 94 163 169 172 180
329 0 3 4 61 172 174 175
583 4 25 26 27 106 163
658 4 26 27 163 164 187
668 0 3 4 50 51 60 61 159 160
668 4 50 51 163
815 4 41 49 138 141 151 163
656 4 47 48 163 164 165
634 0 4 24 25 47 48 138 163
608 0 4 18 67 163
581 4 17 18 163 191 192
566 4 163 183 184 189 193
614 4 35 54 94 95 163
647 0 3 4 94 95
737 0 3 4 24 25 32 33
745 4 24 25 26 27 60 61 163
757 4 50 51 114 115 163
698 4 26 27 100 101 163
717 4 50 51 100 101 163
721 4 123 130 142 163
670 4 62 63 163
723 4 47 48 56 57 163
509 26 27 58 59 138 163 166
728 43 44 138 163 166
674 16 30 31 146 163 166
864 16 163 166 185 186
817 172 174 175 176 177 178 179 180 188 194 195
744
852 0 26 27 41 42 72 176 177
1026 72 75 76 79 88 176 177
693 0 32 33 72 176 177
819 60 61 68 72 73 74 85
616 0 3 4 100 101 106 107
927 0 3 4 54 141 151 192
844 0 3 34 42 166 197 198
510 0 1 36 37 42 124 125 197 198
734 0 1 124 125 138 140
627 0 1 35 52 53 54 55 110 111 124
518 0 1 18 55 92 124 164 165
545 0 1 35 41 55 60 61 124
515 0 1 24 25 60 61 96 124 141 152 184
786 0 1 55 118 119 124
605 0 1 3 4 36 66 124
730 0 1 3 4 41 49 124 138
610 0 1 49 54 55 100 101 124 138
916 0 1 3 4 49 54 124 138
930 0 1 62 63 124 138 169 174
745 0 1 43 44 110 111 124 138
1123 0 1 34 42 92 93 96 124 141
675 0 1 34 49 52 53 55 124
657 0 1 54 95 124 146 174 192
782 0 1 124 146 164 165 189 193
965 0 1 52 53 124 141 146 151
737 0 1 16 124 136 140
1020 0 1 35 37 124 181 182
930 0 1 2 3 4 118 119
985 0 1 2 35 41 94 95 138
1012 0 1 2 138 154 158
733 0 1 2 35 138 181 182 191
644 0 1 2 34 35 41 42
534 0 1 2 18 67 154 158
512 0 1 2 7 8 16 185 186
1087 0 1 35 37 92 93 124
1031 0 36 55 66 67 68 92 93
907 0 1 36 55 60 61 66 124
1114 0 32 33 36 55 66 136 140
733 0 36 55 60 61 66 136 140
313 0 36 54 66 167 168 192
504 0 55 66 92 93 135
671 0 36 55 60 61 66
1105 0 11 66 69 125
728 0 35 37 60 61 135 137 138 139 191 192
730 0 16 69 137 138 139
1051 0 35 94 95 138 164 181 182 187 191
719 0 35 60 61 100 101 138 164 187 191
858 0 19 56 57 138 164 187 196
727 0 35 41 94 95 138 159 160 169 174
662 0 35 41 58 59 60 61 95 138 174
853 0 35 41 110 111 138
1133 0 14 41 65 138 168
1025 0 41 43 44 138 159 160 168
880 0 4 92 93 138 163 172 180
628 0 4 47 48 138 159 160 163
633 0 54 58 60 61 138 169 174 180 192
608 0 16 30 31 58 61 138
713 0 58 59 138 161 162
912 0 16 31 138 154 155 159
785 0 60 61 84 138 154 172 180
417 0 32 33 84 138 141 151 154
666 0 60 61 84 138 141 151 154
1020 0 35 54 67 93 94 95 138 199
737 0 32 33 35 54 56 57 138 169 174
908 0 35 54 60 61 138 159 160 169 174
1092 0 35 54 114 115 138
533 0 41 49 54 55 60 61 138 159 160 168
711 0 24 25 54 95 138 168 174
671 0 49 54 62 63 138 167 168
636 0 45 46 54 58 59 138 192
596 0 47 48 54 56 57 138 192
520 0 3 4 68 85 146
677 0 3 4 164 165 172 180
686 4 48 61 112 163 172
526 0 3 4 161 162
811 4 26 27 41 49 138 163
584 4 50 51 60 61 138 163 199
568 4 45 46 58 59 163
483 0 4 54 138 141 151 163 192
689 4 40 41 47 48 138 163
709 4 47 48 163 187 190
523 4 17 18 123 130 142 163
691 4 12 13 30 31 138 163
574 0 3 4 183 184
466 4 50 51 94 95 159 160 163
556 4 35 52 53 54 163
599 4 32 33 138 163 199
622 4 24 25 60 61 163
817 4 100 101 163 187 190
742 4 47 48 86 87 163
750 4 86 87 163
670 4 41 49 138 163
574 4 122 144 159 160 163
974 3 36 66 156 157 166
723 0 3 24 25 138 166
779 18 67 85 93 163 166
820 72 73 74 163 166
928 169 173 174 175 176 177 178 179
822 72 161 176 177 200
1158 0 47 48 72 164 165 176 177
673 0 72 94 95 176 177
834 0 52 53 72 73 74
587 0 3 4 56 57 61 172
835 0 3 4 50 51 62 63
264 0 3 54 138 166 192
771 0 1 55 60 61 124 125 135
927 0 1 69 124 125 138 197 198
844 0 1 3 4 36 66 124 157 201
475 0 1 34 40 55 92 93 124 157 201
875 0 1 55 60 61 124
644 0 1 34 42 55 68 92 124
560 0 1 18 55 92 124 164 165
532 0 1 35 41 55 60 61 124
783 0 1 60 61 96 124 141 152 184
600 0 1 124 152 184 197 198
269 0 1 36 55 60 61 66 124
808 0 1 41 49 55 60 61 124 138 159 160
843 0 1 49 54 55 60 61 124 138
853 0 1 124 138 148 184 197 198
836 0 1 43 44 60 61 124 138 159 160
686 0 1 34 42 124 197 198
1024 0 1 11 34 40 124 125
1184 0 1 41 42 124 146 169 174
616 0 1 60 61 124 146 189 193
949 0 1 60 61 106 107 124 146
1062 0 1 34 42 124 136 140 197 198
929 0 1 11 124 125 185 186
1091 0 1 16 49 124 167
921 0 1 2 58 59 94 95 138 164 187
768 0 1 2 58 92 93 138 180
962 0 1 2 54 56 57 138 168
577 0 1 2 32 33 34 35
676 0 1 2 41 42 67 82
792 0 1 2 7 8 146
1018 0 1 124 138 154 158 185 186
965 0 1 124 197 198 202 203
985 0 3 4 36 61 66 172 191 192
929 0 11 36 66 67 93 125 132 161
1114 0 35 36 37 60 61 66 191 192
587 0 66 67 93 135 157 201
558 0 36 37 66 168 197 198
232 0 16 36 49 66 167
295 0 32 33 36 55 66
330 0 11 66 69 125
351 0 35 37 94 95 135 137 138 139
733 0 3 4 69 137 138 139 156 157
605 0 94 95 138 164 187
475 0 60 61 138 164 187
656 0 100 101 138 164 187
726 0 24 25 35 41 94 95 138
572 0 35 41 58 59 60 61 138 169 174
991 0 35 41 67 93 133 134 138
712 0 41 138 159 160 168
850 0 41 43 44 114 115 138 168
682 0 47 48 62 63 138 154 158
510 0 4 47 48 62 63 138 163
563 0 54 58 94 95 138 180 192
757 0 30 31 55 58 61 138
491 0 16 30 31 58 61 95 138 173
910 0 58 60 61 138 154 155 180
1107 0 84 138 154 172 180 181 182
620 0 45 46 84 100 101 138 154
1050 0 24 25 35 54 94 95 138 169 174
552 0 24 25 32 33 35 54 138
725 0 16 35 49 54 60 61 138 191
752 0 35 54 56 57 60 61 138
592 0 3 4 40 41 54 138 168
740 0 54 56 57 138 168 169 174
763 0 3 4 94 172 175 180
614 4 104 105 163
621 4 58 141 151 163 180
682 4 163 204 205 206 207
689 4 33 159 160 163 204
548 0 4 35 163 208
656 3 4 17 18 41 209
706 0 3 4 12 13
553 4 163 183 184
530 4 50 51 94 95 159 160 163
869 4 17 18 94 95 163 191 192
734 4 94 95 163 191 192
574 4 24 25 52 53 163
661 4 32 33 153 155 163
608 0 4 24 25 60 61 138 163
643 4 60 61 163
723 4 18 85 92 93 163
681 4 17 18 123 130 142 163
562 4 41 42 141 151 163
633 4 54 122 144 163 192
614 4 153 155 163
672 17 18 54 138 163 166 192
707 34 42 163 166 168 210
712 30 31 138 146 163 166
619 163 166 204 205 208 211
688 52 53 112 113 174 175 176 177 178 179
830 0 60 61 72 172 176 177 180
648 26 27 164 165 176 177 178 179
756 47 48 164 165 176 177 178 179
910 108 109 176 177 178 179
748 123 130 142 176 177 178 179
1000 0 32 33 72 73 74
638 41 42 73 74 178 179 197 198
834 73 74 178 179 197 198
693 0 3 4 104 105
718 0 3 4 58 59 122 144
816 0 3 4 33 191 204 211
605 0 1 124 125 135 136 138 140
829 0 1 36 124 125 138 197 198
717 0 1 34 42 124 125 140 197 198
1024 0 1 54 124 138 146 157 201 209
565 0 1 124 138 157 201 212 213
660 0 1 35 52 53 54 55 114 115 124
751 0 1 55 68 92 124 146
772 0 1 34 41 42 55 124 209
971 0 1 54 124 131 132 138 192
785 0 1 35 60 61 124 152 184 210
644 0 1 3 4 118 119 124
678 0 1 16 36 66 124 136 140
637 0 1 41 49 124 138 146
701 0 1 58 61 124 138 197 198
765 0 1 35 54 110 111 124 138
896 0 1 55 60 61 124 138 199
770 0 1 60 61 96 124 138 141 159 160
704 0 1 34 42 60 61 124 141 151
605 0 1 16 34 49 124 136 140
686 0 1 124 138 159 160 212 213
859 0 1 92 93 98 99 124 146
760 0 1 35 94 95 124 146 210
693 0 1 124 146 170 171 197 198
779 0 1 3 4 124 136 140
847 0 1 34 42 124 136 140 197 198
775 0 1 124 136 140 146
737 0 1 58 59 124 125 126 127
984 0 1 64 65 124 197 198
1062 0 1 2 36 55 66
863 0 1 2 35 41 60 61 138
800 0 1 2 54 138 146 209
969 0 1 2 35 138 181 182 191
665 0 1 2 34 35 164 165
1235 0 1 2 18 67 164 165
768 0 1 2 7 8 34 42
730 0 1 3 4 124 185 186
749 0 1 9 124 197 198 203
1104 0 36 55 60 61 66 164 187
1019 0 1 16 36 66 124
1114 0 36 45 46 54 63 66 192 212
800 0 35 36 37 54 66 94 95 192
669 0 3 4 66 135 201 214
807 0 63 66 135 212
644 0 36 55 66 92 93
661 0 11 66 69 125
705 0 105 135 137 138 139 201
862 0 32 33 36 55 137 138 139
559 0 137 138 139 140 146
953 0 67 93 94 95 138 164 187 199
733 0 58 59 60 61 95 138 164 174 187
788 0 4 138 163 164 187
748 0 41 72 138 176 177 209
631 0 35 41 94 95 138 154 155
950 0 35 41 58 59 94 138 169
786 0 35 41 58 59 60 61 138 169 174
736 0 35 41 60 61 138 159 160 169 174
595 0 35 41 92 93 96 97 100 101 138
614 0 41 138 146 163 166 168
812 0 41 58 59 95 138 168 174
713 0 3 4 40 41 138
593 0 11 62 125 132 138 213 215
374 0 4 61 138 163 172 191 192
671 0 4 58 59 138 163 204 205
716 0 16 49 54 58 94 95 138 180
616 4 32 33 82 85 163
654 0 3 4 18 85 174 175
688 4 163 172 180
655 4 48 61 112 163 172
603 4 48 106 112 163 216
655 4 17 18 104 105 163
742 3 4 26 27 41 42 209 210
594 4 24 25 50 51 52 53 163
614 4 17 18 50 51 163 216 217
686 3 4 45 46 54 209
775 4 141 151 163 164 165
650 4 58 122 144 163 180
702 0 3 4 47 48 58 59
279 4 58 59 163 218 219
671 4 75 101 163 220 221
601 4 163 164 187 204 205
739 4 41 42 163 204 205 220 221
483 0 3 4 24 25 204 205
643 0 3 4
773 4 17 18 163 168 210 216 217
686 4 17 18 41 49 138 163
697 4 12 13 48 112 163
548 0 3 4 183 184
869 4 54 94 95 163 168
803 4 35 94 95 163 210
482 4 52 53 163 220 221
688 4 32 33 163 220 221
757 4 60 61 141 151 163 191 192
626 4 60 61 163
658 4 92 93 163 189 193
723 3 4 206 207 209 210
682 4 163 164 165 204 205
732 4 62 63 163
670 4 159 160 163 218 219
557 4 43 44 163
685 17 18 54 138 163 166 192
625 34 42 163 166 220 221
672 17 18 67 93 163 166
732 72 73 74 163 166
623 168 176 177 178 179 206 207 210
656 52 53 112 113 176 177 178 179
692 32 33 112 113 174 175 176 177 178 179
775 0 60 61 72 172 176 177 180
830 0 26 27 72 176 177 216 217
785 45 46 72 88 176 177 217
781 176 177 178 179 204 205 206 207
949 72 94 95 176 177 191 209
981 176 177 178 179 197 198
1119 0 32 33 72 73 74
585 0 3 4 16 31 61 159 172
819 0 3 4 50 51 60 61
678 0 3 4 47 48 54 192
847 0 3 4 24 204 205 222
692 0 3 146 166 197 198
569 0 1 36 124 125 197 198 202 203
782 0 1 124 125 138 140
578 0 1 36 63 66 124 157 201 212
829 0 1 55 124 138 157 199 201
510 0 1 95 124 146 154 157 158 174 201
461 0 1 38 55 60 61 124 127
582 0 1 22 23 55 124
693 0 1 55 124 164 181 182 187
1225 0 1 55 60 61 124 131 132
626 0 1 24 25 60 61 96 124 141 152 184
968 0 1 96 114 115 124 141 152 184
1039 0 1 94 95 112 113 124 152 159 160 184
865 0 1 3 4 18 54 85 124 192
734 0 1 16 66 124 140
678 0 1 35 41 124 138 181 182
552 0 1 124 138 154 158
1023 0 1 16 40 54 124 138
701 0 1 16 95 124 138 174 199
611 0 1 60 61 124 138 159 160 220 221
965 0 1 34 42 54 94 95 124 189 192 193
742 0 1 34 40 124 138 154 158
919 0 1 34 35 41 42 124
622 0 1 16 124 136 140 212 213
734 0 1 124 146 187 190 223 224
743 0 1 92 93 124 146 189 193
1024 0 1 124 146 169 173 206 207
1129 0 1 54 124 141 146 151 192
849 0 1 55 60 61 124 136 140
607 0 1 55 92 93 124 136 140
775 0 1 35 124 208 223 224
1030 0 1 11 124 125 185 186
907 0 1 124 202 203
930 0 1 2 11 36 66 125
875 0 1 2 35 41 86 87 138
985 0 1 2 54 138 146 209
1318 0 1 2 16 49 54 138
924 0 1 2 34 35 60 61
734 0 1 2 60 61 67 82 159 160
506 0 1 2 7 8 55
768 0 1 2 7 8 208 211
672 0 1 16 124 185 186
1119 0 1 70 71 124 146
1031 0 35 36 41 55 60 61 66
640 0 36 66 67 93 94 95 96 97
586 0 36 45 46 54 63 66 192 212
703 0 35 36 37 66 183 184
511 0 11 66 135 136
695 0 55 66 92 93 135
604 4 46 82 85 163 206
636 4 45 46 85 93 163
499 4 61 159 160 163 172
809 4 43 44 61 163 172
611 4 61 163 172 187 190
746 4 88 106 163 208 211
509 0 3 4 161 162
794 4 17 18 26 27 163 206 207
641 4 26 27 54 163 192
693 4 50 51 100 101 163 220 221
605 4 50 51 62 63 163
616 0 3 4 141 151 206 207
691 4 54 141 151 163 192
649 4 41 42 47 48 163 220 221
647 0 3 4 24 25 47 48
556 0 4 24 25 138 163 218 219
619 4 163 168 206 207 225
603 4 17 18 54 163 168 192 225
740 4 163 204 205 216 217 220 221
746 4 62 63 163 204 205
895 4 31 33 138 159 163 204
694 0 4 34 42 163
458 0 3 4 17 18 216 217
521 4 17 18 163 216 217
668 4 17 18 41 163 168
672 4 12 13 82 85 163
697 4 146 163 226
712 4 138 150 163 183
641 0 3 4 94 95 159 160
512 4 48 94 95 112 163
646 3 4 52 53 209 210
542 4 32 33 163 220 221
758 4 24 60 61 163 222
751 0 4 60 61 138 163
601 0 3 4 110 111
705 4 45 46 163 216 217
775 3 4 164 165 209 210
628 4 41 42 47 48 163
853 4 50 51 54 163 192
588 4 24 25 122 144 163
686 1 124 138 163 166
731 26 27 138 159 160 163 166
674 34 42 163 166 169 173
672 30 146 163 166 227
732 138 140 163 166 228
623 35 123 130 142 176 177 178 179 210
668 169 173 176 177 178 179 191 192
704 52 53 172 176 177 178 179 180
838 0 60 61 72 172 176 177 180
589 0 26 27 72 176 177 216 217
703 45 46 72 88 176 177 217
948 168 176 177 178 179 206 207 225
756 68 72 83 84 85 176 177
969 32 33 176 177 178 179
1006 42 73 74 178 179 197 198 225
1124 60 61 72 73 74 191 209
1264 0 3 4 24 61 172 222
835 0 3 4 50 51 100 101
646 0 3 4 47 48 56 57
778 0 3 4 168 222 225 229
707 0 3 138 166
790 0 3 16 166 185 186
644 0 1 36 55 92 93 124 125
1014 0 1 124 125 138 139 140 230
1078 0 1 36 55 66 92 93 124 157 201
750 0 1 95 124 138 154 157 158 174 201
942 0 1 24 25 124 138 157 201 212 213
671 0 1 35 52 53 54 55 60 61 124
565 0 1 55 56 57 60 61 124
593 0 1 19 55 56 57 124 196
630 0 1 55 100 101 124 164 187
685 0 1 41 42 55 124 131 132
772 0 1 96 124 141 152 159 160 184
626 0 1 35 60 61 124 152 184 210
803 0 1 35 60 61 124 152 159 160 184 210
607 0 1 55 60 61 118 119 124 159 160
924 0 1 3 4 61 124 172 222 229
892 0 1 16 69 124 137 138 139
730 0 1 35 41 124 138 181 182
678 0 1 84 124 138 154
754 0 1 35 54 86 87 124 138
765 0 1 24 25 95 124 138 174
690 0 1 13 16 124 138 197 199
818 0 1 34 42 92 93 96 124 141
835 0 1 34 40 55 124 164 165
953 0 1 34 35 124 223 224
773 0 1 124 138 159 160 212 213
673 0 1 124 139 146 169 174 230
612 0 1 92 93 96 97 124 146
1321 0 1 35 60 61 124 146 210
643 0 1 61 124 146 172 197 198
760 0 1 124 127 216 217 228 231
915 0 1 124 127 206 207 228 231
657 0 1 55 100 101 124 140 228
748 0 1 11 124 228
772 0 1 60 61 124 126 127 136
738 0 1 58 59 124 125 126 127
1035 0 1 35 37 124 206 207
640 0 1 2 3 4 118 119
586 0 1 2 16 36 66 136 140
703 0 1 2 35 41 114 115 138
686 0 1 2 138 154 155
704 0 1 2 24 25 54 138 168
641 4 46 82 85 163 206
698 4 45 46 85 93 163
515 4 61 159 160 163 172
760 4 18 61 85 163 172
674 4 106 163 216 220 221
564 0 3 4 104 105
608 4 26 27 163 164 187
569 3 4 50 51 52 53 54 209
674 4 50 51 92 93 163
782 0 4 45 46 54 138 163 192
584 3 4 141 151 164 165 209 210
602 4 17 18 122 123 129 130 163
586 4 41 47 48 49 138 163
773 4 17 18 47 48 54 163 192
727 4 47 48 54 163 192
632 0 3 4 159 160 218 219
254 4 163 168 169 173 216 217 225
740 0 4 58 59 138 163 168 225
746 4 42 163 220 221 225
895 4 41 42 163 204 205
694 4 138 163 199 204 205
458 0 4 138 163
521 4 17 18 163 216 217
668 4 17 18 41 163 168
672 4 12 13 82 85 163
697 4 146 163 226
712 4 138 150 163 183
641 0 3 4 94 95 159 160
512 4 48 94 95 112 163
646 3 4 52 53 209 210
542 4 32 33 163 220 221
758 4 24 60 61 163 222
751 0 4 60 61 138 163
722 0 3 4 110 111
574 4 45 46 163 216 217
589 3 4 164 165 209 210
697 4 41 42 47 48 163
756 4 50 51 54 163 192
633 4 24 25 47 48 163
637 4 24 25 163 218 219
784 36 37 66 163 166 168
593 0 3 138 159 160 166
256 26 27 34 42 163 166
822 98 99 102 103 146 163 166
862 7 8 138 163 166
856 35 41 42 176 177 178 179 210
579 82 85 176 177 178 179 183 184
673 72 88 106 176 177
745 0 50 51 72 176 177 216 217
955 47 48 176 177 178 179 197 198
816 54 176 177 178 179 192 204 205
828 72 88 106 176 177 223 224
855 73 74 168 178 179 216 217 225
934 0 72 73 74 94 95
1148 0 3 4 18 54 85 192
669 0 3 4 26 27 164 165
830 0 3 4 54 122 144 192
657 0 3 4 164 165 168 225
647 0 3 4 24 25 204 205
915 0 3 63 166 212
793 0 1 124 125 135 138 154 158
814 0 1 36 124 125 138
605 0 1 36 124 125 138 139 230
928 0 1 124 125 138 140 154 158
441 0 1 66 124 157 201 230 231
717 0 1 24 25 95 124 138 157 174 201
990 0 1 124 146 157 201 212 213
478 0 1 35 52 53 54 55 114 115 124
465 0 1 16 55 60 61 124 199
968 0 1 55 124 216 217
766 0 1 34 41 42 55 124 209
698 0 1 124 131 132 138
441 0 1 124 152 184 189 193 223 224
623 0 1 124 150 152 228 230 231
934 0 1 60 61 118 124 227
740 0 1 16 36 66 124 140 228
664 0 1 40 41 124 138 146 197 198
657 0 1 3 4 62 124 138 213
708 0 1 35 54 124 138 181 182
610 0 1 54 124 138 169 174 192
851 0 1 43 44 124 138
1096 0 1 96 110 111 124 138 141
702 0 1 11 34 42 124 125 132 161
853 0 1 34 41 42 49 55 124
842 0 1 9 124 203 212 213 222 229
843 0 1 16 49 63 124 212 225
613 0 1 16 124 212 213
874 0 1 94 95 124 146 187 190
573 0 1 60 61 124 146 189 193
915 0 1 124 146 169 173 216 217
708 0 1 41 42 124 141 146 151
1052 0 1 69 124 138 139 228 230
1078 0 1 124 140 146 228
778 0 1 124 136 138 140 154 158
955 0 1 35 124 206 207 208
797 0 1 72 73 74 79 88 124
855 0 1 124 197 198 202 203
600 0 1 2 92 93 118 227
620 0 1 2 41 138 146 209
616 0 1 2 16 62 138 213
668 0 1 2 35 54 60 61 138 159 160
605 0 1 2 35 60 61 138 159 160 191
748 0 3 4 60 61 106 107 159 160
674 4 106 163 216 218 219
578 0 4 104 105 138 163
716 4 26 27 41 42 163 220 221
293 0 3 4 24 25 50 51 52 53
673 4 50 51 163 216 217 220 221
748 4 17 18 45 46 54 163 192
626 4 141 151 163 164 165 168 210
478 4 122 123 129 130 163
700 4 47 48 163
650 4 43 44 47 48 163
702 4 163 187 190 218 219
279 4 48 75 101 112 163
657 4 62 138 163 168 213 225
742 4 163 225 227 232 233
755 4 41 42 163 204 205 220 221
671 0 3 4 24 25 204 205
698 0 3 4
510 3 4 17 18 209 210 216 217
653 4 17 18 41 42 163
689 4 12 13 163 187 190
682 4 146 163 189 193 226
596 4 82 85 163 183 184
710 3 4 54 94 95 209
503 4 94 95 159 160 163 172 180
448 4 50 51 94 95 159 160 163
706 4 94 95 163 168 210
547 4 17 18 163 234 235
615 4 35 52 53 163 191
778 0 3 4 32 33 174 175
749 4 38 60 61 127 163
663 4 60 61 163 168 210
698 0 4 100 101 138 163
523 3 4 209 210 216 217
583 4 163 206 207
858 4 41 42 163 168 210
750 0 3 4 58 59
729 4 47 48 56 57 163
774 4 163 236 237
824 138 154 155 163 166
764 138 163 166 220 221
719 18 67 85 93 163 166
683 122 144 146 163 166
668 37 163 166 168
773 112 113 164 165 176 177 178 179
815 0 72 172 176 177 180 206 207
675 0 26 27 72 164 165 176 177
617 41 45 46 72 176 177 209
583 168 176 177 178 179 206 207 225
669 33 176 177 178 179 197 198 204
769 0 1 2 72 176 177
894 68 72 85 176 177 223 224
721 0 72 73 74 75 191 192 235
987 73 74 174 175 178 179 188 194 195 196
984 73 74 123 130 142 178 179
1069 0 3 4 60 61 106 107
809 0 3 4 41 42 50 51
684 0 3 4 58 59 218 219
299 0 3 4 56 57 168 225
889 0 3 4 33 204 222 229
686 0 3 16 136 140 166
579 0 1 36 55 124 125
561 0 1 55 100 101 124 125 140
782 0 1 3 4 124 157 201
766 0 1 24 25 124 138 157 169 174 201
1036 0 1 58 59 124 138 157 201 212 213
554 0 1 35 52 53 54 55 94 95 124
607 0 1 30 55 60 61 124 146 226 227
915 0 1 22 23 55 124
600 0 1 16 55 69 124 137 139
772 0 1 11 124 125 131 132
761 0 1 110 111 124 152 184 220 221
785 0 1 35 110 111 124 152 184 210
968 0 1 118 119 124 146
607 0 1 3 4 100 101 106 107 124
924 0 1 16 69 124 137 138 139
892 0 1 16 124 137 138 139 140
673 0 1 35 41 94 95 124 138
616 0 1 124 138 154 158
701 0 1 35 54 86 87 124 138
578 0 1 24 25 95 124 138 174
797 0 1 13 16 124 138 197 199
664 0 1 34 42 60 61 124 220 221
697 0 1 34 40 52 53 55 124
842 0 1 16 34 49 124 136 140
750 0 1 3 4 124 212 213
763 0 1 30 94 95 124 146 227
832 0 1 124 146 220 221 234 235
734 0 1 124 146 189 193 223 224
906 0 1 52 53 112 113 124 146
505 0 1 11 124 125 132 146 161
811 0 1 55 69 124 216 217 228
727 0 1 54 124 138 140 192 228
1142 0 1 55 92 93 124 136 140
816 0 1 42 124 197 198 208 211 225
996 0 1 16 124 185 186
375 0 1 64 65 124
751 0 1 2 118 119 228 230 231
700 0 1 2 16 66 69
548 0 1 2 41 138 139 168 230
782 0 1 2 3 4
415 4 82 85 163
566 4 82 85 163 238 239
583 4 26 27 85 93 163
654 0 4 61 138 159 160 163 172
605 4 61 82 85 163 172
518 4 46 72 73 88 106 163
329 0 3 4 23 236
638 4 26 46 163 206 240
499 3 4 26 27 41 42 209 210
592 0 3 4 24 25 50 51 52 53
674 0 4 50 51 60 61 138 163
583 4 50 51 163
773 4 48 112 141 151 163 216 217
677 4 62 141 151 163 219
787 4 48 112 122 123 163
589 0 4 47 48 54 138 163 192
470 4 38 47 127 163 241
571 4 56 57 163 218 219
719 4 75 163 220 221 235
580 4 163 164 168 187 225
595 4 38 127 163 168 225
763 4 163 169 173 204 205 206 207
659 4 154 155 163 204 205
647 4 24 25 33 163 204
448 4 33 153 155 163 204
656 4 33 43 44 163 204
706 0 4 35 163 208
572 3 4 17 18 41 42 209 210
542 0 3 4 17 18 174 175
686 4 30 31 138 146 163 226
725 4 163 183 184 189 193
679 4 163 191 211 234 235
712 4 163 222 229 242 243
664 4 52 53 153 155 163
731 4 26 163 191 192 240 241 244
623 4 32 33 56 57 163
637 4 50 51 60 61 159 160 163
521 4 60 61 163 222 229
730 4 35 100 101 163 210
574 4 45 46 92 93 163
883 4 163 189 193 206 207
805 4 26 27 163 164 165
772 4 62 138 163 213
847 4 47 48 54 163 192
651 4 24 25 163 218 219
655 1 124 163 166 227 233
640 35 54 138 163 166
675 34 35 42 163 166 210
574 67 93 163 166
728 127 163 166 228 231
728 35 52 53 176 177 178 179 210
803 169 173 176 177 178 179 216 217
740 0 61 72 172 176 177 191 192
606 106 107 176 177 178 179 242 243
854 60 61 72 106 107 176 177 191 209
551 0 26 27 41 42 72 176 177
629 45 46 54 176 177 178 179 192
795 0 72 164 165 168 176 177 225
739 72 83 84 88 106 176 177
734 0 52 53 72 176 177
779 0 72 73 74 168 206 207 225
819 72 73 74 191 209 234 235
920 0 3 4 82 85 241 244
1015 0 3 4 88 106 208 211
692 0 3 4 45 46 58 59
657 0 3 4 16 47 49 54 241
774 0 3 4 62 63 168 225
816 0 3 4 33 159 160 204
835 0 3 166 228 230 231
1170 0 1 35 36 37 92 93 124 125
1048 0 1 69 124 125 138 139 230
961 0 1 72 73 74 124 125 140
705 0 1 124 138 154 157 158 201
777 0 1 34 40 55 92 93 124 157 201
766 0 1 11 124 157 201 228
750 0 1 24 52 53 55 124 222
436 0 1 55 113 124 216 217 244
844 0 1 30 55 60 61 100 101 124 227
473 0 1 55 86 87 124
582 0 1 16 55 69 124 137 139
915 0 1 55 100 101 124 164 187
596 0 1 41 42 55 124
772 0 1 55 124 131 132 206 207
781 0 1 96 110 111 124 141 152 184
319 0 1 94 95 112 113 124 152 159 160 184
884 0 1 118 119 124 146
973 0 1 3 4 106 107 124 241 244
600 0 1 16 69 124 137 138 139
725 0 1 41 124 138 146 209
742 0 1 58 59 124 138
575 0 1 35 54 124 138 241 244
766 0 1 24 124 138 169 174 222
790 0 1 43 44 60 61 124 138 159 160
1072 0 1 60 61 96 124 138 141
766 0 1 34 35 42 60 61 124 210
853 0 1 34 40 124 152 184
943 0 1 34 35 124 242 243
750 0 1 54 124 138 192 212 213
375 0 1 16 30 119 124 146
767 0 1 60 61 124 146 220 221
573 0 1 60 61 124 146 189 193
589 0 1 112 113 124 146 216 217
817 0 1 11 124 125 132 146 161
514 4 82 85 163
461 4 85 93 163 172 180
709 0 3 4 61 159 160 172
668 4 61 163 169 172 173
515 4 92 93 106 107 163
543 4 72 73 74 88 106 163
677 4 23 163 204 205 236
652 4 18 26 92 163 240
446 4 26 27 41 42 163 220 221
733 3 4 50 51 52 53 54 209
699 0 3 4 50 51 60 61
559 4 41 49 50 51 138 163
482 4 141 151 163 168 210 216 217
523 4 62 138 141 151 163 213
676 4 122 144 159 160 163
761 0 3 4 47 48 54 192
725 4 31 47 138 159 163 241
586 4 38 127 163 218 219
611 4 43 44 75 163 235
692 4 163 164 165 168 225
611 4 159 160 163 168 225
679 4 163 204 205 216 217
613 4 154 158 163 204 205
754 0 4 24 25 33 138 163 204
500 0 4 67 93 163
543 4 17 18 163 206 207
458 4 17 18 163 238 239
473 4 146 163 168 210 245
676 4 12 13 163 168 210
683 4 98 99 146 163 226
731 3 4 183 184 209 210
632 4 138 150 163 183
550 4 98 99 163 181 182
472 4 94 95 159 160 163 246 247
737 4 94 95 163 220 221
611 4 35 163 210 234 235
572 4 163 189 193 242 243
614 4 43 44 52 53 163
512 4 38 127 163 241 244
722 4 32 33 159 160 163
607 4 51 60 61 159 160 163 246
758 3 4 60 61 191 209
706 4 50 51 114 115 163
764 0 3 4 110 111
634 4 48 112 163 216 217
808 4 17 18 163 206 207
780 4 41 42 163 189 193
810 4 50 51 58 59 163
701 4 50 51 159 160 163
859 4 141 151 163 191 192
721 35 41 138 163 166
768 138 159 160 163 166
665 34 42 163 166 172 180
788 3 166 209 210 248 249
589 47 48 160 163 166 248
565 45 46 146 163 166
827 138 163 166 185 186
578 32 33 35 176 177 178 179 210
674 35 176 177 178 179 210 216 217
845 164 165 169 173 176 177 178 179
878 51 52 53 174 175 176 177 178 179 246
572 172 176 177 178 179 180 216 217
579 26 32 33 174 175 176 177 178 179 240
775 50 51 60 61 72 176 177 245
594 47 48 54 176 177 178 179 192
808 168 176 177 178 179 197 198 225
711 72 83 84 176 177 245
847 72 88 106 176 177 223 224
648 176 177 178 179 197 198
721 73 74 164 165 178 179 204 205
987 52 53 73 74 178 179
984 0 3 4 18 85 154 158
1133 0 3 4 26 92 93 240
585 0 3 4 123 130 141 142 151
563 0 3 4 58 59 218 219
650 0 3 4 56 57 168 225
862 0 3 4 33 204 222 229
778 0 3 7 8 16 166
969 0 1 36 124 125 197 198 202 203
740 0 1 75 124 125 197 198 230 231 235
1009 0 1 42 124 125 197 198 225 230 231
1048 0 1 56 57 124 125 138 140
961 0 1 36 55 66 92 93 124 157 201
705 0 1 124 138 157 169 174 201 222 229
782 0 1 124 138 157 159 160 201 212 213
707 0 1 72 73 74 124 157 201
888 0 1 24 52 53 55 124 222
779 0 1 55 113 124 216 217 244
990 0 1 30 55 60 61 100 101 124 227
477 0 1 22 23 55 124
596 0 1 55 107 124 217 242 243
915 0 1 55 107 124 217 241 244
623 0 1 35 41 55 94 95 124
693 0 1 124 131 132 138
797 0 1 124 152 181 182 184 189 193
563 0 1 60 61 112 113 124 152 184
766 0 1 118 119 124 146
775 0 1 3 4 61 124 172 197 198
852 0 1 124 137 138 139 230 231
622 0 1 41 49 124 138 160 248
720 0 1 16 62 124 136 138 140 213
709 0 1 54 124 138 209 248 249
718 0 1 87 124 138 250
734 0 1 11 124 125 138 199
607 0 1 58 59 94 95 96 97 124 138
809 0 3 4 41 42 172 180
668 4 17 18 92 93 106 107 163
749 4 25 47 48 106 163
545 4 82 85 89 90 91 163
640 4 26 27 163 206 207
536 4 26 27 54 163 192
793 4 50 51 60 61 159 163 227
577 4 50 51 163 164 165
782 4 38 45 46 127 163
772 4 41 42 48 112 141 151 163
608 4 122 144 154 155 163
554 4 47 48 163 240 251
478 4 47 154 158 163 241
583 4 47 163 187 190 241
637 4 47 163 220 221 241
296 4 43 44 163 218 219
674 0 3 4 75 191 192 235
586 4 163 168 169 173 206 207 225
657 4 154 155 163 168 225
673 4 16 40 163 225
803 4 163 204 205
561 4 153 155 163 204 205
472 0 4 58 59 138 163
700 3 4 17 18 209 210 216 217
694 4 17 18 41 42 163 220 221
649 4 17 18 35 163 191
448 0 3 4 105 245 252
540 4 163 168 176 177 178 179 210
607 4 163 191 211 253 254
790 4 146 163 226
570 4 35 163 183 184 210
686 4 94 95 154 155 163
787 3 4 94 95 191 209
603 4 24 25 163 234 235
457 4 82 85 101 163 234
643 0 3 4 24 25 52 53
485 4 52 53 163 220 221
508 4 52 53 163 189 193
664 0 3 4 191 192 241 244
776 4 32 33 38 127 163
496 4 60 61 159 160 163 172 180
740 4 30 31 60 61 138 163
563 4 98 99 100 101 102 103 163
622 4 110 111 163
655 4 163 216 217 246 247
604 4 123 130 141 142 151 163
754 4 35 41 42 163 210
846 4 58 59 122 144 163
715 4 122 144 159 160 163
862 4 16 30 31 163
729 0 3 62 63 138 166
643 24 25 26 27 138 163 166
775 34 42 50 51 163 166
784 163 166 168 210 248 249
269 160 163 166 204 205 248
680 122 144 146 163 166
723 125 126 127 163 166
689 35 164 165 176 177 178 179 210
689 35 41 42 176 177 178 179 210
798 72 176 177 245 246 247
668 0 51 60 61 72 176 177 246
695 72 88 172 176 177 180 217
665 72 104 105 176 177 245
749 50 51 52 53 176 177 178 179
578 0 41 42 47 48 72 176 177
577 168 176 177 178 179 206 207 225
718 0 67 72 93 176 177 245
780 105 176 177 178 179 226 252
701 32 33 176 177 178 179 197 198
822 72 73 74 75 76 79 88
958 73 74 174 175 178 179 204 205
864 52 53 72 73 74 191 209
794 0 3 4 32 33 82 85
1197 0 3 4 88 105 106 252
658 0 3 4 50 51 62 63
563 0 3 4 47 54 192 241
800 0 3 4 75 222 229 235
604 0 3 4 62 63 204 205
709 0 3 138 166 222 229
732 0 1 35 37 60 61 124 125 135
460 0 1 75 124 125 197 198 230 231 235
912 0 1 124 125 138 140 159 160
277 0 1 36 55 60 61 66 124 157 201
670 0 1 124 138 154 155 157 201
641 0 1 84 124 138 154 157 201
868 0 1 34 42 124 157 201
961 0 1 24 124 157 201 212 222 254
668 0 1 52 53 55 124
749 0 1 35 54 55 60 61 124 241 244
554 0 1 55 60 61 101 124 159 227 234
565 0 1 55 114 124 224
990 0 1 19 55 124 194 195 196 222 229
921 0 1 55 94 95 124 159 160 164 187
830 0 1 3 4 124 131 132 157 201
524 0 1 110 111 124 152 184 220 221
820 0 1 35 60 61 124 152 184 210
557 0 1 124 152 184
1039 0 1 60 61 118 124 159 160 227
924 0 1 36 63 66 124 212
614 0 1 3 4 40 41 124 138
623 0 1 24 25 35 41 60 61 124 138
728 0 1 49 54 55 60 61 124 138 159 160
604 0 1 16 40 54 124 138
566 0 1 24 25 95 124 138 174
583 0 3 4 68 85 105 252
654 4 85 93 141 151 163
605 4 106 107 163 201 226 255
518 4 88 106 163 208 211
329 0 3 4 23 236
569 4 26 46 163 206 240
677 3 4 26 27 41 42 209 210
482 0 3 4 24 25 50 51 52 53
615 0 4 50 51 60 61 138 163
541 4 50 51 163
626 0 4 45 46 58 59 138 163
724 4 45 46 58 59 163
552 0 3 4 123 130 141 142 151
688 3 4 54 141 151 209
602 4 17 18 47 48 163 164 165
611 0 4 47 48 138 159 160 163
599 4 16 47 163 199 241
619 0 3 4 174 175 218 219
859 4 56 57 75 163 235
547 4 163 168 169 173 216 217 225
763 0 3 4 58 59 168 225
748 4 42 43 44 163 225
577 4 17 18 41 42 163 204 205
452 4 24 163 204 205 222
904 0 1 2 4 138 163
788 0 4 35 163 208
668 4 17 18 163 164 165 246 247
712 4 17 18 38 127 163
557 4 69 138 163 228 245
656 4 12 13 163 246 247
593 4 163 188 189 194 195
656 4 51 146 163 226 246
626 4 163 201 226 255
800 4 163 183 184 220 221
581 4 163 183 184 189 193
685 4 58 59 94 95 163
721 4 94 95 163 191 192
797 4 24 25 50 51 163 234 235
555 4 101 163 234 246 247
823 4 24 25 26 27 52 53 163
601 4 26 54 163 192 240 241 244
526 4 48 112 163 241 244
497 4 32 33 163 189 193
706 0 3 4 24 25 60 61
595 4 60 61 163 246 247
608 4 45 46 100 101 163
587 4 22 163 237
648 4 163 169 173 206 207
723 4 50 51 163 164 165
714 4 16 62 163 213
721 4 54 122 144 163 192
849 4 24 25 45 46 163
874 1 124 138 157 163 166 201
805 17 18 54 138 163 166 192
719 138 153 155 163 166
697 43 44 138 163 166
605 67 93 163 166 189 193
842 163 166 168 225 248 249
716 146 163 166 189 193
545 3 156 157 166 256 257
707 105 176 177 178 179 209 210 252
683 48 112 164 165 176 177 178 179
704 0 72 164 165 176 177 246 247
803 68 85 105 176 177 178 179 252
619 0 72 88 105 106 176 177 252
675 26 27 164 165 176 177 178 179
795 0 41 42 45 46 72 176 177
750 176 177 178 179 197 198 218 254
655 0 41 42 72 176 177 204 205
702 108 109 176 177 178 179
910 68 72 85 176 177 223 224
818 72 176 177 197 198 245
758 73 74 168 178 179 197 198 225
804 72 73 74 94 95 197 198 245
1006 73 74 178 179 206 207
1124 0 3 4 61 172 191 192
1226 0 3 4 50 51 241 244
765 0 3 4 41 42 47 48 197 198
799 0 3 4 191 192 218 254
413 0 3 4 168 222 225 229
816 0 3 138 166
809 0 3 105 166 252
490 0 1 10 11 36 124 125 202
508 0 1 55 124 125 140
505 0 1 11 124 125
500 0 1 124 138 154 157 158 201
922 0 1 34 40 55 124 157 201
869 0 1 124 146 157 201
777 0 1 124 157 201 248 249
766 0 1 16 124 185 186
819 0 1 55 124 240 241 242 243 244 251
657 0 1 55 113 124 164 165 244
474 0 1 16 30 55 60 61 119 124
465 0 1 55 86 87 124
744 0 1 16 55 69 124 137 139
713 0 1 35 41 55 100 101 124
625 0 1 56 57 98 124 152 184 195 196
688 0 1 35 124 152 181 182 184 210
803 0 1 124 150 152 228 230 231
455 0 1 118 124 181 182 227
589 0 1 16 36 37 49 66 124
721 0 1 124 138 164 187 223 224
472 0 1 35 41 58 59 94 95 124 138
540 0 1 84 124 138 154
431 258 259
716 4 17 18 68 85 105 163 252
666 4 47 48 85 93 163
560 4 31 61 138 159 163 172
649 3 4 106 107 208 209 226
520 0 3 4 88 105 106 252
650 4 106 163 204 205 222
496 0 3 4 26 92 93 240
597 4 17 18 26 27 163 164 165
605 0 4 26 27 138 159 160 163
594 4 50 51 60 61 138 163 199
577 4 17 18 41 42 50 51 163
782 4 45 163 169 173 207
772 3 4 41 141 151 209
602 3 4 54 122 144 209
545 0 3 4 47 48 58 59
602 4 47 154 158 163 241
611 4 47 163 187 190 241
688 4 47 163 220 221 241
636 4 153 155 163 218 219
702 0 3 4 24 25 75 235
709 4 163 168 169 173 216 217 225
734 0 3 4 58 59 168 225
571 4 138 163 225 232
706 3 4 41 42 204 205 209 210
614 0 3 4 24 25 204 205
754 4 33 48 112 163 204
791 0 4 105 163 252
722 4 17 18 142 143 144 163
742 0 4 17 18 54 138 163 192
613 4 18 85 146 163 245
649 4 12 13 163 220 221
497 4 163 188 194 195 196
713 4 146 163 226 246 247
686 4 138 163 201 214 226
853 4 50 51 163 181 182
841 4 101 163 220 221 234
721 3 4 209 210 223 224
548 4 17 18 52 53 163
668 4 98 99 163 241 244
448 4 82 85 163 241 244
556 4 163 172 180 241 244
647 4 18 32 33 85 163
636 4 60 61 141 151 163 191 192
555 0 3 4 60 61
788 4 133 134 138 163
715 4 28 29 163
772 4 50 51 163 206 207
805 0 3 4 164 165
781 0 3 4 62 63
784 4 159 160 163 246 247
811 4 24 25 163 204 205
850 1 9 124 163 166 259
675 35 54 138 163 166
788 34 42 163 166 189 193
589 67 93 122 144 163 166
541 51 160 163 166 246 248
618 146 163 166 246 247
739 46 72 73 163 166
501 35 176 177 178 179 210 216 217
692 164 165 169 173 176 177 178 179
713 51 176 177 178 179 223 224 246
728 60 61 72 172 176 177 180 245
514 161 162 176 177 178 179
739 50 51 72 176 177 223 224 245
649 41 72 122 144 176 177 209
709 75 176 177 178 179 197 198 235
679 0 72 138 176 177 191 209
745 174 175 176 177 178 179 253 254
762 52 53 176 177 178 179 197 198
885 72 73 74 197 198 218 219 245
751 73 74 178 179 197 198 218 219
949 0 72 73 74 204 205 216 217
779 0 72 73 74 94 95
961 73 74 164 165 178 179
914 0 3 4 61 172 197 198
1264 0 3 4 24 25 50 51 60 61
661 0 3 4 47 48 54 192
696 0 3 4 197 198 218 254
631 0 3 4 16 40 225
806 0 3 138 154 158 166
830 0 3 16 166 185 186
635 0 1 36 55 60 61 124 125
895 0 1 55 60 61 124 125 140 159 160
755 0 1 124 150 152 157 201 248 249
791 0 1 54 124 138 157 160 201 209 248
515 0 1 34 40 124 138 157 201
778 0 1 120 121 124 157 201 227 248
298 0 1 16 49 124 167 185 186
992 0 1 55 92 93 124 240 241 244 251
775 0 1 55 124 154 158 241 244
685 0 1 55 60 61 124 159 227 242 243
475 0 1 55 60 61 92 93 124 159 227
645 0 1 55 100 101 124
875 0 1 16 19 55 124 196 199
944 0 1 55 60 61 124 164 187
766 0 1 55 124 131 132 242 243
778 0 1 60 61 96 124 141 152 184
775 0 1 24 25 35 60 61 124 152 184 210
545 0 1 124 152 184 197 198
600 0 1 100 101 118 124 227
583 0 1 16 36 66 124 140 228
641 0 1 40 41 124 138 146
667 0 1 35 41 114 115 124 138
557 0 1 49 54 55 100 101 124 138
628 0 3 4 60 61 106 107 159 160
539 4 106 163 258 259 260
634 0 3 4 104 105
578 4 26 27 163 216 217 220 221
640 4 26 27 62 63 163 260 261
222 4 50 51 163 240 241 244 251
622 4 17 18 50 51 60 61 163
733 4 40 41 50 51 138 163
730 3 4 45 207 209 210
623 4 41 42 48 112 141 151 163
667 4 122 144 163
716 4 27 122 144 163 251
700 4 41 42 47 48 163
605 4 47 48 56 57 163 260 261
583 0 4 47 138 163 191 192 241
587 4 159 160 163 218 219
652 4 163 191 211 218 254
802 4 75 163 222 229 235
611 4 139 163 168 225 230
590 4 49 54 138 163 168 225
802 4 9 163 225 232 259
598 4 163 164 165 204 205
706 4 82 85 159 160 163 204 205
709 0 4 24 25 33 138 163 204
682 0 4 34 35 163
536 4 17 18 163 216 217 262 263
625 4 17 18 163 164 165 168 210
725 0 4 17 18 54 138 163 192
775 4 51 146 163 245 246
466 4 12 13 98 99 163
629 4 163 260 261 262 263 264 265
565 4 5 6 163 201 255 260 261
706 4 35 163 210 253 254
497 4 24 25 50 51 163 260 261
746 0 4 138 146 163 226
491 4 163 201 226 255 260 261
838 4 51 163 181 182 246
778 4 163 191 211 234 235
763 3 4 191 209 234 235
494 4 51 101 163 234 246
697 4 163 242 243 260 261
706 4 52 53 163 246 247
558 4 30 163 227 241 244
512 4 32 33 159 163 227
556 4 60 61 159 160 163 246 247 260 261
589 4 24 60 61 163 260
703 4 60 61 163 168 210
661 3 4 100 101 209 210
611 0 3 4 110 111
736 4 86 87 163
712 4 48 112 163 206 207
604 4 163 164 165 246 247
754 4 41 42 141 151 163
810 4 154 158 163
717 4 159 160 163 204 205
822 4 16 163 199
658 0 3 62 63 138 166
651 24 25 26 27 138 163 166
739 34 42 163 166 172 180
637 163 166 187 190 248 249
754 163 166 248 249
693 146 163 166 260 261 262 263
685 127 163 166 228 231
571 7 8 16 163 166
788 7 8 138 163 166
825 79 163 166 260
743 0 41 42 72 176 177 205 262
686 52 53 112 113 176 177 178 179
787 176 177 178 179 223 224 246 247
740 0 51 72 164 165 176 177 246
755 0 72 164 165 172 176 177 180
668 104 105 176 177 178 179
827 0 50 51 60 61 72 176 177
554 41 42 47 48 176 177 178 179
669 0 72 164 165 168 176 177 225
629 0 67 93 176 177 178 179
698 174 175 176 177 178 179 260 261
769 52 53 176 177 178 179
928 72 73 74 197 198 218 245 254
839 41 42 73 74 178 179 204 205
801 72 73 74 191 209 234 235
776 72 73 74 197 198 245
776 0 3 4 60 61 106 107
981 0 3 4 26 27 54 192
1224 0 3 4 16 257 266
842 0 3 4 54 192 218 219
637 0 3 4 159 160 218 219
693 0 3 4 41 42 168 197 198 225
541 0 3 4 204 205 222 229
870 0 3 160 166 248
814 0 1 124 125 135 138
721 0 1 55 69 124 125 242 243
602 0 1 34 42 124 125 140 197 198
712 0 1 124 137 138 139 157 201 230 231
763 0 1 24 95 124 138 157 174 201 222
816 0 1 124 146 157 201 212 213
627 0 1 55 60 61 124 157 201 256 257
613 0 1 35 52 53 54 55 60 61 124 159
886
502 0 1 30 55 60 61 124 227 241 244
554 0 1 38 55 60 61 124 230
236 0 1 29 55 124 145
697 0 1 55 107 124 181 182 217
670 0 1 55 58 59 94 95 124 164 187
589 0 1 55 124 131 132
431 0 1 60 61 124 152 184 220 221
683 4 17 18 32 33 82 85 163
809 4 18 85 163
491 4 92 93 163 172 180 260 261
487 4 56 57 61 163 172
591 4 61 163 169 172 173
710 0 3 4 88 106 162 267
596 4 51 106 159 160 163 246 260
540 4 106 163 191 211 260
539 4 106 163 250 260 268
638 4 23 163 168 225 236
638 3 4 89 90 91 209 210
640 4 26 27 163 216 217
605 0 4 26 27 58 59 138 163
638 3 4 50 51 54 209 241 244
615 0 3 4 50 51 100 101
695 0 4 50 51 62 63 138 163
713 3 4 141 151 209 210 216 217
664 4 41 141 151 163 168
512 3 4 54 122 144 209
644 4 47 48 62 63 163
641 0 3 4 47 48 174 175
643 4 47 112 113 163 241 260 261
535 4 24 25 163 218 219
847 4 163 218 220 221 254
580 4 43 44 75 101 163
667 3 4 41 42 168 209 210 225
655 0 4 138 159 160 163 168 225
583 4 42 163 169 173 225
814 4 40 41 138 163 204 205
754 4 56 57 163 204 205
687 4 33 153 155 163 204
635 0 4 163 248 249
448 4 17 18 163 205 216 217 262
448 4 17 18 48 112 163 164 165
706 4 17 18 54 163 192
554 4 82 85 146 163 245
594 3 4 116 117 245
608 4 116 117 138 163 245
595 4 30 31 138 163 264 265
472 4 163 176 177 178 179 260 261
510 4 163 188 194 195 196 205 262
641 0 3 4 253 254
649 0 3 4 174 175 260 261
769 3 4 156 157 226 256 257
517 4 163 168 208 226
587 4 163 168 181 182 210
577 3 4 54 94 95 209
721 4 94 95 163 191 211 260 261
553 4 94 95 163 172 180 260 261
712 4 163 172 180 234 235
604 4 163 205 242 243 262
698 3 4 52 53 191 209
670 4 54 122 144 163 192 241 244
713 4 48 112 163 241 244
854 4 32 33 153 155 163
748 4 60 61 159 160 163
