300 3000
1 37 52 74 104 158 166 189 235 247 270 291 299
1 16 59 158 194 199 207 237 288 296 298
1 0 26 27 41 89 122 161 188 256 268
1 16 54 66 122 128 138 175 192 199
1 15 24 63 94 169 218 232 250
1 5 49 124 134 148 186 213 256
1 66 105 114 189 235 282 292 296
1 16 17 91 100 124 127 136 140
1 60 62 114 132 138 215 291
1 17 90 134 204 222 257 286
1 2 13 86 129 235 253 289
1 19 52 95 157 166 217 280
1 75 77 85 112 132 153 298
1 15 69 92 147 157 212 222
1 34 56 77 91 185 268
1 44 64 71 142 206 210
1 34 79 130 178 223 292
1 10 225 243 275 283
1 52 121 162 203 271
1 32 34 54 201 211
1 22 65 120 131 167
1 21 81 166 174 262
1 37 38 160 205 253
1 91 138 234 248 292
1 106 120 189
1 183 223 238
1 9 59 205
1 63 173
1 14
1 61
2 24 117 160 172 177 216 238 246 259 269 298
2 36 81 85 87 128 148 187 237 253 257 260
2 70 75 89 146 191 197 216 240 244 249 269
2 33 35 103 112 126 128 167 176 194 202 262
2 65 87 104 107 175 219 230 250 295 298
2 52 85 127 135 199 222 292
2 62 63 71 86 117 183 225
2 8 50 60 64 96 198 258
2 8 56 85 86 141 217 254
2 43 59 66 150 195 277 292
2 42 47 98 107 178 213
2 112 141 146 198 238 244
2 124 181 225 239 264 290
2 82 99 142 143 247 282
2 94 145 215 236 249
2 44 102 123 167 177
2 77 84 174 209 279
2 75 151 195 196 214
2 100 104 146 258 281
2 13 68 143 170 225
2 45 54 116 275 297
2 23 97 133 279
2 56 65 199 202
2 27 102 107 118
2 17 41 67 216
2 157 200 236 269
2 147 150 157 282
2 87 107 122 151
2 2 88 263
2 66 119
2 148
3 15 17 43 47 102 167 213 218 238 289
3 17 45 117 139 145 197 221 256 284
3 11 43 57 110 179 204 249 255 260
3 114 129 133 181 210 216 263 291
3 61 74 101 113 164 205 228 255
3 25 62 88 107 168 190 232 255
3 3 6 7 9 37 73 109 275
3 71 98 100 116 137 143 169
3 33 37 72 82 99 138 163
3 31 35 60 72 103 145 207
3 13 17 67 127 238 240
3 64 97 169 208 237 239
3 34 35 41 100 152 194
3 95 125 206 208 231
3 42 57 159 277 299
3 41 69 137 156 277
3 116 184 187 282
3 123 140 242
3 122 235 291
3 14 49 213
3 86 183 259
3 37 73
3 14 156
4 45 72 93 129 132 140 141 147 208 217 231 246 269
4 81 135 149 162 168 176 183 222 266
4 61 80 93 98 104 106 143 208 272
4 28 44 62 98 141 153 198 228 295
4 47 58 112 139 186 264 285 291
4 70 74 103 159 180 209 267
4 8 46 72 78 132 253 294
4 31 65 71 92 115 127 142
4 8 38 56 144 162 212
4 34 65 145 230 236 269
4 58 112 230 232 236 276
4 43 92 114 172 187
4 50 79 181 262 284
4 29 81 202 221 233
4 22 26 68 144 283
4 23 98 100 145 170
4 70 97 153 185 211
4 14 16 69 131 176
4 24 74 184 268
4 14 16 26 168
4 54 69 76 192
4 21 50 245
4 64 105 112
4 43 194
5 4 10 45 159 187 192 221 254 261
5 47 69 179 192 198 216 245 279 297
5 47 82 84 94 98 128 136 270
5 26 46 98 111 244 289 298
5 55 107 200 211 221 229 282
5 80 154 187 205 222 256 270
5 1 53 78 127 249 270 278
5 8 56 165 173 227 262 263
5 63 117 152 200 208 220 241
5 111 117 118 213 223 251
5 70 75 78 168 199 216
5 45 56 80 107 138 245
5 19 64 98 198 238 250
5 5 29 49 89 125 214
5 141 152 218 232 252
5 2 152 162 216 274
5 20 115 117 152 199
5 4 125 179 227 233
5 26 120 157 191 205
5 13 38 179 240 241
5 32 36 187 210
5 62 136 206 249
5 133 164 205
6 6 9 42 93 112 120 175 199 205 222 229 283
6 2 30 36 75 83 137 140 154 193 263 295
6 17 55 63 84 98 141 218 253 276 279 291
6 24 90 128 158 162 167 175 209 229 250
6 112 162 189 192 231 253 262 294
6 7 88 114 199 219 248 275
6 19 51 119 126 216 264 287
6 77 161 209 255 259 266 275
6 1 33 38 135 243 270
6 98 121 128 215 292 298
6 19 75 94 192 227 249
6 64 93 165 208 245 279
6 32 39 82 90 105 156
6 5 104 196 211 262
6 74 156 194 243 292
6 79 126 199 242 243
6 130 142 279 288
6 17 121 142 166
6 35 110 207 244
6 3 74 81 105
6 41 95 191 263
6 36 94 220
6 231 256
6 119
6 255
7 8 34 75 77 82 127 132 134 172 174 217 232
7 22 28 100 140 142 190 207 249 278 296
7 33 134 136 138 142 195 230 240 250
7 11 36 38 68 83 91 115 207 260
7 0 6 21 55 102 130 135 154 174
7 60 70 128 156 205 216 221 284
7 13 20 94 150 171 211 270 275
7 27 50 78 123 129 212 242 288
7 56 62 185 215 273 278 285
7 8 106 132 139 195 255 268
7 103 114 118 180 199 218 242
7 36 139 163 166 191 201 285
7 51 62 152 219 237 238 294
7 31 173 184 210 230 245 290
7 112 125 138 157 169 228
7 159 179 215 241 245 296
7 26 89 174 181 226 299
7 11 144 170 196 260 281
7 57 113 137 199 211
7 95 109 148 230 253
7 196 248 267 286 289
7 116 136 233 277 296
7 23 168 208 238 242
7 84 111 138 295
7 30 34 112 280
7 60 62 91 202
7 45 97 105 156
7 6 166 169 197
7 46 93 257
7 103 190
7 99 181
7 97 211
8 33 73 86 165 208 258 265 283 289
8 20 59 93 97 108 113 145 153 225
8 87 90 148 178 195 263 266 292
8 11 12 14 18 34 116 121 298
8 0 53 128 131 178 226 280 281
8 61 76 100 112 128 256
8 81 114 131 155 181 213
8 33 60 151 172 180 287
8 82 83 94 148 209 281
8 125 140 188 202 262 269
8 73 79 128 155 271
8 102 182 238 239 278
8 64 130 251 271 299
8 0 54 147 148 215
8 85 137 213 214 283
8 32 41 163 200
8 109 121 164 296
8 55 257 269 299
8 21 109 139 286
8 31 141 220
8 101 189 279
8 102 125 145
8 27 245 271
8 125 204
8 77 150
9 8 23 35 55 67 70 79 125 177 246 279
9 19 116 152 188 214 224 238 246 281 290
9 80 83 91 113 187 190 209 247 257
9 74 83 93 102 103 139 157 221
9 26 28 121 227 229 237 243
9 75 127 130 151 199 214 242
9 118 200 229 238 256 267 285
9 101 110 139 154 170 198 277
9 21 48 111 163 249 277 286
9 3 15 68 175 187 247 267
9 14 18 95 190 248 293
9 12 53 56 62 212 237
9 59 136 224 256 267 280
9 117 124 167 176 280
9 89 162 218 272 288
9 26 31 50 169 234
9 26 43 88 157 174
9 63 118 187 274 284
9 149 166 174 251
9 105 198 271 293
9 11 90 107 157
9 41 88 144 278
9 9 57 93 296
9 69 88 112 274
9 22 25 190
9 23 46 52
9 56 65 219
9 30 158 295
9 10 265
9 21 72
9 30
10 17 74 81 87 142 162 164 172 176 205 207 233 246 274
10 32 40 53 83 89 135 150 152 161 174 251 252
10 39 71 83 142 152 171 193 204 230 237 269
10 21 51 96 170 183 188 204 219 227 250
10 4 35 96 119 148 153 231 237 266
10 102 160 187 206 243 244 259 286
10 15 41 63 116 164 165 295 297
10 73 128 131 188 215 230 253 257
10 15 43 74 76 147 162 200 274
10 8 91 113 138 188 215 226
10 7 40 45 75 117 170 274
10 75 112 130 153 161 180 221
10 67 104 123 131 235 241
10 155 185 191 197 253 269
10 34 73 114 219 232
10 142 143 150 194 210
10 45 52 118 192 229
10 175 177 216 228
10 141 155 251 260
10 95 102 123 253
10 98 115 163 250
10 211 292 298
10 104 180
11 32 39 81 103 145 164 167 176 233 275 287
11 40 61 70 88 102 156 244 256 272 285 293
11 25 56 57 69 85 112 201 216 224 269
11 1 2 19 21 51 90 186 236 258 295
11 3 18 110 126 151 210 250 293
11 20 59 80 96 144 181 189 190
11 40 57 138 145 167 189 281 295
11 27 42 106 125 138 179 226 241
11 42 87 96 123 189 220 272 281
11 47 97 125 165 184 196 213
11 28 54 76 82 174 206 234
11 31 106 114 215 221 269 270
11 2 12 138 154 178 268 276
11 29 63 80 131 177 235
11 36 71 127 185 226 266
11 31 42 54 149 177 230
11 5 76 160 168 241 247
11 11 44 51 113 237 259
11 41 56 85 200 277 284
11 35 54 147 269 274 287
11 18 25 110 115 172
11 92 127 138 156 247
11 29 69 150 210 220
11 24 131 163 169 213
11 79 101 153 173 260
11 95 104 213 269
11 48 74 171 263
11 142 177 191 290
11 50 93 120 168
11 9 21 178
11 89 273
11 49 156
12 44 47 122 144 162 163 165 192 200 258 261 282 287
12 12 119 131 164 170 214 220 253 259 291 292
12 59 75 146 199 215 217 235 269 273 274
12 42 57 60 90 110 154 179 251 268
12 26 53 176 177 193 243 245 279 287
12 22 24 26 60 80 102 172 221 285
12 16 19 28 211 236 239 249 252 291
12 22 45 49 68 96 175 225 283
12 1 14 17 76 119 184 191 269
12 4 26 32 110 121 235 280
12 0 72 135 156 171 187 267
12 7 46 153 159 237 240 250
12 111 145 213 246 260 268
12 39 117 162 181 201 234
12 10 59 206 214 262 290
12 13 35 47 64 231 235
12 25 82 144 162 167 261
12 4 25 96 124 193 234
12 40 45 75 141 252
12 53 85 96 104 281
12 29 55 92 128 216
12 92 206 228 267 271
12 48 142 162 199
12 123 132 268 297
12 156 220 238 284
12 53 96 215
12 3 41 228
12 51 74 89
12 200 262
13 3 24 109 173 179 184 194 199 231 267
13 28 38 53 76 100 101 140 167 184 217
13 11 14 41 186 189 217 242 248 260 262
13 7 13 36 109 137 155 156 182 287
13 59 63 70 79 119 157 206 256 277
13 66 179 192 205 209 220 253 262 266
13 1 9 112 150 156 181 202 253 265
13 59 88 137 142 164 172 259 298
13 16 24 29 113 125 229 259 291
13 11 36 56 79 205 270 274 285
13 21 55 73 120 125 127 206 226
13 24 62 74 91 112 224 230 255
13 72 87 94 103 131 192 276
13 33 89 92 120 163 281 293
13 11 44 66 88 150 183 189
13 12 60 63 133 203 283
13 31 34 119 172 225 299
13 56 104 119 199 204 278
13 0 6 27 55 211 238
13 21 151 155 161 177 239
13 44 110 137 147 148 197
13 14 73 107 126 267 295
13 40 69 133 164 260 274
13 36 79 80 114 144 241
13 19 58 117 142 203
13 9 42 106 227 265
13 135 205 239 254 266
13 36 66 86 216 292
13 58 143 262 264
13 19 140 170 192
13 89 207 235 253
13 71 145 146 174
13 134 184 191 266
13 98 102 113 270
13 52 61 225
13 40 136 202
13 76 189 271
13 73 199 213
13 23
13 143
14 91 105 112 158 195 205 238 239 242 275
14 80 125 141 148 197 205 255 281 298
14 98 107 131 133 141 172 201 224 229
14 35 51 73 96 104 143 255 279 280
14 35 79 84 88 134 243 246 258 266
14 11 77 122 127 177 247 249 282 297
14 68 117 137 160 171 187 293 298
14 0 5 86 123 203 209 216 262
14 96 104 126 248 270 293 294
14 19 41 75 193 228 232 244
14 82 85 111 130 194 196 242
14 46 53 117 147 207 293
14 53 97 114 200 274 297
14 52 206 227 283 292
14 44 91 155 157 196
14 34 63 133 158 241
14 60 91 157 186 271
14 176 221 227 228 247
14 14 56 95 254
14 20 83 240 257
14 24 145 193 265
14 33 156 272 291
14 245 257
14 200
15 31 46 58 68 78 88 123 124 147 149 161 205 217 260
15 6 52 57 61 88 103 114 166 202 222 226 273
15 44 51 56 90 105 129 139 157 210 218 275
15 4 59 67 80 101 117 231 244
15 6 26 40 56 186 227 280 293
15 26 62 67 108 135 142 247 250
15 55 78 89 145 171 223 233
15 61 66 102 155 235 259 260
15 1 26 68 69 84 168 184
15 29 93 100 132 197 202 225
15 0 16 63 76 98 215 269
15 21 31 119 191 216 227 230
15 121 155 156 163 181 240 244
15 18 82 129 187 191 211 266
15 2 13 87 118 143 228 249
15 107 152 216 248 284 292
15 4 209 232 238 260 298
15 21 85 128 176 229 244
15 46 48 175 221 269 296
15 68 131 185 204 242 249
15 68 76 118 166 242
15 21 101 199 220 266
15 85 148 196 253 281
15 2 39 58 176 246
15 103 222 227 250 252
15 137 184 257 278
15 85 256 274 297
15 151 217 247
15 27 238 296
15 128 131 194
15 81 192 195
15 107 115 285
15 72 184
15 163 239
16 74 121 129 139 159 166 185 194 209 213 231 232 280
16 17 25 50 74 88 114 136 171 200 245 268
16 11 56 115 147 192 226 242 263 268
16 23 72 88 128 136 137 148 155 280
16 58 148 155 171 221 227 231 243 271
16 27 84 106 117 176 240 256 268
16 14 30 32 46 67 143 149 205
16 16 29 63 79 83 111 191 235
16 18 29 35 83 106 115 283
16 85 103 154 177 221 233
16 69 103 171 204 254 286
16 14 132 164 194 221 256
16 26 45 52 100 118 203
16 11 113 132 155 180 240
16 7 94 110 194 207 246
16 2 51 211 257 285
16 1 50 69 192 194
16 31 32 201 233 235
16 16 20 27 154 199
16 9 20 66 165 243
16 17 177 196 205 229
16 23 46 51 65 236
16 10 121 127 174 193
16 7 14 59 90
16 101 202 252 279
16 35 52 212 259
16 148 250 285 293
16 37 99 142 288
16 0 139 230 263
16 111 172 186 228
16 80 109 213
16 59 168 273
16 161 177 239
16 142 290
16 78 169
17 20 54 87 163 174 207 213 232 269 281
17 16 80 81 156 159 216 220 255 284 297
17 10 33 38 53 165 170 194 228 249 297
17 72 84 94 96 171 196 220 222 227
17 15 54 71 132 143 145 208 233 290
17 81 92 151 153 156 187 250 256 298
17 5 6 59 168 205 260 288 291 292
17 1 5 27 31 75 136 144 259
17 37 73 179 191 219 246 255 263
17 64 138 176 210 240 247 250 277
17 62 75 171 214 238 245 259 287
17 1 8 110 114 172 180 216 235
17 34 81 91 112 166 205 225
17 81 93 116 141 278 280 297
17 4 21 106 119 127 210 290
17 78 88 135 189 192 209 261
17 82 97 143 206 246 261 280
17 1 2 59 134 139 189
17 96 121 141 163 229 252
17 68 98 219 256 281 283
17 29 73 182 202 221 269
17 51 105 185 196 222 283
17 24 26 55 95 113 287
17 58 63 127 137 201 215
17 11 144 157 161 226
17 30 102 140 244 289
17 37 144 152 190
17 103 134 203 232
17 54 56 101 248
17 27 38 179 277
17 99 143 199
18 46 51 106 145 212 213 219 227 241 252 284
18 33 45 102 119 159 233 253 259 293 299
18 5 104 136 147 206 218 280
18 8 53 80 207 208 216 281
18 104 140 156 178 205 206 280
18 6 9 85 202 223 247
18 4 93 111 223 263 297
18 23 35 64 152 160 267
18 80 234 235 248 259 271
18 117 142 161 168 174 251
18 61 88 103 271 294
18 4 109 193 290 292
18 155 176 243 250 277
18 147 148 165 226 273
18 68 109 113 234 261
18 62 176 218 229 270
18 16 53 67 88 122
18 157 202 224 232
18 31 46 68 136
18 17 65 161 222
18 53 65 241 281
18 101 133 170 186
18 166 244 248
18 5 66 77
18 10 20 267
18 88 244 274
18 122 229
18 30 173
18 158
18 156
19 15 24 33 49 74 161 165 171 195 204 217 246 247
19 8 50 58 81 99 109 150 158 170 174 227 261
19 7 34 44 123 133 135 180 237 266
19 70 75 102 138 147 165 170 228 281
19 31 146 161 173 211 233 270 295
19 1 57 80 114 133 204 243
19 56 76 125 164 212 257 279
19 71 105 119 181 211 220 280
19 2 25 73 124 198 242 244
19 23 30 106 109 144 219 294
19 90 96 127 133 155 192 268
19 7 23 139 142 176 235 273
19 18 127 137 208 230 235 298
19 64 69 145 212 227 297
19 4 90 191 204 207 265
19 25 95 143 260 268 286
19 14 38 42 73 74 151
19 10 64 201 214 230 267
19 37 85 88 145 234
19 48 53 188 215 278
19 89 201 202 276
19 145 161 295
19 36 114 234
19 292 298
19 159 206
19 124
20 2 10 109 131 134 139 151 186 194 201 214 239 290 295 299
20 0 1 23 25 36 102 129 135 143 241
20 8 18 63 73 133 143 165 193 234 282
20 0 24 34 97 136 180 208 226 265
20 95 131 155 170 176 243 261 278 284
20 63 84 90 103 115 166 170 253 277
20 51 57 98 112 114 132 218 266 282
20 43 44 67 74 86 114 247 294
20 48 54 130 152 188 227 230 249
20 13 16 56 99 118 123 187 240
20 3 53 72 96 113 132 178 296
20 11 54 80 168 198 204 253 282
20 33 40 86 112 195 199 238 277
20 16 46 47 219 245 273 290
20 36 63 116 120 127 170 219
20 66 128 177 224 254 257 267
20 74 91 149 159 192 250
20 9 36 130 131 181 261
20 133 156 167 271 279 286
20 26 49 52 124 125 156
20 29 91 109 207 255 267
20 23 26 51 160 188 265
20 21 50 129 179 191
20 5 11 98 194 209
20 87 108 241 249 255
20 159 199 200 236 242
20 95 240 264 292
20 13 142 157 294
20 51 95 197 234
20 65 82 91 288
20 50 147 223 271
20 124 275 293
20 196 267
21 18 39 41 64 101 161 185 198 262 268 281
21 6 21 56 119 120 190 242 244 265 274
21 8 48 52 95 136 143 235 273 293
21 8 45 151 155 169 196 200 211 274
21 15 41 77 110 145 152 244 248 285
21 8 95 117 183 202 216 266 281
21 12 97 129 219 242 274 276 295
21 94 119 124 125 133 242 246 279
21 15 129 134 227 237 275 277
21 41 64 71 168 176 202 242
21 47 77 127 128 211 277
21 83 106 166 246 247 256
21 44 61 135 240 246 278
21 67 79 131 155 186 254
21 25 46 97 175 249
21 98 169 173 249 267
21 1 73 79 92 196
21 89 93 134 141 250
21 98 149 156 193 273
21 61 121 193 241 253
21 57 148 240 267 277
21 46 67 120 208 279
21 14 35 148 202
21 73 180 246 261
21 135 200 212 281
21 169 179 231 238
21 202 221 269 296
21 214 269 289
21 69 270 294
21 41 286 288
21 80 143 231
21 135 236 298
21 171 216
22 2 14 46 78 85 97 106 115 203 219 228 237
22 18 25 44 53 61 77 86 153 166 191 275
22 14 77 101 118 120 149 185 218 265 284 287
22 6 9 18 45 53 227 244 268 285 295
22 4 7 19 128 172 186 216 237 275 294
22 5 42 68 179 183 261 265 281 294
22 22 127 136 177 182 187 193 237 279
22 21 68 91 96 116 137 145 152 194
22 39 67 83 87 120 133 140 168
22 123 125 146 168 187 222 238 239
22 77 120 231 260 284 290 292
22 18 68 75 96 213 252 256
22 46 50 112 163 170 194 238
22 54 68 72 103 224 234
22 154 182 202 216 225 256
22 104 123 165 198 211 259
22 79 137 154 160 236 273
22 23 45 46 137 153 173
22 11 61 139 140 192 290
22 45 89 122 123 182 274
22 5 38 114 212 213 251
22 47 65 104 143 222
22 32 45 111 118 155
22 82 88 96 165 233
22 31 41 46 128 135
22 14 94 167 242 262
22 66 107 233 250 298
22 54 123 181 191 228
22 116 174 205 209 221
22 79 102 181 195 198
22 3 105 162 274
22 80 188 193 286
22 22 78 99 120
22 22 84 211 297
22 47 228 240 251
22 122 128 191 260
22 16 22 173
22 48 70 219
22 46 144 259
22 56 144
22 235
22 90
23 69 72 74 145 167 200 221 235 239 244
23 24 31 89 121 152 229 241 284
23 56 67 95 128 208 240 253 287
23 27 34 77 86 140 200 222 268
23 35 104 137 160 170 239 272
23 0 63 112 131 139 199 283
23 1 35 84 118 164 168 189
23 67 75 81 131 274 286 291
23 5 13 89 151 154 242
23 72 78 130 147 206 223
23 3 46 76 113 184 186
23 6 16 51 89 90 203
23 10 47 63 122 125 247
23 56 63 67 83 234 293
23 22 95 224 251 285
23 10 42 55 105 188
23 15 107 125 129 244
23 15 32 78 136 275
23 35 56 138 161 284
23 128 148 164 203 231
23 25 52 75 105 111
23 128 150 156 194 197
23 101 145 240 280
23 21 29 179 221
23 42 94 148
23 38 171 270
23 183 211 294
23 95 113 268
23 227 230 277
23 0 59 221
23 80 89
23 184 281
23 3 124
24 12 24 40 70 79 88 152 154 166 191 207 229
24 14 34 56 87 97 124 145 156 180 200
24 13 38 48 60 76 144 179 202 225 249
24 8 21 68 75 106 156 157 242 243 244
24 22 31 77 105 120 130 175 264 293
24 4 13 19 38 53 186 204 266
24 7 78 129 141 171 249 267 279
24 55 76 103 133 163 182 257 280
24 31 38 49 89 116 127 153 298
24 77 142 167 177 197 215 257 278
24 64 135 164 177 218 237 239 261
24 33 55 115 123 222 240 253
24 104 124 182 236 242 247 276
24 77 117 123 162 187 261 287
24 14 46 97 105 131 238 294
24 35 60 100 147 181 189 254
24 21 61 76 131 208 297
24 30 79 110 168 172 241
24 114 138 158 194 248 279
24 174 201 211 228 251 260
24 21 61 102 196 203
24 75 80 90 155 208
24 16 43 57 110 237
24 33 54 101 247 297
24 78 141 165 266 274
24 57 90 155 161 246
24 7 129 141 209 222
24 47 65 222 244 267
24 18 112 119 233 260
24 23 236 254 272
24 31 204 259 281
24 72 149 215
24 72 218 242
24 13 219 281
24 106 171 180
24 129 276 291
24 2 94
24 76 141
25 12 54 94 110 112 147 169 230 242 273 274
25 22 34 60 72 86 103 138 181 203 277 295
25 1 71 99 117 144 185 198 237 261 285
25 15 22 40 54 73 90 98 206 215 221
25 14 22 113 130 157 165 180 194 252 285
25 0 34 48 49 79 145 170 227 281
25 38 126 168 209 226 232 242 257 259
25 97 113 164 212 224 245 260 266
25 47 128 153 158 187 233 238 257
25 8 28 128 141 160 175 203
25 27 150 164 169 179 200 291
25 28 73 133 208 210 250 256
25 6 144 150 156 200 233 253
25 50 112 142 156 206 221 260
25 77 86 97 131 232 250 294
25 4 22 24 69 79 147 209
25 79 113 127 150 186 246 258
25 3 52 70 119 151 167 180
25 65 126 167 273 275 279
25 16 23 35 54 164 289
25 14 47 192 224 248 271
25 11 62 85 111 212
25 36 63 129 255 284
25 85 115 182 266 296
25 3 30 85 113 237
25 22 38 91 95 193
25 117 152 195 232
25 24 33 41
25 150 151
25 12 287
26 30 33 49 139 149 161 200 216 218 232 240 263
26 29 54 96 148 171 179 238 246 295 296 297
26 9 18 49 74 95 106 131 133 236 254 269
26 20 26 39 83 126 135 200 243 267 268 275
26 27 40 46 61 136 183 200 226 256 266
26 24 113 119 177 189 248 252 262 279
26 34 54 70 83 130 188 209 236 247
26 66 72 89 123 142 144 172 199 236
26 2 25 27 45 89 107 166 264 287
26 2 20 89 106 177 204 220 281 282
26 52 142 202 205 212 239 248 278 289
26 2 48 54 58 204 228 264 293
26 43 123 138 162 192 198 209 296
26 75 101 110 117 120 132 147 195
26 5 12 24 36 61 105 242
26 75 86 92 129 147 221 282
26 31 33 34 81 248 253 274
26 39 124 132 158 207 263 283
26 86 125 140 146 150 215
26 71 91 133 143 214 215
26 85 121 167 274 295
26 44 66 198 266 282
26 202 212 238 295
26 2 80 89 186
26 1 8 223 239
26 88 128 190 236
26 28 234 282
26 62 252 270
26 39 66 185
26 89 157 213
26 86 87
27 11 20 37 41 61 131 133 158 198 213 248
27 59 150 181 182 223 227 265 287 289 291
27 14 42 50 73 89 95 201 249 276
27 17 31 98 102 146 219 229 238 266
27 22 31 62 94 145 162 171 286
27 2 69 76 109 112 115 202 228
27 13 24 109 190 205 232 235 255
27 2 42 46 140 149 214 257
27 126 182 222 228 242 264 293
27 12 67 80 100 164 182 187
27 13 42 65 111 116 150 151
27 27 63 75 76 223 237
27 32 49 65 242 250 258
27 202 207 236 248 250
27 20 35 98 102 255
27 57 115 153 217 263
27 51 63 204 235 259
27 10 86 128 140 225
27 48 54 59 172 221
27 49 79 86 192 258
27 55 64 90 103 284
27 18 118 122 145 286
27 57 121 198 219
27 11 17 190
27 99 128 159
27 66 202 217
27 77 164
27 154 208
28 1 84 93 117 171 212 218 223 254 284
28 6 86 106 155 168 224 249 251 272
28 17 43 72 102 115 159 217 286 290
28 22 47 149 170 190 210 230 243 270
28 61 69 124 137 194 199 274 275 298
28 3 43 85 138 146 228 231 283
28 63 67 73 114 115 140 177 257
28 5 24 67 74 92 169 261 281
28 53 55 79 90 111 121 204
28 112 174 176 180 184 202 208
28 48 56 65 185 186 187 197
28 26 54 104 152 243 248 266
28 79 119 171 185 213 237 272
28 10 65 151 264 277 293
28 6 45 59 84 196 260
28 21 61 91 119 254 293
28 29 83 84 121 233 245
28 12 39 153 171 222 245
28 7 16 49 99 221
28 58 119 142 170 277
28 32 174 252 282 289
28 18 42 143 248 293
28 45 54 134 224 244
28 21 62 156 185 242
28 162 173 223 225 242
28 55 138 187 195 264
28 43 69 143 283 298
28 90 102 292 294
28 13 173 207 287
28 150 206 238
28 78 130 289
28 114 192 259
28 125 243 290
28 93 172
28 38 244
28 157
29 7 16 20 31 62 67 97 152 239 278 295
29 37 52 74 75 87 96 192 207 213 288 297
29 2 5 133 136 153 194 220 294 295
29 7 20 50 152 178 196 204 243
29 16 135 143 162 177 214 256 276
29 23 85 101 188 215 236 265 293
29 44 53 156 180 234 256 271 299
29 7 30 90 145 212 242 275
29 61 105 145 163 167 270 275
29 40 64 146 171 182 221 243
29 9 68 99 116 236 266
29 34 61 73 142 153 283
29 0 80 118 162 164 177
29 28 35 43 47 90 251
29 29 65 89 107 149 258
29 19 35 43 206 250 276
29 66 80 100 148 204 281
29 99 137 179 244 257 293
29 130 209 223 270 286
29 77 128 145 209
29 27 113 118 239
29 31 62 71 206
29 15 39 149 236
29 6 260 286
30 0 5 17 43 79 127 131 148 199 225 265 267
30 57 110 120 137 186 203 208 218 270 288
30 32 114 169 232 239 248 254 276 286
30 0 6 38 76 203 232 242 266 284
30 42 83 100 110 128 137 181 254 267
30 26 43 46 48 51 167 214 272 293
30 51 55 64 168 175 186 240 253 273
30 26 30 68 125 156 221 237 259
30 25 54 84 105 148 183 285
30 11 39 78 133 193 289 298
30 104 112 114 118 154 258 268
30 8 60 190 200 226 235
30 21 22 94 187 204 293
30 49 86 103 112 215 218
30 11 108 162 216 279 297
30 24 33 118 154 157 291
30 49 135 167 200 227 261
30 4 29 109 114 299
30 0 61 98 255 279
30 20 95 125 223 280
30 16 17 132 276
30 0 67 251
30 7 215 274
30 36 51 188
30 268 274
31 11 183 202 219 221 229 246 264 266 271 284
31 9 20 64 85 95 108 141 145 168 200 297
31 21 71 141 160 166 168 243 261 283 298
31 45 48 70 85 127 178 187 194 215
31 6 98 111 112 179 182 204 219 249
31 2 5 12 74 81 178 190 230 299
31 7 73 137 140 157 193 239 255
31 20 51 54 114 171 243 263 269
31 21 53 78 85 103 240 289 294
31 1 45 51 117 128 151 230
31 40 53 70 94 204 275 295
31 112 142 221 226 277
31 113 114 139 187 244
31 151 168 174 185 242
31 7 110 259 298
31 104 161 201 206
31 28 87 172
31 262 266 278
31 104 167 227
31 74 205 279
31 73 104 184
32 0 8 21 28 92 119 138 180 188 271
32 9 30 67 94 179 205 260 278 295
32 109 115 141 194 197 234 237 272 284
32 26 39 82 91 143 157 160 285
32 55 67 212 251 264 269 291 299
32 11 81 136 193 217 225 229 277
32 57 118 159 230 253 256 285
32 25 31 115 205 269 279 283
32 39 67 76 158 162 165 294
32 50 96 166 206 210 224 293
32 1 54 65 176 186 208 270
32 15 34 142 202 282 288
32 24 64 122 227 236 246
32 34 158 231 258 259 276
32 22 80 97 250 258 274
32 62 109 126 136 218 289
32 16 118 147 171 203 214
32 6 122 203 250 254
32 4 42 141 226 258
32 49 50 143 228 245
32 46 48 136 194 275
32 21 35 72 172 252
32 5 28 118 207 214
32 51 70 106 116 162
32 1 55 76 98 128
32 59 135 213 234 276
32 117 146 148 274
32 1 52 142 182
32 142 170 237 271
32 0 68 163 247
32 181 187 218
32 1 133 250
32 81 147 270
32 72 90 295
32 125 286
32 234 281
32 2 281
32 10
33 31 59 78 108 127 157 166 177 178 262 267 280 284 286
33 5 8 12 33 75 135 153 166 206 208 223 277
33 3 70 74 76 87 94 125 147 182 224 277
33 41 51 60 69 73 230 232 254 261 271 276
33 22 54 115 125 157 176 183 214 240 252
33 45 47 56 128 167 197 248 289 299
33 17 61 70 102 112 123 145 242 262
33 59 73 75 154 191 197 205 254 295
33 23 33 95 103 142 168 169 177 240
33 11 33 90 104 125 126 132 195 268
33 45 74 83 86 100 112 122 171 259
33 41 57 78 113 151 170 196 246
33 3 14 16 53 176 224 231 283
33 48 93 98 99 127 131 242
33 26 33 104 113 135 176 258
33 20 36 73 150 168 192 254
33 24 39 114 156 242 256 289
33 27 28 188 200 206 240 274
33 13 41 57 152 190 240 265
33 70 139 226 235 249 259 275
33 39 61 109 215 255 277
33 10 12 30 137 162 188
33 28 84 123 133 136 254
33 25 27 144 159 270 274
33 13 70 106 162 168 254
33 9 17 90 127 141 233
33 140 177 182 184 207 239
33 108 119 131 145 276 296
33 77 118 139 143 183 292
33 148 162 183 201 202
33 10 79 116 134 221
33 30 107 186 205 277
33 6 21 44 194 275
33 53 61 79 102 116
33 69 143 272 278 284
33 151 177 221 260 276
33 11 105 134 227
33 125 196 200 237
33 54 66 103 149
33 147 182 234 270
33 43 49 171
33 147 166 249
33 15 108 185
33 90
34 23 130 156 160 174 184 194 242 248 261 284
34 11 19 67 135 140 144 166 181 240 242
34 47 50 115 130 247 284 288 291 293
34 80 133 167 170 189 211 214 251 296
34 116 143 157 166 172 195 205 254 297
34 5 43 62 108 143 163 255 268
34 58 69 102 200 205 211 221 276
34 6 102 160 202 241 245 292
34 18 34 117 224 226 270 289
34 9 25 26 211 227 241 252
34 26 50 91 125 136 151 204
34 5 9 19 24 160 192 222
34 23 40 41 197 212 275 296
34 26 59 67 68 83 170
34 55 101 138 157 213 227
34 73 77 211 234 249 275
34 24 40 56 138 149
34 77 78 235 257 295
34 36 162 198 210 238
34 0 15 73 172 224
34 34 36 111 135
34 49 54 134 288
34 29 142 166 245
34 112 118 172 201
34 74 93 228 232
34 64 177 236 282
34 26 81 173 180
34 116 158 262
34 8 14 202
34 92 113
35 12 69 111 117 155 183 211 217 250
35 79 91 92 140 172 197 213 228 291
35 1 3 22 103 166 198 210 216 259
35 8 114 153 182 188 197 244 259
35 32 65 96 102 140 228 248 260
35 25 35 43 107 108 166 245 265
35 5 10 87 127 146 165 170 208
35 62 110 172 202 272 280 289
35 0 37 114 129 185 233 298
35 34 46 47 75 118 200 259
35 4 125 141 146 164 175 282
35 12 52 70 109 208 218 225
35 44 102 132 204 209 221
35 13 40 145 208 245 275
35 52 210 227 243 267 277
35 35 73 121 149 166 218
35 15 46 163 193 270 298
35 7 53 117 118 132 151
35 6 53 87 171 173 191
35 12 35 47 163 174 269
35 2 14 47 170 231
35 64 137 234 235 239
35 13 56 59 137 246
35 29 110 239 272
35 40 49 173 193
35 134 139 266 281
35 126 215 216 298
35 167 206 277 296
35 157 216 238 269
35 65 106 204 248
35 18 122 133 254
35 21 259 265
35 40 51 150
35 8 195
36 15 56 67 72 130 132 141 145 187
36 5 27 137 180 182 216 258 275 277
36 2 18 86 166 184 247 287 288
36 9 13 76 78 111 135 247 294
36 2 4 110 126 170 198 214 249
36 50 88 140 145 212 238 251 289
36 45 53 84 134 280 282 291
36 55 84 129 136 142 221 289
36 5 55 255 263 268 277 284
36 90 94 134 151 210 281
36 11 76 160 225 226 261
36 27 48 82 100 187 277
36 12 131 134 286 296
36 40 66 131 191 291
36 106 222 232 266 279
36 148 149 175 187 292
36 40 145 209 231
36 94 104 164 276
36 5 66 180 274
36 89 155 208
36 173 259 268
36 65 96 101
36 26 50 100
36 10 108 141
36 19 164 247
36 45 66 163
36 206 274
36 107
37 28 44 50 52 59 63 64 82 131 147 159 219 251
37 8 66 95 104 141 157 185 196 208 276
37 10 11 16 35 69 149 220 222 266 296
37 1 29 57 76 137 138 157 180 278 290
37 10 16 22 65 73 200 204 238 253
37 83 98 105 127 154 165 218 224 284
37 7 11 89 177 197 238 254 292 297
37 4 51 62 105 107 135 207 245
37 40 41 42 59 99 241 266 269
37 59 62 124 167 171 231 241 276
37 29 104 138 139 161 173 186 196
37 24 50 61 86 194 214 247
37 4 40 58 63 191 289
37 110 128 233 280 282 287
37 81 92 171 191 227 286
37 19 89 93 108 193 225
37 47 121 135 139 178 281
37 4 144 205 208 219
37 36 76 223 271 280
37 11 83 185 204 258
37 39 120 277 285 294
37 5 92 125 152 264
37 59 122 254 266 292
37 109 210 242 291 294
37 23 216 230 244
37 43 147 205 233
37 127 179 297
37 148 198 222
37 12 72
38 60 61 91 105 147 156 206 219 225 249 274
38 28 62 147 161 185 190 198 229 238 261
38 12 31 65 87 97 145 156 188 225 283
38 36 39 50 71 84 176 190 192 215 217
38 9 24 50 59 81 88 101 261 281
38 28 51 72 76 113 118 253 261
38 20 136 182 210 231 232 237 292
38 36 44 96 101 124 227 249 257
38 121 146 152 154 190 192 243 297
38 84 92 126 130 197 225 251 294
38 8 17 33 59 70 131 167
38 59 115 124 128 155 196 293
38 9 65 72 114 130 258 275
38 5 33 88 141 155 174 281
38 6 60 96 153 156 261 277
38 11 31 49 85 142 172 197
38 50 100 113 220 244 264
38 10 111 118 182 190 224
38 66 118 145 195 196 224
38 54 235 260 263 270 293
38 6 118 162 175 253 270
38 154 163 179 243 257 294
38 24 85 148 235 243 276
38 35 57 207 245 251
38 109 121 156 160 176
38 52 101 112 201 228
38 88 166 171 195 217
38 19 108 206 270
38 121 131 163 226
38 80 148 241 255
38 9 36 44 83
38 70 234 299
38 54 256
38 110
39 23 31 66 88 91 100 160 209 215 234 261 274
39 8 19 46 66 79 94 98 110 180 202 239
39 20 34 41 57 133 143 164 206 238 256
39 24 90 138 186 216 228 230 246 268
39 23 33 56 72 80 130 159 187 254
39 9 72 76 112 136 142 154 222
39 41 43 110 148 157 227 264 272
39 10 71 80 99 151 175 176 274
39 84 88 122 129 194 213 260
39 15 131 157 232 250 268 286
39 54 60 105 138 201 229 231
39 84 108 169 176 186 197 228
39 26 42 67 125 127 189 259
39 0 24 38 53 173
39 1 6 113 117 204
39 43 73 120 189 216
39 34 45 176 272 283
39 36 115 135 138 239
39 44 59 68 113 120
39 7 35 137 232 256
39 121 179 205 260
39 26 137 175 278
39 78 94 204 246
39 198 205 229
39 9 169
39 142
40 11 20 32 36 39 116 118 188 247
40 6 23 50 135 153 178 209 225 261
40 45 61 63 73 111 135 241 255 296
40 16 151 170 186 192 214 225 228 261
40 23 85 88 93 94 178 247 294
40 47 52 69 120 237 265 271 279
40 77 131 139 182 237 270 283
40 51 52 89 95 165 187 244
40 55 84 142 152 227 234 236
40 49 93 188 190 246 269 278
40 6 33 40 78 155 228 236
40 29 65 67 94 210 226 293
40 85 89 123 152 188 253
40 11 35 55 92 263 299
40 36 42 107 142 145
40 1 21 45 87 184
40 121 145 182 257 291
40 4 8 13 138 279
40 34 54 182 268 281
40 13 66 235 256 279
40 82 102 144 181
40 13 59
40 33 277
41 21 44 54 60 68 146 184 231 296 298
41 38 45 87 133 163 239 265 297 299
41 6 14 18 146 167 169 171 175
41 106 156 172 238 239 248 275 295
41 79 175 177 186 225 231 242 252
41 6 32 102 121 156 186 214 227
41 10 44 103 222 230 271 280 291
41 124 139 171 200 226 255 287
41 48 67 104 250 267 277 294
41 8 50 72 85 130 180 274
41 14 16 34 105 136 237 289
41 56 68 158 191 251 279
41 1 49 83 108 211 231
41 12 26 34 104 122 243
41 41 51 100 125 202 251
41 4 95 109 129 142 147
41 1 140 141 230 289
41 7 29 73 79 249
41 6 193 222 248 283
41 44 51 84 112 118
41 92 99 117 123 207
41 5 50 115 205 256
41 3 54 90 149 191
41 73 91 105 223
41 0 25 70 135
41 11 67 76 135
41 2 18 23 249
41 11 114 159 246
41 29 37 92
41 129 148 275
41 95 180 280
41 180
42 3 12 92 125 143 240 264 267 269
42 0 69 143 211 217 232 265 270 286
42 27 50 65 102 140 152 159 168 169
42 43 75 99 122 200 255 274 278
42 1 65 140 153 156 176 234 246
42 25 42 44 85 102 140 157
42 33 66 68 130 162 219 227
42 8 57 100 199 234 255 268
42 15 40 46 121 189 195 200
42 111 129 142 242 274 296
42 6 73 84 175 207 260
42 81 86 101 141 142 262
42 23 60 100 174 260 265
42 12 53 58 248 257 267
42 50 105 135 159 222 292
42 11 48 165 202 207
42 35 114 136 177 234
42 130 168 202 249 268
42 63 206 232 273 294
42 8 42 82 118 172
42 92 113 127 149 160
42 48 88 218 293
42 120 178 187 215
42 10 47 107 264
42 14 29 299
42 161 253
43 70 72 78 115 159 195 229 238 247 260
43 40 116 123 125 131 154 169 172 204 256
43 37 79 85 131 134 137 155 220 292
43 18 53 58 83 106 190 240 268 272
43 14 48 87 107 151 170 197 205 228
43 7 23 38 130 156 208 257 278
43 3 46 61 94 112 144 246 281
43 49 57 88 89 125 205 226
43 18 157 158 184 220 232 236
43 98 118 128 192 210 272 294
43 42 43 150 156 182 264 268
43 13 18 33 37 45 165 258
43 4 25 37 79 159 297
43 95 116 120 154 158 240
43 19 53 83 86 190 236
43 83 98 116 127 141 155
43 114 119 156 180 207 238
43 6 72 95 219 277 295
43 49 71 145 203 247 262
43 11 42 106 230 264 293
43 65 74 100 118 137
43 41 78 102 110 196
43 124 136 188 288 295
43 43 78 98 206 250
43 10 51 70 195 222
43 115 142 223 238 298
43 100 278 279 286
43 90 91 98 225
43 141 195 215
43 96 104 113
43 111 264 291
43 90 167
43 85 281
44 38 80 88 98 111 113 123 150 294 297
44 53 62 111 125 130 195 215 229 264 294
44 18 45 104 139 193 196 236 249 269
44 18 29 111 112 120 126 181 255 273
44 31 54 113 144 187 214 240 295
44 2 61 83 88 169 180 204 246
44 5 123 126 170 196 199 222 281
44 12 114 118 120 138 231 245 277
44 44 57 63 92 141 160 190 207
44 66 73 136 140 146 185 217 261
44 37 85 124 144 217 253 255 294
44 25 81 108 183 213 233 295
44 8 59 81 94 240 250 282
44 51 52 76 200 210 219 225
44 20 48 124 137 140 192 239
44 140 165 190 204 211 240 258
44 55 69 72 161 182 199
44 17 43 178 188 256 272
44 59 199 255 271 291 299
44 26 150 244 266 270 276
44 14 68 111 123 133 291
44 10 28 68 122 166 192
44 10 11 22 82 292
44 1 20 49 147 285
44 52 78 86 220 263
44 143 145 181 184 284
44 54 58 77 186 217
44 29 84 131 283
44 177 232 235 255
44 67 160 217 270
44 2 133 292
44 110 152 156
44 148 156 239
44 236 240 268
44 87 276
45 54 63 72 89 100 102 119 135 141 182 222 226
45 17 29 46 126 132 178 188 211 217 259 280 281
45 14 30 39 42 102 139 161 192 232 264 265
45 28 73 83 109 139 145 150 193 250 264
45 16 56 62 68 91 172 180 229 251
45 4 83 90 203 215 221 243 256
45 53 151 161 178 214 220 288 292
45 49 87 97 146 152 205 276
45 3 78 83 114 224 256 279
45 83 90 93 101 208 271 277
45 9 13 85 166 242 276 290
45 3 36 66 80 114 256 276
45 63 92 137 153 182 199 243
45 39 103 144 220 278 290
45 9 34 59 149 228 253
45 15 41 161 223 238 267
45 4 71 81 209 212
45 2 8 128 182 283
45 11 50 57 106
45 167 181 193 236
45 61 79 92 99
45 79 144 168
45 77 140 194
45 64 217 220
45 196 200 286
45 128 167
46 19 31 58 105 178 262 270 284 288
46 21 52 80 183 196 204 217 294
46 0 82 99 115 175 207 290 291
46 18 56 133 155 170 233 235
46 9 32 38 59 114 152 289
46 58 131 133 184 209 239 243
46 14 81 127 154 272 288 293
46 63 101 167 184 252 272
46 13 70 82 86 175 224
46 78 116 126 136 149 250
46 52 95 111 117 193 298
46 32 75 208 264 282 294
46 0 81 98 164 268 281
46 44 100 113 114 237 240
46 56 153 159 189 270 286
46 78 179 219 266 287
46 101 163 224 283 291
46 11 46 48 64 267
46 201 208 210 241 274
46 28 134 151 157 259
46 207 218 242 280 283
46 89 128 219 230 285
46 90 173 233 285
46 10 100 150 224
46 17 41 198 284
46 103 116 155 186
46 58 266 291
46 80 220 275
46 122 182 277
47 34 49 61 115 181 197 220 224 252 279 294
47 21 37 61 85 101 115 141 154 194 198 230
47 24 49 57 96 160 167 168 221 241 286
47 10 77 85 117 169 195 222 228 288
47 23 30 37 40 60 78 110 203 282
47 30 36 62 68 83 142 148 237
47 78 121 122 141 160 171 174 290
47 1 2 29 37 65 106 117 140
47 54 56 77 134 192 234 258 279
47 44 46 85 97 115 123 125 166
47 15 36 55 119 142 160 259
47 31 134 139 150 229 256 269
47 99 138 144 187 226 229 266
47 0 58 89 210 267 293
47 20 21 86 193 240
47 45 94 163 184 259
47 36 52 150 186 219
47 27 32 36 74 213
47 3 69 196 263
47 98 150 154
47 37 76 292
47 63 118 267
47 9 60 267
47 97 184 234
47 16 72 194
47 63 118
47 96 218
47 117
48 8 10 13 60 87 97 101 127 156 167 177 221 251
48 10 39 43 50 52 83 148 173 198 270 273
48 54 98 114 139 157 172 217 234 247 283
48 63 124 186 217 219 227 248 250
48 13 21 50 59 169 227 276 283
48 24 139 155 196 202 208 221 296
48 27 41 89 142 165 191 249
48 11 39 84 234 235 259 280
48 10 11 30 32 38 198 279
48 4 8 80 124 133 146 248
48 2 94 100 157 168 210
48 68 75 92 120 180 285
48 80 150 154 222 251 253
48 29 69 158 183 214 226
48 8 88 100 120 291
48 6 41 98 261 282
48 74 105 178 204 255
48 31 48 58 65 257
48 8 25 184 222 295
48 65 131 209 285
48 2 38 109 190
48 4 201 266 268
48 22 61 220 279
48 25 34 181 218
48 53 56 76
48 7 78 101
48 6 165 178
48 163 207 297
49 3 4 19 78 81 88 125 128 154 210 217 223
49 21 34 35 39 131 159 201 205 239 256 260 289
49 27 55 76 81 85 100 110 111 125 220 228
49 72 82 93 99 146 200 212 226 243 258 284
49 1 18 115 139 152 177 223 236 272 294 297
49 13 40 65 99 106 123 170 174 265
49 21 235 240 262 268 269 294
49 18 90 104 150 196 209 273
49 25 102 108 150 234 289
49 71 105 189 224 243 293
49 62 128 148 278 297
49 17 44 103 204 241
49 107 116 183 221 229
49 2 29 99 183 209
49 102 141 204 222 239
49 27 133 141 188 298
49 139 183 243 260 292
49 100 114 158 299
49 61 84 192 244
49 107 157 181 189
49 116 217 218 289
49 60 82 112 286
49 111 247 291
49 4 100 171
49 74 204 278
49 27 270
49 21 60
49 278
50 20 26 49 63 64 154 155 162 272 284
50 21 86 119 139 152 166 195 229 267
50 53 87 119 143 162 166 180 212 274
50 29 50 60 133 151 160 187 205 225
50 6 56 60 95 127 190 247 260
50 82 107 164 205 232 263 289
50 35 55 72 101 190 215 271
50 172 186 200 250 258 285 295
50 70 87 88 106 133 231 257
50 25 45 127 181 206 251 296
50 95 159 178 221 281 288
50 11 40 106 145 219 230
50 33 60 107 151 187 273
50 143 168 231 240 255 289
50 46 186 210 215 260 283
50 71 180 264 281 297
50 105 178 210 279 282
50 30 140 202 210 248
50 40 127 164 227 230
50 21 97 230 250 259
50 54 107 110 231 290
50 13 58 197 207 221
50 5 32 62 293
50 44 107 123 237
50 7 159 175 204
50 93 119 157 252
50 22 209 244 288
50 30 75 87 269
50 11 47 133 174
50 43 106 231 286
50 114 200 230 258
50 162 254 262
51 15 94 98 204 216 220 225 228 247 267 288
51 22 51 66 71 86 95 117 153 219 240 258
51 20 60 84 186 187 270 277 296
51 16 131 146 164 186 239 255 284
51 41 58 130 185 220 228 270 285
51 50 71 141 151 178 195 222
51 9 16 133 166 190 217 290
51 41 119 158 180 187 200 212
51 59 109 110 167 231 252
51 20 53 59 111 170 185
51 29 31 85 95 187 252
51 41 86 138 140 254
51 16 61 140 245 296
51 26 72 102 286 288
51 28 63 205 254 276
51 33 48 176 232 254
51 68 118 215 244 271
51 38 43 227 249 269
51 9 42 195 295
51 67 197 273 275
51 38 109 129 144
51 126 205 239 249
51 5 26 107 148
51 149 159 178
51 128 233 245
51 230 271 290
52 19 50 51 78 90 126 134 168 221 286 288 299
52 20 22 48 72 113 129 165 171 190 273 297
52 84 95 107 119 123 216 230 264 273 285
52 8 11 20 41 76 145 207 253 267
52 43 55 68 91 184 231 254 274 294
52 6 7 68 155 158 181 216 236 281
52 56 136 155 164 165 255 257 259 286
52 15 70 85 132 181 188 240 249
52 35 78 107 126 138 163 225 261
52 36 50 85 124 153 156 197
52 14 66 160 166 183 230 242
52 10 40 51 129 205 239
52 48 93 156 177 193 238
52 3 21 85 196 255 285
52 131 133 191 208 255 285
52 1 53 54 148 262
52 24 87 100 159 188
52 2 10 175 185 278
52 30 198 229 289
52 42 265 269 291
52 34 102 132 250
52 63 149 299
52 55 204
53 0 11 19 50 73 84 88 141 201 203 205 220 247
53 91 104 128 181 228 255 260 261 287
53 20 30 90 106 208 226 227 234 275
53 57 120 168 220 224 227 253 263
53 51 151 156 157 177 193 298
53 85 122 196 200 212 220 271
53 3 5 175 202 218 285 291
53 3 5 36 96 132 258
53 20 109 160 166 201 268
53 23 70 131 170 202 240
53 11 65 158 250 273 285
53 6 113 124 196 202 276
53 24 215 246 268 280
53 23 24 38 164 253
53 179 198 225 268 269
53 60 134 204 287 288
53 19 37 88 253 295
53 0 10 41 253 276
53 64 71 188 202 286
53 15 34 78 217
53 18 57 101 299
53 56 104 167 244
53 5 18 177 296
53 72 192 260 296
53 28 87 225
53 11 24 281
53 11 255 279
53 32
54 0 40 51 57 151 212 213 234 238 241
54 8 17 49 82 135 153 166 201 245 276
54 18 21 45 73 85 91 98 115 184 259
54 12 43 86 156 199 212 230 244 265 267
54 15 63 84 105 166 243 271 280 294
54 31 55 124 166 205 230 245 291
54 32 38 60 93 134 149 241 244
54 65 109 113 154 161 167 190 275
54 95 123 178 179 198 199 225 278
54 3 25 125 154 206 267 273 297
54 60 76 85 92 117 173 278
54 9 19 200 224 228 260 277
54 8 102 147 167 229 233 280
54 7 249 253 264 266 279
54 36 111 210 226 251 292
54 98 117 145 146 252 264
54 18 87 139 180 245 266
54 24 128 154 245 263 299
54 25 81 94 130 149 168
54 27 76 142 161 283
54 77 144 146 176 225
54 0 134 150 174 179
54 91 132 233 237 268
54 21 112 136 263
54 111 122 159 202
54 75 90 197 260
54 214 216 221
54 23 56 254
54 218 233
54 121 293
55 4 46 72 141 161 206 224 229 238 242 254
55 1 27 31 36 47 118 128 237
55 4 24 114 123 137 142 188 195
55 7 135 167 172 232 234 289 299
55 21 86 99 108 135 209 273
55 0 77 107 120 183 188 220
55 31 33 59 116 265 267 291
55 9 167 201 205 255 273 297
55 10 49 72 149 223 232 248
55 18 26 133 170 279 289
55 2 12 68 80 158 284
55 43 69 78 148 260 281
55 26 85 114 137 257
55 30 62 120 137 220
55 75 104 154 251 276
55 46 68 121 130 280
55 44 90 96 244 245
55 125 139 212 244 289
55 170 194 213 272
55 10 71 170 296
55 82 115 120 269
55 27 44 213 234
55 119 154 176 244
55 188 232 246 295
55 67 78 159 288
55 11 31 43 229
55 57 181 201
55 109 116 288
55 0 13 287
55 160 163 202
56 32 42 50 71 102 134 146 189 211 228 262 269
56 20 41 45 51 54 86 93 108 111 190 297
56 1 13 24 56 71 101 146 206 230
56 25 66 73 90 96 158 168 188 245
56 26 56 59 121 150 152 179 289
56 59 93 124 144 204 245 277 278
56 46 52 71 120 169 217 220 287
56 20 62 79 107 171 240 283 289
56 16 98 118 167 206 209 260 289
56 24 44 73 214 227 236 276
56 11 14 19 56 94 191 287
56 11 91 142 147 150 201 237
56 4 78 163 172 202 285 292
56 4 16 33 152 203 223 278
56 41 47 212 221 230 238 298
56 33 62 128 142 184 269
56 22 52 113 126 238 298
56 43 86 170 212 231 285
56 32 114 123 152 282
56 47 109 173 200 273
56 103 105 158 173 289
56 10 92 213 228
56 35 38 185 261
56 83 85 136 148
56 30 125 182
56 45 226 249
56 111 177 229
56 212
57 20 31 42 72 99 160 198 212 217 223 253
57 26 52 87 120 129 143 192 215 239 250
57 30 72 114 130 139 185 227 237 238 287
57 14 33 55 127 161 202 222 261 291 295
57 35 41 45 50 79 161 189 196 214
57 2 72 116 157 178 200 213 235 248
57 27 28 85 122 130 161 231 239 253
57 43 101 161 178 239 260 272 292
57 51 62 75 133 162 168 172 221
57 32 95 151 181 227 243 299
57 31 55 108 113 226 275 293
57 7 17 87 115 123 153 222
57 20 84 192 196 236 263 267
57 39 61 112 228 246 277 286
57 8 76 80 220 249 286
57 135 186 245 295 297 299
57 21 69 95 123 180 283
57 143 182 217 219 225 259
57 58 59 88 153 251 285
57 109 150 176 199 285
57 72 92 96 146 242
57 24 95 170 197 291
57 121 153 196 248 249
57 84 189 201 287
57 1 181 234 273
57 134 164 197 296
57 52 66 190
57 161 244 289
57 27 67 230
57 76 114 296
57 71 130 177
57 9 99
57 178 206
57 61
58 51 58 117 139 190 200 205 209 215 239 249 281 286 293
58 12 28 34 82 99 215 228 232 233 288
58 20 23 55 90 95 97 152 269 271
58 83 118 122 159 167 170 174 175 293
58 20 55 75 138 244 254 261 277 298
58 2 96 184 187 220 246 289 299
58 19 173 182 193 202 214 263
58 30 78 97 109 253 286
58 20 62 135 192 194 220
58 9 27 52 174 231 279
58 100 158 175 234 238 257
58 94 153 228 235 248 278
58 24 157 160 164 221 238
58 25 109 152 216 233 271
58 2 50 125 212 227 273
58 171 189 203 250 286
58 18 58 99 215 295
58 50 159 168 191 297
58 16 28 80 199 290
58 37 82 135 150 230
58 0 17 162 181
58 134 140 148 270
58 58 138 197 284
58 105 165 181 188
58 34 235 270
58 112 257 274
58 66 227 280
58 39 85 205
58 233 271 291
59 17 20 26 31 55 64 67 92 142 179 267
59 38 47 52 76 89 135 136 164 240 262 282
59 20 77 78 86 89 92 117 186 206 210
59 2 25 63 87 93 147 200 209 266
59 15 18 52 75 77 133 271 282
59 1 30 51 163 196 206 253 285
59 42 59 97 124 137 147 182
59 43 47 59 166 248 263 294
59 136 140 181 189 270 276
59 71 84 101 152 205 217
59 17 104 142 145 164 288
59 144 167 181 196 219 253
59 56 145 155 195 260 295
59 0 94 153 224 232 243
59 79 130 142 248 256 292
59 77 99 125 152 217
59 15 22 262 267 284
59 10 58 103 197 226
59 0 35 94 149 218
59 37 58 163 228
59 120 171 192 241
59 9 82 217 257
59 31 127 150 246
59 96 106 164 183
59 11 166 173 213
59 143 228 281
59 48 145 210
59 237 250 267
60 2 12 21 53 63 108 147 156 179 232 265 291
60 9 32 58 91 98 104 135 160 201 210 221 279
60 20 87 104 168 174 183 192 214 224 226 245
60 6 21 32 46 59 93 98 99 156 280
60 2 131 144 190 206 233 236 280 295
60 4 39 78 111 157 162 196 202 294
60 44 47 140 146 162 169 218 268 287
60 60 64 76 103 182 257 258 289 298
60 13 49 86 167 188 241 280 290
60 3 11 63 79 82 136 212 252
60 4 29 55 72 88 135 205 231
60 60 84 158 169 196 198 256 287
60 26 141 184 206 226 265 276 284
60 17 35 40 97 111 124 129 143
60 123 126 181 223 237 267 285
60 37 43 44 73 173 212 235
60 45 47 67 88 116 191 259
60 7 79 132 152 163 284 294
60 104 137 154 158 209 248
60 36 62 100 183 228 290
60 8 58 67 112 220 263
60 94 110 156 172 222 252
60 124 143 151 171 231
60 64 96 179 217 254
60 46 140 180 228 240
60 16 35 71 146 225
60 110 141 142 147
60 17 32 211 253
60 5 213 233 254
60 14 166 277 295
60 66 107 211 288
60 74 81 234
60 142 203
61 23 51 55 63 154 156 195 206 220 243 250
61 5 22 80 88 111 193 196 240 244 270
61 4 58 80 86 156 185 204 205 272
61 55 63 80 99 157 164 166 236 273
61 83 84 107 127 199 212 238 256 257
61 17 40 56 60 87 127 239 279
61 12 16 137 182 190 194 195 238
61 62 123 130 163 188 198 268
61 225 229 249 252 257 269 288
61 108 117 120 139 162 198 222
61 41 44 87 276 283 284
61 70 100 111 224 237 247
61 186 187 205 223 246 270
61 5 60 163 189 254 255
61 42 123 153 165 179 213
61 10 45 124 280 290
61 66 72 158 191 287
61 29 41 59 84 217
61 89 132 151 234 244
61 13 179 235 266 273
61 28 148 206 240 295
61 23 24 212 272 276
61 60 86 103 202 211
61 21 102 128 183 204
61 31 133 182 251 252
61 32 91 138 216 267
61 17 72 199 271
61 98 263 268 275
61 68 99 205 253
61 1 49 66 109
61 15 254 278
62 6 10 15 61 99 113 122 135 136 282
62 14 27 39 61 122 141 166 239 242 265
62 57 82 134 162 176 193 223 285 298
62 0 24 90 153 157 176 204 222
62 3 18 28 48 55 85 105 235
62 82 98 149 197 247 275 290
62 39 117 138 156 161 173 207
62 89 161 199 218 260 269 290
62 32 125 159 233 236 285 293
62 4 34 65 67 80 283
62 121 158 175 279 281 299
62 94 110 115 142 202 249
62 80 101 109 173 247 254
62 28 70 96 133 193 277
62 113 209 226 282 287
62 73 90 91 171 232
62 1 76 166 198 274
62 74 202 248 250 275
62 155 183 227 270 288
62 74 87 161 219 246
62 62 85 133 134 258
62 23 24 178 200 236
62 85 108 164 173 216
62 96 227 228 266 275
62 7 131 191 225
62 178 247
63 17 70 80 82 90 135 166 168 170 193 198
63 14 21 30 74 88 110 111 192 223 233
63 18 53 58 77 81 94 98 120 129 286
63 31 54 83 168 188 195 196 224 249
63 49 66 79 92 135 155 184 206
63 23 69 143 160 187 190 219 245
63 93 139 155 183 191 231 232 292
63 39 59 76 93 137 213 224 284
63 27 29 47 86 113 137 242 280
63 14 73 153 156 159 202 256
63 52 101 193 197 214 269 280
63 25 46 48 49 100 130 151
63 20 31 91 96 191 194 197
63 14 73 130 196 222 225 289
63 138 161 162 231 267 285 297
63 13 115 140 151 176 180 217
63 11 61 78 106 110 228
63 98 141 152 217 242 282
63 7 24 37 170 262 291
63 50 76 96 110 167 276
63 49 56 61 236 239
63 122 165 184 291 295
63 14 38 133 134 240
63 23 53 87 212 240
63 19 21 98 146 278
63 162 167 180 235 275
63 2 45 256 269
63 47 269 284 291
63 4 89 155 289
63 89 128 197 299
63 31 58 162 288
63 119 140 154 256
63 55 156 202 290
63 39 50 147
63 26 218
63 29
63 242
64 63 80 110 117 176 199 242 256 266 278 299
64 10 41 43 73 86 126 142 146 149 167 288
64 56 65 119 160 170 183 195 245 249
64 12 40 94 127 135 136 147 215 246
64 71 86 116 131 149 158 176 249 266
64 5 27 66 183 206 214 232 251 268
64 40 106 133 176 190 203 266 267
64 1 43 48 56 90 132 199 290
64 43 76 149 208 232 241 252 272
64 11 118 131 145 216 225 242 294
64 16 23 50 113 133 232 244 252
64 13 58 67 82 103 108 122 282
64 40 52 66 144 219 281 289
64 19 32 85 198 238 241
64 46 71 131 222 248 249
64 7 63 102 218 232 252
64 2 186 215 268 274 279
64 18 78 92 128 131 173
64 44 107 119 122 154 234
64 4 96 134 140 162 197
64 7 168 186 210 273
64 22 23 101 163 205
64 55 88 94 174
64 99 131 245 250
64 42 58 147
64 59 177 257
64 68 261 298
65 1 35 97 114 137 175 229 239 248 287 295
65 55 56 101 145 160 161 180 194 247 273
65 14 40 77 81 151 196 225 267 270 279
65 0 4 78 90 132 164 209 210 267
65 15 55 65 77 188 202 211 266
65 31 64 95 99 121 131 152 221
65 6 9 37 70 73 110 178 283
65 6 46 93 114 123 197 236 248
65 93 142 160 254 262 289
65 21 159 180 187 195 254
65 133 150 189 206 217 223
65 17 67 83 138 150 226
65 17 36 108 160 264 290
65 36 54 122 159 224 241
65 33 81 106 149 202 265
65 17 18 68 165 208 262
65 81 90 217 218 262 264
65 99 176 202 217 272 277
65 8 113 166 170 185
65 1 37 61 177 218
65 23 86 104
65 189 261 288
65 106 126 204
65 46 115 170
65 114 237
65 149 236
66 12 27 43 76 78 92 103 166 179 187 192 267
66 2 14 33 49 74 132 157 190 266 282 290
66 37 57 97 129 138 158 164 198 199 260 265
66 42 43 55 87 111 112 175 178 183 255
66 7 19 51 136 158 226 291 297 298
66 30 62 82 85 178 207 247 266
66 95 97 115 119 194 210 261 264
66 6 64 90 159 160 181 231 282
66 33 40 101 129 140 150 252 280
66 42 74 86 122 135 159 202 289
66 2 9 208 228 237 270 296
66 36 111 134 139 161 164 264
66 10 115 127 133 184 261 292
66 3 9 82 93 228 235 268
66 27 29 47 73 133 161 243
66 106 164 191 206 220 270 272
66 16 91 97 145 165 170 253
66 16 32 56 104 168 194 217
66 20 26 52 70 119 201 220
66 53 63 65 163 179 206
66 67 74 89 173 198 233
66 14 134 222 242 253
66 87 91 102 195 258
66 53 135 146 165
66 11 115 195 229
66 31 64 108 182
66 32 76 103 288
66 9 129 224 228
66 2 32 41 60
66 252
67 18 19 77 98 99 103 154 172 180 182 200 221 228 232 245 253 283
67 9 11 31 73 146 160 161 166 171 187 218 245 252 265
67 45 50 61 78 84 121 158 229 272 293 296
67 24 45 69 70 131 244 252 256 275
67 64 86 122 131 141 183 194 218 249
67 39 47 65 67 75 93 141 262
67 136 171 195 235 257 288 290 298
67 79 92 98 123 134 184 222 294
67 45 205 208 214 217 227 232 278
67 0 12 33 57 64 129 184 279
67 2 30 50 211 229 241 254 267
67 28 60 108 109 131 158 213 270
67 82 88 116 143 177 179 214
67 18 101 114 139 154 252 277
67 21 23 105 109 193 216 233
67 0 7 8 176 198 278 288
67 15 60 90 136 240 245 272
67 103 104 154 202 280 284 291
67 33 113 136 155 168 236 246
67 47 56 83 92 152 159
67 13 142 177 243 260 264
67 65 172 179 225 238
67 21 222 245 247
67 38 48 161 268
67 23 52 135 150
67 105 113 265
67 27 33 144
67 175 223 256
67 188 287
67 60 141
67 116 233
68 47 70 86 139 150 156 215 224 226 244 253
68 9 26 72 78 80 112 184 220 271 272
68 9 25 29 50 52 97 200 263 273 290
68 13 42 52 92 161 194 220 260 265
68 0 14 35 37 63 66 109 149 208
68 1 33 92 107 177 219 220 236 265
68 58 66 72 120 147 215 262 272 273
68 3 70 76 116 149 229 257 280
68 110 172 184 228 249 263 297
68 62 113 166 228 236 245
68 23 134 140 219 244 246
68 25 32 42 136 146 280
68 70 89 112 141 145 201
68 56 71 179 265 278
68 36 46 68 132 175
68 140 167 215 247 254
68 22 52 216 220 228
68 138 195 212 250 283
68 97 152 215 239 270
68 82 94 201 210
68 176 188 226 295
68 5 105 167 210
68 112 253 285
68 46 54 58
68 28 243 284
68 197 220
69 18 74 84 101 112 149 185 190 195 201 221 248 255
69 39 59 68 113 122 130 136 138 139 143 158 179
69 1 4 25 89 109 155 208 209 214 232 246 277
69 48 75 100 116 132 133 163 170 199 205 257
69 18 59 81 88 99 150 154 174 235 254 286
69 39 54 86 89 178 186 224 226 244 280
69 20 46 87 96 133 171 188 206 258
69 66 73 87 97 125 173 177 276
69 60 67 85 132 165 168 218 252
69 73 75 156 162 185 201 273 287
69 18 67 86 125 189 251 269
69 57 137 149 204 225 236 251
69 168 171 224 238 251 265 282
69 4 56 118 134 208 296
69 11 17 25 74 285
69 57 125 153 166 296
69 130 132 188 202 213
69 66 124 180 187 246
69 6 69 235 274 294
69 76 84 217 270
69 83 98 168 215
69 123 210 235
69 70 154 270
69 81 99 109
69 35 154 195
69 48 118 244
70 54 79 81 96 158 186 201 218 219 249 253 255 280
70 86 101 131 146 166 172 174 175 213 231 248 289
70 3 13 45 85 86 95 105 116 126 153 172 252
70 14 25 44 53 119 124 163 168 175 225 264
70 33 53 86 87 95 141 172 176 211 247
70 87 157 178 183 208 215 218 234 254 285
70 51 87 156 161 165 197 200 203 240 290
70 3 31 34 55 71 88 179 184 224
70 18 61 64 74 104 126 161 163 265
70 22 151 167 188 204 214 270 278 280
70 0 10 139 201 214 262 275 276 285
70 43 63 120 168 205 238 257 295
70 68 127 140 183 189 200 246 283
70 71 78 146 155 162 218 248 268
70 2 211 217 234 252 255 294
70 12 68 121 174 203 213 230
70 50 82 84 128 195 275 281
70 80 90 155 193 213 279 298
70 2 20 39 128 148 158 253
70 17 35 126 192 206 219 268
70 64 144 169 230 277 290
70 42 56 90 110 208 259
70 159 203 204 225 226 290
70 0 30 42 102 172 295
70 22 91 114 139 202 298
70 10 66 75 82 160 270
70 26 102 129 194 258 261
70 36 72 76 116 127 249
70 14 84 150 183 228
70 38 111 240 262 271
70 22 76 109 186 287
70 17 205 219 231
70 23 26 60 203
70 34 42 65 256
70 125 171 234 262
70 153 199 208 255
70 34 73 265
70 17 78 298
70 104 293
70 112
71 28 69 70 112 147 158 166 183 205 226 282
71 34 44 54 72 95 97 109 220 261 292 299
71 26 140 151 162 180 194 219 235 266 276
71 96 111 137 173 191 193 196 245 255 299
71 26 67 104 109 215 278 280 293
71 98 104 155 170 213 239 263 295
71 26 74 125 161 187 266 270 285
71 26 85 108 118 177 197 261
71 0 58 75 96 112 238 241
71 25 41 62 106 238 266 294
71 25 51 60 152 181 187 279
71 40 73 75 103 145 161 196
71 4 18 42 80 234 253
71 41 129 184 198 215 227
71 44 82 112 144 232 245
71 23 102 109 144 151 211
71 54 68 100 143 242 288
71 27 102 105 144 197 231
71 4 66 215 244 259 270
71 68 108 160 252 258 259
71 75 121 154 157 169 194
71 9 36 80 102 113
71 8 132 150 227 293
71 50 102 125 148 155
71 27 138 145 242 247
71 36 127 168 223 226
71 42 81 84 89 285
71 217 237 243 283 297
71 39 43 65 155
71 13 51 258 262
71 40 98 207 295
71 169 236 252
71 126 204 282
72 3 19 60 67 71 73 155 173 255 280
72 2 4 28 92 121 160 191 207 238
72 0 40 93 97 121 161 202 267 288
72 26 43 53 102 147 150 206 231 293
72 62 182 184 197 221 229 264 291
72 18 115 119 158 212 231 253 298
72 55 69 86 129 134 168 278
72 65 90 155 168 175 251 274
72 17 117 125 140 145 228 231
72 15 86 205 207 217 270 276
72 29 110 225 251 257 262 268
72 14 102 141 144 167 262 295
72 12 82 192 203 222 255 266
72 52 99 175 226 262 286
72 76 165 189 222 247 283
72 75 138 148 183 207 255
72 141 156 174 237 239 287
72 75 117 131 152 180 182
72 30 160 179 266 272
72 44 129 187 245 256
72 54 91 123 199
72 26 94 236 238
72 67 83 185 251
72 169 197 216
72 2 27
72 135 192
72 229 246
73 5 19 32 49 72 80 118 121 183 297
73 51 99 116 171 189 241 244 267 273
73 39 48 60 198 212 223 243 246
73 3 5 67 82 162 195 213
73 27 125 135 173 221 224 294
73 22 87 101 174 189 262 277
73 47 132 182 238 254 274
73 7 63 96 145 178 204
73 68 74 117 219 255 265
73 1 109 113 203 209 258
73 9 25 30 39 104 129
73 9 105 175 231 291
73 68 69 71 116 194
73 73 190 221 256 257
73 64 89 107 168 217
73 8 28 34 45 119
73 108 185 211 212 271
73 75 233 245 282
73 52 173 203 220
73 49 152 254 281
73 143 160 174 204
73 5 179 188 235
73 22 122 155 199
73 35 127 137
73 1 42 66
73 16 80 147
73 83 250
73 17 272
73 161
74 60 61 168 173 185 188 189 191 213 241 257
74 27 31 85 88 127 130 153 218 259 293
74 13 20 113 118 127 151 165 221 286 289
74 9 15 59 154 158 168 178 203 267 270
74 14 17 34 75 98 133 148 162 263 293
74 14 26 41 46 67 84 86 210 247 256
74 25 70 103 134 209 216 226 260 291
74 15 42 77 128 156 204 234 277
74 81 166 170 203 209 220 224 232
74 72 76 84 129 134 148 169 236
74 4 76 95 123 139 158 203 278
74 9 21 63 77 96 167 185 246
74 71 195 229 240 244 264 282 292
74 13 36 151 176 201 263 273 284
74 99 101 120 134 147 157 200 281
74 8 14 57 84 180 207 208
74 49 56 67 89 96 138 258
74 44 118 168 205 275 297 299
74 113 162 204 216 221 283 293
74 26 73 115 142 145 176 212
74 31 60 111 141 269 280 286
74 57 69 70 182 183 261 279
74 19 92 106 127 143 225
74 22 92 149 151 213 215
74 12 30 45 136 254 291
74 6 157 158 203 216
74 45 50 77 250 286
74 3 48 112 141 250
74 25 132 141 189
74 55 115 185 262
74 37 137 148 270
74 10 11 118 233
74 41 60 159 265
74 98 109 263 296
74 72 103 153 163
74 16 96 108 232
74 16 41 166 167
74 107 186 250 254
74 85 232 267
74 152 158 172
74 209 210 298
74 76 217
74 40 99
74 181 198
75 11 41 76 114 158 173 174 176 279 281 289
75 14 24 34 42 44 131 141 240 249 274
75 36 102 104 140 151 154 196 254 270
75 9 16 78 80 99 174 177 292
75 5 43 49 165 216 246 287 297
75 39 83 96 155 176 178 215 225
75 34 36 37 104 108 139 156 254
75 19 84 110 161 222 258 278
75 9 22 175 178 185 191 202
75 28 30 39 70 108 122 246
75 38 118 185 234 261 277
75 87 103 111 158 226 237
75 40 102 106 115 252 295
75 20 30 62 110 203 249
75 41 63 124 133 150 248
75 6 68 182 200 280 295
75 37 77 171 172 275
75 11 180 223 277 293
75 96 155 157 231 253
75 7 15 76 137 270
75 66 86 187 244
75 110 205 248 271
75 36 68 165 225
75 89 147 195 205
75 48 128 228
76 4 92 101 102 128 155 181 195 247 264 276
76 31 61 62 80 93 104 105 203 218 280
76 22 74 102 117 129 134 163 172 243
76 70 83 101 116 139 158 159 189 289
76 1 3 135 151 160 196 200 211 278
76 1 79 144 149 183 192 206 255 290
76 4 24 45 52 104 111 140 229 286
76 18 47 127 198 238 264 269
76 83 91 114 132 193 247 267
76 143 197 207 209 210 219 253
76 31 80 101 151 199 213 297
76 66 101 109 165 227 232 281
76 12 57 99 188 219 267
76 28 36 100 162 214 249
76 77 122 129 233 239 279
76 9 33 64 68 199
76 36 89 94 191 289
76 60 148 175 208 290
76 33 77 90 106 183
76 18 30 34 100 287
76 42 52 75 174 264
76 29 52 79 106
76 105 134 237 298
76 120 132 179 219
76 58 88 170 246
76 242 247 261 280
76 77 104 200 295
76 132 144 160 299
76 57 78 101 278
76 101 131 161 171
76 6 215 273
76 9 13 149
76 147 287
77 3 19 33 74 106 130 149 163 176 199 209 224 264
77 25 77 81 115 118 183 200 206 248 277 278
77 15 58 135 151 165 168 188 221 226 270 283
77 3 23 53 77 101 145 158 174 248 264
77 12 55 60 87 156 177 196 245 250
77 16 35 44 100 130 144 171 176 284
77 12 20 46 106 125 215 220 254 269
77 63 81 124 203 214 224 244 272
77 16 82 142 149 236 274 279 290
77 39 46 113 118 155 179 197 234
77 66 151 161 163 168 262 284 289
77 23 94 196 198 220 248 259 285
77 18 20 51 130 156 173 228
77 9 10 135 143 239 262 265
77 63 102 119 137 147 148 214
77 72 79 80 156 178 247 275
77 77 126 158 181 225 271
77 36 130 153 170 243 256
77 21 123 163 212 254
77 14 42 71 116 213
77 57 80 177 190 213
77 121 181 218 286
77 19 73 121 288
77 11 35 95 243
77 43 51 115 233
77 42 150 265 270
77 57 82 95 152
77 38 63 167
77 197 242 293
77 9 69 209
77 58 279
78 17 56 67 68 120 178 185 204 217 244 254 261 271
78 2 101 110 148 154 161 167 176 205 256
78 14 15 20 59 73 95 128 251
78 34 68 108 168 181 218 222 234
78 9 56 111 182 221 235 277 298
78 31 138 170 172 272 273 289
78 55 67 89 96 117 278 281
78 33 45 58 119 136 147 164
78 12 73 92 122 189 267 278
78 28 58 66 74 174 193 222
78 49 83 94 108 174 226
78 18 21 72 95 202 272
78 38 44 107 135 232 275
78 86 166 255 261 287
78 26 109 152 179 187
78 19 74 99 118 131
78 20 38 97 212 280
78 83 136 159 180 278
78 29 104 117 211 230
78 3 53 153 261
78 65 80 116 297
78 67 89 162 257
78 33 87 92 148
78 182 263 275
78 59
79 9 25 51 69 79 104 135 140 161 178 181 227 236 253 292
79 102 128 152 195 213 218 220 286 294
79 7 46 47 72 127 174 213 224 251
79 28 71 132 159 167 228 238 270 284
79 4 112 146 164 213 258 267 278 283
79 19 22 61 142 151 177 207 241 293
79 11 14 30 64 98 233 250 251
79 8 62 141 210 214 223 258 282
79 37 69 135 138 222 271 291
79 37 47 86 121 122 195 292
79 32 34 36 113 160 217 261
79 7 16 148 150 160 212 227
79 3 119 136 152 162 188 231
79 1 31 36 91 177 189 262
79 1 31 48 75 114 142 229
79 18 100 154 223 233 270
79 19 62 160 265 279 283
79 105 110 150 162 288 296
79 58 64 199 210 236 257
79 48 72 179 240 249 284
79 79 186 224 225 239
79 40 91 116 145 248
79 45 122 124 125 187
79 39 41 52 152 180
79 180 205 235 240
79 38 116 168 208
79 61 72 265 279
79 28 173 243 266
79 200 233 268 289
79 7 34 181 259
79 153 220 253
79 78 198
79 220
80 3 12 23 27 81 88 101 108 116 128 182 255 256
80 157 159 188 194 214 226 248 279 285 291
80 30 39 55 78 112 150 161 238 297
80 48 50 109 192 226 261 272 277 296
80 41 50 69 136 148 201 239 288
80 25 110 145 178 181 184 268 282
80 15 36 96 163 250 259 264
80 14 87 101 129 229 252 299
80 45 111 112 141 210 213 295
80 60 138 182 209 254 268 281
80 51 84 108 159 234 237 242
80 5 31 64 107 183 252 255
80 30 121 207 219 224 264
80 32 156 210 243 244 293
80 61 90 109 160 176 236
80 37 45 93 132 261 295
80 29 55 113 227 279
80 1 42 143 193 234
80 10 41 70 221 264
80 24 44 54 128 197
80 8 39 174 268 285
80 51 67 112 169 265
80 21 63 247 253
80 38 123 135 294
80 0 147 206 245
80 152 253 294
80 60 153 280
80 213 292 298
80 239 252 279
80 95 177 215
80 3 127 251
80 138 279
81 58 91 129 134 148 154 180 229 243 261 263 292
81 15 39 47 59 70 87 130 224 245
81 57 69 93 140 208 219 229 269 295
81 21 106 109 137 146 172 191 197 257
81 68 87 128 134 155 168 218 250 288
81 28 33 76 90 175 214 230 271 288
81 22 55 78 85 88 114 151 179 262
81 20 30 76 107 159 175 221 239 289
81 17 24 65 68 93 161 207 223
81 29 58 87 95 110 131 184 215
81 23 103 118 160 202 205 269
81 10 43 51 82 106 167 231
81 23 25 112 174 196 233 239
81 36 44 47 70 71 133 270
81 21 92 98 108 201 218 251
81 52 62 97 113 153 197 235
81 14 108 135 145 184 244 278
81 7 15 29 50 150 230
81 52 66 158 211 236 292
81 68 128 135 156 196 254
81 118 162 165 172 237 280
81 29 94 109 138 140 246
81 0 206 242 254 268
81 124 147 173 177 285
81 40 110 119 212 259
81 139 156 246 257 258
81 204 212 224 257
81 22 59 235 284
81 52 122 169 292
81 82 103 241 271
81 30 167 205 299
81 94 176 177
81 95 175 217
81 6 60 122
81 41 276 277
81 125 174
81 59 104
81 8 158
82 65 73 83 97 110 135 137 228 239 244 256 257 258 279 299
82 5 14 40 41 55 56 83 167 262 279
82 2 36 88 98 128 148 170 178 194
82 12 24 61 147 164 208 213 268
82 7 111 137 143 180 210 211 276
82 1 59 114 120 225 241 276 289
82 38 79 96 152 204 229 266
82 22 36 62 156 289 290 296
82 20 80 147 172 187 239 254
82 11 76 96 119 217 244
82 32 46 52 76 140 230
82 1 32 160 199 270 294
82 48 71 93 182 197 293
82 13 56 76 89 111 250
82 12 21 99 134 172 272
82 112 148 189 230 276
82 51 53 123 126 287
82 122 147 168 195 231
82 48 95 203 224 281
82 54 123 152 190
82 49 93 104 263
82 180 240 281 290
82 5 99 274 279
82 5 84 236 259
82 43 194 235 242
82 16 83 185 194
82 68 196 212
82 77 152 221
82 4 53 64
82 25 90
82 87
83 15 55 58 78 94 95 110 147 148 169 180 193 256
83 23 47 51 70 81 90 112 175 225 260 279
83 24 86 97 168 184 189 198 228 260
83 19 102 104 107 166 256 264 271
83 31 57 65 135 148 190 230 297
83 19 141 160 172 232 240 260
83 92 122 132 207 231 245 247
83 21 25 97 104 106 112 274
83 92 107 114 139 202 246 299
83 39 87 95 122 151 280 286
83 6 47 49 91 109 161 183
83 86 162 180 228 265 291
83 5 60 67 178 220 263
83 84 99 102 149 234 284
83 7 182 189 216 248 275
83 55 103 105 197 241 278
83 25 62 87 181 232 285
83 3 87 105 131 217
83 37 185 205 211 213
83 104 117 152 277 286
83 1 119 137 203 212
83 80 177 237 240 294
83 38 141 153 176 275
83 43 71 204 251
83 43 134 226
83 88 248 255
84 0 41 97 149 161 165 167 216 236 260
84 59 100 160 186 205 209 239 243 271
84 0 10 36 113 122 181 220 286
84 128 137 186 194 210 214 234 262
84 13 29 103 127 198 220 234 262
84 159 164 167 186 196 209 225 253
84 12 60 129 151 202 230 287
84 51 57 97 169 223 239 242
84 33 36 79 123 213 241
84 48 53 54 79 265 297
84 38 84 131 151 262 288
84 19 50 66 168 188 202
84 7 63 80 108 116 189
84 27 103 125 212 233 280
84 69 77 89 262 296
84 75 126 158 167 173
84 11 15 74 192 228
84 167 191 198 222 281
84 27 87 93 153 232
84 25 97 98 194 253
84 62 206 226 289 290
84 43 81 100 133 213
84 23 55 69 185 219
84 24 111 184 274 284
84 132 200 258
84 54 81 153
84 171 282 288
85 68 71 128 145 160 208 226 231 269 293
85 6 30 101 124 127 129 168 175 179 189
85 86 133 171 195 216 263 274 281 287 294
85 69 101 146 154 169 242 261 292 296
85 35 53 71 93 118 121 187 200 294
85 47 59 89 148 153 163 168 171 265
85 51 77 123 130 182 197 206 228 275
85 1 50 62 121 144 149 182 210 235
85 61 70 93 107 160 230 251 255 268
85 14 44 59 105 146 159 195 295
85 86 108 147 189 208 210 249 285
85 38 79 97 102 153 197 243 262
85 0 18 68 82 124 218 250
85 26 81 85 150 182 207 225
85 28 51 69 83 169 292
85 28 101 130 191 242 278
85 2 68 199 278 280 287
85 62 133 161 228 240 265
85 94 140 189 246 255 277
85 79 80 100 115 119 237
85 82 171 177 253 292 298
85 16 33 84 149 282
85 12 17 32 126 157
85 0 153 174 216 236
85 47 188 189 227 295
85 1 106 152 265
85 67 97 173 250
85 19 41 49 235
85 67 171 187 220
85 188 241 259 263
85 108 210 211 225
85 67 115 267
85 33 89 186
85 101 214 219
85 82 135 244
86 96 118 141 146 149 155 161 168 190 219 265 293
86 14 29 31 56 57 70 136 238 245 281 284
86 29 35 67 95 140 154 158 174 190 209
86 1 35 42 86 87 191 194 215 239
86 56 77 105 161 183 238 245 249 261
86 10 12 57 73 139 286 299
86 54 110 169 176 207 284 293
86 35 71 136 148 227 269
86 12 86 100 122 264 290
86 39 48 59 65 144 233
86 26 117 150 243 272 280
86 14 25 58 91 237 242
86 71 83 208 241 249 251
86 55 77 115 121 257 282
86 24 51 183 204 226
86 25 40 149 187 201
86 50 74 130 241 297
86 47 138 202 246
86 21 114 190 206
86 70 145 209 226
86 177 202 260 291
86 157 173 228
86 134 152 272
86 117 265 292
86 16 115 214
86 5 51
87 21 45 59 63 109 131 138 163 165 186 221 224 239
87 10 38 69 76 85 104 147 202 227 233 267
87 5 42 69 81 107 111 113 174 296
87 0 34 71 151 162 177 184 209 249
87 20 39 68 123 178 188 192 200 248
87 29 35 110 121 132 139 145 281
87 22 57 74 110 167 230 270 298
87 44 61 89 108 122 147 236 281
87 14 28 43 60 118 141 156
87 1 123 126 134 211 254 284
87 47 62 165 224 226 258 279
87 1 16 57 144 146 263
87 40 55 155 194 239 257
87 29 37 78 96 119 263
87 21 82 105 156 187 297
87 69 91 129 181 284 297
87 21 80 100 165 220
87 83 117 229 272
87 88 182 192 230
87 45 65 202 239
87 17 121 147 174
87 74 76 154 287
87 112 118 209
87 92 176 180
87 70 208
87 108 111
87 269
88 45 47 69 70 73 124 153 160 278
88 11 61 85 151 160 214 262 279
88 5 35 95 139 169 206 226 244
88 25 44 119 124 217 241 251 271
88 68 87 199 219 250 256 276
88 18 58 69 72 109 181 256
88 11 60 71 106 117 146 185
88 76 117 174 191 207 281 291
88 61 124 147 162 231 241 254
88 137 162 221 232 237 259
88 35 36 53 56 98 114
88 33 53 85 139 201 214
88 2 34 84 131 256 261
88 92 95 105 116 255
88 42 47 170 175 180
88 19 46 50 221 275
88 21 210 240 280
88 7 17 128 280
88 49 218 255
88 15 145 204
88 15 47 143
88 74 174 292
88 14 288 296
88 13 64 203
88 47 143 197
88 283 294
88 174
89 34 73 139 151 204 275 284 285 289
89 17 18 59 120 182 186 194 206 259
89 22 92 95 100 118 147 182 191 279
89 20 85 96 151 153 191 221 279 290
89 91 170 172 173 182 191 209 236
89 30 95 110 132 187 205 239 253
89 32 88 105 136 213 238 277 286
89 0 30 59 76 150 250 251 292
89 17 173 216 221 273 292 296
89 1 166 180 188 236 259 281
89 5 8 56 107 121 240 273
89 12 20 33 66 120 231 284
89 2 84 110 181 203 208 222
89 43 127 147 155 156 253
89 59 120 159 174 229 251
89 0 8 28 150 253 296
89 20 167 177 195 202 286
89 8 31 89 99 125 243
89 16 57 154 178 187 288
89 77 106 164 175 238
89 28 43 91 97 210
89 98 114 116 130 248
89 20 61 85 167 172
89 73 146 197 291
89 88 96 160 295
89 46 90 183
89 35 94 296
89 165 222
89 110 154
89 22 267
90 68 75 92 111 145 170 202 206 258 292
90 69 78 85 97 99 109 165 258 263 287
90 5 58 62 79 176 231 257 267 270 279
90 1 4 11 41 71 80 156 185 205
90 78 106 124 139 205 209 232 258
90 52 114 122 156 275 278 280 294
90 68 84 129 136 198 250 253
90 9 39 110 128 192 256 281
90 40 47 48 146 257 281 295
90 7 48 88 147 166 187
90 76 101 135 148 247 281
90 52 84 94 124 161 296
90 11 24 29 73 75 166
90 13 106 115 194 217
90 28 38 142 173 190
90 20 131 153 234
90 37 171 232 249
90 33 85 143 186
90 49 162 174 210
90 130 207 265 284
90 95 96 172
91 22 95 119 122 190 213 227 285 289
91 35 45 53 73 186 227 263 267
91 64 66 86 106 145 182 203 258
91 11 65 85 201 218 231 289
91 74 99 110 173 198 244 255
91 7 136 142 199 200 239
91 4 50 61 88 243 283
91 14 73 155 249 280 286
91 83 110 155 261 273 283
91 32 118 165 174 181 200
91 64 116 149 176 184 193
91 56 57 194 217 263 271
91 15 42 45 60 116 210
91 36 60 95 112 144
91 63 104 191 211 237
91 25 100 125 240 249
91 2 97 135 153 195
91 78 120 158 177 200
91 66 184 231 257 285
91 110 118 124 167 248
91 38 49 218 250 274
91 37 42 175 200 265
91 143 246 290 298
91 113 147 242 259
91 49 130 139 243
91 28 109 168 177
91 44 73 109 225
91 57 168 180 260
91 83 227 261
91 55 87 193
91 70 96 158
91 248 252 276
91 105 286
91 114 154
91 107
92 39 60 98 107 132 141 146 171 200 239 244
92 6 41 72 142 151 165 180 183 277
92 13 14 20 83 189 203 237 249
92 34 84 110 142 145 176 219 270
92 36 62 70 108 147 251 298
92 79 100 196 205 250 253 290
92 67 79 115 160 175 178 270
92 39 48 113 169 233 274
92 9 64 222 229 262 299
92 23 132 199 216 239 291
92 123 203 216 231 256
92 61 62 122 187 273
92 21 180 194 219 266
92 1 9 25 151 279
92 26 164 239 241 295
92 16 19 40 68
92 24 136 146 170
92 42 88 99 111
92 37 101 259 270
92 59 105 158
92 19 209 278
92 194 240
92 188 290
93 18 76 110 123 168 190 206 211 213 272 277 291 293
93 14 38 68 89 110 113 133 153 154 256 298
93 9 30 32 88 108 149 179 194 234
93 9 31 87 95 141 169 233 240 258
93 72 80 121 161 232 241 246 280
93 1 77 96 138 175 190 252 279
93 41 62 106 139 173 283 284 288
93 48 98 111 115 129 155 174 262
93 140 178 218 225 277 279 288
93 29 144 203 206 251 264 293
93 18 45 103 159 223 286 287
93 32 87 106 120 191 262
93 10 17 31 51 68 284
93 8 50 180 239 243 263
93 25 107 115 169 231 232
93 14 35 58 66 234 297
93 2 15 98 160 252 297
93 5 52 156 178 181 246
93 43 53 77 152 274 277
93 4 46 145 253 276
93 12 39 42 159 173
93 1 46 90 260 274
93 32 90 118 177 189
93 73 115 186 191 298
93 117 203 213 223 256
93 21 191 201 237 257
93 110 155 175 205
93 78 129 192 227
93 6 30 77 226
93 40 44 99 260
93 159 168 275 276
93 143 295
93 50
94 47 72 142 150 158 203 215 249 275 276
94 126 136 158 211 216 218 265 272 275 295
94 29 101 116 162 183 231 252 255 289 291
94 73 79 116 143 190 198 245 256 278
94 21 56 132 151 152 175 271 276
94 23 26 101 118 123 171 177 216
94 14 18 91 110 113 188 254
94 85 92 167 170 242 255 259
94 114 164 226 233 251 278 295
94 6 7 63 134 254 255 281
94 79 82 86 254 266 280 295
94 42 74 132 135 138 253 280
94 20 28 52 55 148 246 252
94 13 51 117 127 257 298
94 6 13 20 21 60 99
94 54 89 107 112 171 184
94 22 45 133 228 242 283
94 2 3 55 81 175
94 91 211 232 237 259
94 52 59 60 182 269
94 27 56 62 73 226
94 79 115 174 249
94 110 172 189 269
94 2 29 148 226
94 29 71 75 79
94 22 114 188 210
94 75 262 280
94 35 150 197
94 37 50 155
94 175 179 259
94 54
95 7 52 66 80 94 147 172 190 202 212 244 260 284
95 105 158 175 183 201 209 215 223 225 285
95 23 59 80 97 114 154 157 259 263 268
95 21 42 103 115 127 149 176 213 259
95 47 116 171 178 188 218 231 232 287
95 57 62 87 97 105 111 168 223 281
95 44 83 93 131 132 167 252 269
95 15 18 46 79 133 136 247 291
95 15 31 56 109 214 251 257
95 6 108 141 215 237 249 294
95 72 75 82 122 143 205 296
95 46 100 115 151 166 184 294
95 22 69 82 113 173 196 263
95 55 138 159 174 238 251 259
95 61 93 126 156 175 230 275
95 5 66 90 110 187 198 257
95 62 67 125 128 160 279
95 5 39 105 138 155 189
95 24 71 171 244 262 271
95 86 102 147 183 191 297
95 96 99 111 116 198 199
95 17 59 61 91 245 259
95 36 66 68 231 282
95 35 69 122 203 291
95 32 36 51 232 233
95 13 194 196 252
95 114 164 228 235
95 15 145 164 236
95 121 167 199 263
95 4 11 41 277
95 177 182 188 242
95 91 136 212
95 6 21 29
95 128 218
96 0 41 120 138 153 162 163 202 221 241 251
96 12 106 144 175 203 215 217 219 278
96 3 21 98 162 175 192 257 264
96 17 42 63 84 131 190 225 237
96 23 28 116 143 201 208 210 266
96 38 48 49 166 210 244 276
96 11 33 70 138 158 255 286
96 4 61 73 85 154 179 243
96 25 35 97 105 129 189 229
96 25 116 148 239 265 286
96 3 62 190 236 279 292
96 1 61 92 112 196 235
96 25 67 161 181 223 285
96 37 49 81 159 254 297
96 139 145 170 172 207 267
96 14 137 184 227 240
96 45 197 198 253 288
96 0 5 142 267 270
96 29 40 51 60 186
96 2 18 19 179 185
96 6 33 147 265 275
96 26 147 156 237
96 54 109 181 268
96 240 256 275 290
96 47 109 132 260
96 23 121 216
96 15 62 233
97 54 78 108 120 151 183 239 244 254 265 278
97 26 33 131 133 153 160 207 228 242 293
97 6 57 63 82 108 121 143 209 273
97 29 132 140 147 150 186 195 244 259
97 37 50 70 125 126 208 226 294
97 13 68 75 122 146 175 248
97 9 12 177 190 240 250 267
97 1 13 24 75 91 121 251
97 4 108 109 159 233 244 281
97 91 126 130 134 160 234 289
97 27 29 65 82 226 277 297
97 21 38 44 65 168 189
97 25 72 100 167 200
97 32 153 182 217 287
97 38 115 214 247 295
97 57 80 175 193 225
97 40 69 70 230 288
97 4 19 71 110 216
97 44 49 188 195 201
97 74 113 188 193 198
97 48 56 223 279
97 4 130 224 292
97 225 231 247 278
97 31 71 108 218
97 23 89 146
97 2 170
97 25 277
97 183 206
97 18 272
98 4 36 44 67 69 83 191 199 215 228 232 254 272
98 46 93 128 136 175 187 196 197 239 269
98 2 7 16 19 22 45 71 92 114 275
98 25 35 76 77 99 119 133 223 281
98 9 63 83 123 149 162 167 179 286
98 80 89 98 116 125 184 249 270
98 53 123 129 130 267 281 291 296
98 30 46 66 79 156 178 238 292
98 15 107 113 124 140 160 183 202
98 37 44 52 87 193 203 298
98 28 38 113 141 156 157 183
98 27 43 51 65 108 283
98 17 54 177 232 264 281
98 31 43 67 125 281
98 2 102 242 256 267
98 58 120 205 208 273
98 83 142 166 173 177
98 149 150 212 259 298
98 49 110 176 232 293
98 7 150 156 299
98 21 208 232 271
98 116 179 225 250
98 37 193 233 265
98 143 152 157 194
98 45 87 213 294
98 48 291 293
98 15 152 202
98 25 194 196
98 100 147 161
98 86 207 255
98 66 93 272
98 167 216
98 115
99 3 5 9 83 85 107 165 173 187 218 236
99 1 40 64 66 74 141 154 170 189 190 260
99 65 93 101 112 169 211 222 252 279 289 295
99 27 56 74 88 112 137 175 256 284 286
99 15 30 36 41 74 165 194 207 272
99 53 64 84 101 204 240 249 289
99 12 34 79 101 108 133 290 299
99 11 27 49 104 119 177 180 239
99 13 74 138 148 164 182 221 278
99 43 49 64 65 133 286 295 297
99 16 44 55 95 114 135 181 234
99 46 75 91 126 134 152 203 279
99 29 106 119 149 167 217 246
99 33 37 163 214 219 242 252
99 9 113 117 120 176 286
99 2 22 64 174 218 219
99 47 129 177 183 209 269
99 65 80 97 195 251 262
99 157 206 234 243 252 284
99 54 138 165 199 201 220
99 13 122 208 219 242 285
99 66 160 280 282 285 293
99 36 125 139 149 158 190
99 1 134 170 231 274 279
99 68 98 124 179 234 261
99 67 127 228 237 239
99 20 25 60 79 182
99 84 107 263 282 291
99 96 167 204 235
99 59 102 241 278
99 5 125 221 269
99 24 35 43 242
99 7 87 251 266
99 136 191 272
99 65 178 225
99 111 161 240
99 104 234 259
99 116 131 281
100 17 31 34 45 51 100 114 171 195 263 267 293
100 6 9 47 57 74 78 125 135 177 184 221
100 29 46 48 57 78 183 238 290 293
100 24 50 65 88 111 122 163 181
100 19 22 26 53 89 145 189 213
100 32 43 60 79 137 153 201 293
100 192 213 218 219 238 261 291
100 2 103 169 231 252 258
100 26 203 222 278 281 299
100 75 117 151 287 291 295
100 0 6 39 41 66 128
100 54 124 134 173 281 291
100 35 102 153 167 260 268
100 16 54 131 137 280
100 77 99 106 109 220
100 10 15 22 244 292
100 85 226 231 258 290
100 61 97 204 244
100 105 122 123 263
100 78 83 198 282
100 152 178 261 262
100 92 235 250
100 163
