265 3558
996 0 1 2 3 4
980 5 6 7 8 9 10 11
996 0 1 2 3 4
961 12 13 14 15 16
980 5 6 7 8 9 10 11
959 17 18 19 20 21 22 23
279 0 3 4
980 5 6 7 8 9 10 11
279 0 3 4
980 5 6 7 8 9 10 11
915 0 16
637 0 7 8 16
1348 5 6 7 8 16
727 12 13 24 25
1081 0 7 8 9 10 11
980 5 6 7 8 9 10 11
747 26 27 28 29
769 16 22 23 26 27
973 0 24 25 30 31
959 17 18 19 20 21 22 23
40 22 23
767 31 32 33 34 35 36 37
678 3 4 14 15
233
383 0 30 31 34 35
646 0 30 38
609 12 13 16 26 27
584 38 39 40 41 42 43
263 14 15 16
755 3 4 32 36 37 40 41
555 3 4 22 23 39 44
922 0 30 31 34 35
575 16 26 27
852 0 3 4 38 39 40 41
1034 0 7 8 16 30 44
932 0 3 4 7 8
761 3 4 5 6 38 39 40 41
536 38 39 42 43 45 46
690 38 39 47 48 49 50 51 52
474 26 27 30 38
755 3 4 32 36 37 40 41
488 3 4 22 23 39 44 49 50
473 30 38 39 44
857 0 16 42 43
543 0 3 4 53 54 55 56
766 0 3 4 53 54 57 58 59 60
1184 0 1 2 7 8 16
914 0 30 61 62
349 0 7 8 55 56 62
946 0 7 8 47 48 55 56 62
637 0 7 8 16
821 0 3 4 40 41 42 43
1358 0 16 30 61
679 7 8 17 18 39 55 56 61 62
690 7 8 17 18 57 58 61 62 63
696 16 17 18 26 27
1032 5 6 16 26 27 55 56 62
822 55 56 57 58 59 60 61 62 63
834 3 4 57 58 61 63
701 26 27 28 29 57 58
745 7 8 16 32 36 37 55 56
788 3 4 39 53 54 55 56 59 60 61
902 26 27 47 48 55 56 57 58 62
511 14 29 55 56 64 65
502 22 23 47 48 49 50
927 38 39 45 46 61 62 63
669 7 8 39 44 55 56 62
787 28 29 39 61
712 42 43 49 50 64 65
420 53 54 55 56 66 67
681 39 49 50 55 56 61 62 66 67
790 16 26 27 55 56 61 62 63
1021 16 30 44 61 63
701 32 34 35 36 37 62
811 24 25 40 41 59 60
663 22 23 45 46 59 60
701 49 50 59 60 64 65
378 3 4 26 27
439 3 4 26 27 64 65
556 31 32 33 34 35 36 37 55 56
731 3 4 32 36 37
1092 12 13 57 58 61 62 63
846 42 43 49 50 57 58 61 62 63
992 26 27 47 48 55 56 57 58 62
769 0 34 35 55 56 59 60 62
977 49 50 55 56 59 60 61 62 63
936 12 13 26 27 55 56 57 58 62
807 5 6 7 8 55 56 57 58 62
527 39 55 56 61 62
699 39 42 43 45 46 55 56 61 62
1175 26 27 55 56 62 66 67
956 39 47 48 49 50 55 56 61 62
723 26 27 55 56 62 64 65
732 12 13 24 25 26 27 62
441 5 6 7 8 38 39 62
1055 38 39 42 43 61 62 63
1163 31 39 55 56 61 62 63
1263 17 18 26 27 38 39 62
892 0 7 8 57 58 59 60 62
936 47 48 55 56 57 58 61 62 63
1164 17 18 55 56 61 62 63
911 39 42 43 45 46 61 62
1424 39 61 62 66 67
1211 16 26 27 61 62 63
747 0 3 4 53 54 57 58
852 0 3 4 42 43 53 54
241 3 4 57 58 61 63
614 3 4 32 34 35 36 37
723 3 4 55 56 59 60 61 63
606 3 4 22 23 26 27
650 3 4 39 45 46 61 66 67
749 3 4 40 41 59 60 61 63
672 30 38 39 53 54 61
1149 26 27 30 38 55 56
1041 0 30 31 38 39
707 7 8 16 42 43 61 63
844 16 26 27 33 61
823 16 45 46 55 56 59 60 61 63
965 0 16 66 67
607 24 25 53 54 55 56 59 60
543 0 3 4 53 54 55 56
766 0 3 4 53 54 57 58 59 60
1020 0 1 2 30 31 38 39
560 0 3 4 7 8 32 68
110 0 30 38
879 0 30 34 35 61 62
743 0 3 4 18 61 63 69
428 0 7 8 30 38
877 0 31 55 56 57 58 59 60 62 63
909 0 3 4 38 39 53 54
879 0 30 34 35 61 62
840 0 3 4 30 61
1028 0 7 8 16 30 61
1257 11 17 18 39 61 68
483 7 8 16 17 18 61 63
636 17 18 26 27 38 39 62
980 5 6 7 8 9 10 11
1348 5 6 7 8 16
1137 31 55 56 57 58 59 60 63
644 26 27 30 44 57 58 62
895 34 35 51 52 55 56 59 60
748 24 25 40 41 55 56 59 60
837 38 39 45 46 55 56 59 60 61 62 63
1111 16 26 27 32 55 56 68
511 14 29 55 56 64 65
502 22 23 47 48 49 50
927 38 39 45 46 61 62 63
604 30 39 44 55 56 61 62
577 30 39 44 55 56 61 62
667 39 42 43 49 50 55 56 61 62
872 38 39 40 41 61 62 63 66 67
636 45 46 55 56 61 62 63 66 67
923 57 58 59 60 61 62 63
721 32 61 62 63 68
628 7 8 57 58 61 62 63
830 36 37 62 70
339 22 23 40 41 59 60
839 39 53 54 55 56 59 60 61 62
636 3 4 49 50 59 60 61 63
752 24 25 26 27 62
1030 16 26 27 30 61
517 38 39 51 52
814 16 26 27 32 55 56 68
731 3 4 32 36 37
825 34 35 36 37 62 70
582 0 11 42 43 68
936 12 13 26 27 55 56 57 58 62
824 0 42 43 57 58 62
968 47 48 49 50 57 58 61 62 63
1190 17 18 34 35 61 62 63
980 0 34 35 59 60 62
1020 0 30 55 56 61 62
328 55 56 57 58 61 62 63
704 14 15 55 56 57 58 62
384 26 27 55 56 57 58 62
723 24 25 55 56 61 62 63
942 39 49 50 55 56 61 62 66 67
980 39 49 50 55 56 59 60 61 62
877 0 7 8 55 56 59 60 62
747 12 13 22 23 26 27 62
527 0 7 8 38 39 62
1052 17 18 26 27 38 39 55 56 62
1232 26 27 38 39 47 48 62
1194 0 32 62 68
579 12 13 26 27 62
595 26 27 57 58 62
1136 39 47 48 55 56 61 62
1220 17 18 26 27 55 56 62
908 42 43 45 46 61 62 63
1421 61 62 63 66 67
1211 16 26 27 61 62 63
758 3 4 53 54 57 58 61 63
803 3 4 38 39 53 54 61 63
380 3 4 5 6
917 3 4 57 58 61 63
660 3 4 45 46 55 56 59 60 61 63
957 3 4 26 27 55 56
789 3 4 42 43 61 63
714 3 4 47 48 57 58 61 63
711 16 26 27 32 33 61 68
937 30 38 39 53 54 55 56 61
708 30 38 39 44 51 52 55 56
892 30 31 55 56 57 58 61 63
861 0 7 8 16 55 56
886 31 33 39 55 56 61
722 28 29 39 61
784 5 6 7 8 16 55 56
972 16 26 27 47 48
783 24 25 47 48
599 0 3 4 17 18 38 39
873 0 3 4 38 39 49 50
740 0 1 2 7 8 57 58 62
976 0 16 32 33 61 68
938 0 22 23 30 31
1028 0 7 8 16 30 61
998 0 16 18 32 36 37 69
547 0 7 8 30 44 55 56 62
575 0 3 4 7 8 30 61
1028 0 7 8 16 30 61
1276 0 47 48 55 56 62
1078 0 7 8 16 32 68
1286 0 30 31 38 39
679 7 8 17 18 39 55 56 61 62
690 7 8 17 18 57 58 61 62 63
1310 11 17 18 26 27 68
805 5 6 31 55 56 57 58 62 63
227 57 58
857 44 55 56 57 58 62 63
496 26 27 30 44 55 56 57 58 62
316 14 29 34 35
191 47 48 55 56
817 39 45 46 55 56 59 60 61 62
576 14 15 55 56 71 72 73
971 16 26 27 30 55 56 61
421 38 39 51 52 55 56
881 38 39 47 48 51 52 55 56
1051 38 39 49 50 51 52
847 7 8 30 38 39 44
841 7 8 30 38 39 61
664 42 43 49 50 55 56 61 62 63
700 40 41 55 56 61 62 63 66 67
649 45 46 57 58 61 62 63 66 67
913 38 39 62 66 67 74 75
710 3 4 53 54 57 58 59 60 61 63
853 30 31 34 35 61 63
682 32 36 37 55 56 62
1017 16 47 48 49 50 61 63
1020 16 40 41 59 60 61 63
906 16 45 46 59 60 61 63
683 14 15 62
648 16 26 27 32 33 61 68
771 26 27 32 62 68
747 26 27 28 29
866 39 44 51 52 62
369 16 32 36 37 55 56
610 3 4 32 34 35 36 37
654 34 35 36 37 55 56 62 70
808 11 39 44 68
508 17 18 26 27 57 58 62
807 5 6 7 8 55 56 57 58 62
1203 26 27 47 48 57 58 62
1070 34 35 36 37 62 70
995 5 6 34 35 55 56 62
870 45 46 55 56 59 60 61 62 63
440 17 18 39 55 56 61 62
758 0 55 56 57 58 59 60 62
995 5 6 34 35 55 56 62
831 42 43 49 50 55 56 61 62 63
809 0 42 43 55 56 62
909 16 26 27 55 56 61 62 63
985 32 36 37 55 56 62
1157 55 56 59 60 61 62 63
618 5 6 7 8 22 23 62
599 17 18 38 39 61 62 63
965 12 13 26 27 38 39 55 56 62
1020 26 27 38 39 47 48 55 56 62
1043 42 43 49 50 61 62 63
1208 17 18 38 39 61 62 63
893 45 46 57 58 59 60 61 62 63
1190 17 18 34 35 61 62 63
580 26 27 55 56 62
935 24 25 61 62 63
1109 39 45 46 61 62 66 67
1434 47 48 61 62 63
705 3 4 39 40 41 42 43 61
720 3 4 39 53 54 55 56 59 60 61
830 3 4 17 18 26 27 38 39
610 0 3 4 7 8 57 58 59 60
793 3 4 5 6 34 35
435 3 4 26 27 55 56 64 65
606 3 4 24 25 26 27
647 3 4 45 46 61 63 66 67
966 3 4 26 27 47 48
711 16 26 27 32 33 61 68
937 30 38 39 53 54 55 56 61
708 30 38 39 44 51 52 55 56
892 30 31 55 56 57 58 61 63
750 0 7 8 16 55 56 59 60
263 26 27 55 56 71 72 73
889 45 46 60 61 63 76
633 16 26 27 33 55 56 61
858 16 47 48 55 56 61 63
865 16 42 43 74 75
835 16 47 48 74 75
838 16 26 27 47 48 55 56
558 24 25 45 46 66 67
594 0 3 4 49 50 66 67
796 0 3 4 53 54 57 58
907 0 1 2 30 31 55 56
658 0 19 20 21 32 55 56 62 68
595 0 16 68 70
977 0 30 38 39 44 62
620 0 32 55 56 62 68 69 77
498 0 7 8 62
530 0 3 4 7 8 30 44
717 0 31 57 58 62 63 78 79
781 0 3 4 53 54 55 56
872 0 30 57 58 61 62
402 17 18 19 20 21 55 56
790 17 18 19 20 21 55 56 61 62 63
952 17 18 55 56 61 62 63
805 19 20 21 55 56 80 81 82 83
1096 38 39 53 54 80 81
826 12 13 69 77 80 81 82 83
723 3 4 5 6 53 54 57 58
443 30 44 55 56 57 58 61 62 63
433 53 54 55 56 57 58 59 60
885 51 52 55 56 57 58 59 60
948 34 35 80 81 82 83
1075 16 32 36 37 55 56
788 3 4 39 53 54 55 56 59 60 61
538 14 15 55 56 57 58 62
674 26 27 30 55 56 61 62
299 34 35 51 52 55 56
765 3 4 18 39 55 56 61 82
938 22 23 49 50 59 60
560 22 23 53 54 78 79
674 38 39 42 43 53 54
1050 38 39 49 50 51 52 66 67
1033 38 39 62 74 75
989 39 47 48 55 56 61 62
352 39 61 71 72 73
647 3 4 42 43 49 50 61 63
700 40 41 55 56 61 62 63 66 67
649 45 46 57 58 61 62 63 66 67
913 38 39 62 66 67 74 75
714 3 4 40 41 61 63 66 67
1021 16 30 44 61 63
830 32 36 37 62
801 38 39 47 48 49 50 61 62 63
732 40 41 55 56 59 60 61 62 63
672 45 46 57 58 59 60 61 62 63
880 38 39 59 60 62 74 75
567 26 27 38 39 62
391 26 27 71 72 73
738 51 52 78 79
659 32 68 69 77 84 85
844 0 32 62 68
1020 16 36 37 70
1020 16 36 37 70
1035 0 30 57 58 61 62
859 0 7 8 55 56 57 58 62
855 0 7 8 57 58 62 66 67
970 0 57 58 59 60 62
799 32 34 35 36 37 55 56 62
1182 34 35 59 60 61 62 63
852 0 30 38 39 55 56 61 62
936 12 13 26 27 55 56 57 58 62
807 5 6 7 8 55 56 57 58 62
735 55 56 61 62 63 78 79
963 39 53 54 55 56 61 62 66 67
959 39 40 41 55 56 59 60 61 62
959 39 40 41 55 56 59 60 61 62
1217 18 26 27 55 56 62 82
746 40 41 61 62 63 78 79
895 19 20 21 55 56 59 62 86
904 0 38 39 55 56 59 60 62
1015 0 38 39 55 56 62
915 0 7 8 38 39 55 56 62
910 0 7 8 38 39 62 66 67
715 39 44 62
922 0 30 44 62 69 77
450 5 6 7 8 62
1406 26 27 57 58 62
955 0 55 56 59 60 62
1181 5 6 55 56 62
715 39 44 62
1244 39 49 50 61 62 66 67
1260 39 40 41 59 60 61 62
891 3 4 39 40 41 44
732 0 3 4 53 54 55 56
738 0 3 4 17 18 38 39
800 3 4 7 8 12 13 77 82
821 0 3 4 57 58
632 3 4 26 27 47 48 55 56 57 58
777 3 4 18 39 55 56 61 82
435 3 4 57 58 61 63 78 79
792 3 4 39 42 43 61
734 3 4 39 47 48 49 50 61
911 3 4 47 48 61 63
966 3 4 26 27 47 48
711 16 26 27 32 33 61 68
937 30 38 39 53 54 55 56 61
927 0 30 34 35 38
1104 30 31 57 58 61 63
838 16 26 27 30 55 56 61
278 26 27 57 58 71 72 73
1083 39 46 61 71 72
940 31 33 38 39 61 63
722 28 29 39 61
999 16 17 18 26 27 55 56
958 16 26 27 66 67
663 24 25 55 56 59 60
605 0 3 4 53 54 57 58 59 60
555 0 3 4 55 56 59 60
894 0 3 4 38 39 53 54
1019 0 1 2 30 31 87 88
1158 0 1 2 71 72 73
1078 0 7 8 16 32 68
964 0 62 68 70
663 0 30 31 87 88 89 90 91 92
885 0 30 34 35 44 62
450 0 57 58 69 83
752 0 18 38 39 51 52 69
1038 0 69 82 83 88 93 94
1078 0 7 8 16 68 70
1081 0 7 8 9 10 11
1034 0 30 38 62 77 87
796 0 3 4 53 54 57 58
1018 0 30 38 53 54 55 56
1285 0 30 31 87 88
1450 0 7 8 16
943 17 18 38 39 51 52
483 7 8 16 17 18 61 63
974 17 18 34 35 61 62 63
934 16 44 63 80 81 95 96
665 69 77 80 81 82 83 91 92
1054 38 39 40 41 80 81
783 12 13 16 26 27 51 52 55 56
665 12 13 19 20 21 51 52 91 92
849 12 13 16 26 27 89 90 91 92
1020 12 13 19 20 21 55 56 82 83
600 5 6 62 87 88
536 5 6 7 8 16
1003 40 41 66 67 87 88 91 92
946 16 32 61 63 68 91 92
848 31 33 38 39 61 63 91 92
830 30 31 38 39 44 63 91 92
794 61 62 63 91 92 93 94
1055 16 36 37 70 91 92
794 3 4 59 86 91 92
913 14 15 16 91 92
480 3 4 26 27 30 44 91 92
546 64 65 89 90 91 92 93 94
764 34 35 87 88 89 90 91 92 95 96
1018 47 48 57 58 89 90 91 92
1149 34 35 47 48 82 83 91 92
872 7 8 16 18 61 63 82 91 92
229 3 4 57 58 61 63
1077 31 57 58 59 60 63 91 92
738 53 54 57 58 59 60 87 88 89 90 91
670
951 26 27 30 44 57 58 62 87 88
430 57 58 59 60 89 90 91 92
612 57 58 89 90 93 94
961 34 35 51 52 55 56 78 79 95 96
643 34 35 59 60 89 90 91 92
471 16 32 33 36 37 55 56 61
817 40 41 55 56 59 60 87 88
562 39 45 46 55 56 59 60 61 62
1111 14 29 55 56 69 77 82 88
580 16 26 27 32 55 56 68
605 16 26 27 55 56
729 3 4 39 44 51 52 55 56
1039 3 4 55 56 61 63 95 96
127 55 56 71 72 73 77 82
867 93 94
552 31 39 87 88 89 90 93 94
778 40 41 87 88 93 94
747 53 54 57 58 89 90 91 92 93 94
746 39 45 46 55 56 61 62 93 94
867 19 20 21 87 88 89 90 91 92
1189 18 26 27 55 56 62 82 87 88
895 53 54 57 58 59 60 87 88
965 38 39 45 46 87 88 89 90 93 94
631 22 23 47 48 49 50
305 49 50 78 79 89 90 91 92
1149 38 39 66 67 89 90 91 92
822 38 39 47 48 53 54 55 56
536 38 39 49 50 55 56 61 62 63
598 39 44 62 87 88
1295 39 44 69 88 89 90 91 92
608 11 39 61 68
859 3 4 39 42 43 45 46 61
859 38 39 42 43 49 50 51 52
562 38 39 40 41 66 67 87 88 89 90
907 38 39 53 54 66 67
741 16 45 46 61 63 66 67
702 55 56 62 66 67 74 75
1065 31 39 61 62 63 91 92
598 16 32 61 63 68
360 3 4 7 8 61 63
858 16 36 37 70
794 47 48 49 50 51 52
622 38 39 40 41 51 52 59 60
733 3 4 53 54 57 58 59 60 61 63
818 53 54 57 58 59 60 89 90 91 92
882 38 39 45 46 59 60 87 88 89 90
548 49 50 51 52 59 60
378 14 15 57 58 62
1036 3 4 26 27
708 16 26 27 30 44
723 34 35 51 52 78 79 95 96
556 31 39 51 52 91 92
673 32 36 37 69 84 85 88 91 92
499 0 32 55 56 62 68
634 36 37 55 56 69 70 84 85 88
720 34 35 36 37 55 56 62 70
992 0 11 34 35 68
918 49 50 57 58 59 60 61 62 63
720 26 27 57 58 62 66 67 91 92
594 45 46 55 56 57 58 59 60 61 62 63
968 26 27 55 56 57 58 62 78 79
885 47 48 49 50 57 58 61 62 63
901 57 58 59 60 62 74 75
937 0 12 13 34 35 62
1158 34 35 55 56 59 62 86
559 34 35 47 48 61 62 63
614 97 98 99 100 101 102 103 104
805 0 1 2 3 4
969 0 55 56 71 72 73
912 0 3 4 47 48 49 50
863 0 1 2 69 83 91 92
828 0 1 2 7 8 30 38
682 0 1 2 7 8 71 72 73
770 0 7 8 32 62 68
650 0 11 68
1147 0 30 31 34 35 89 90 91 92
1020 0 30 38 99 100
586 0 69 80 81 83
878 0 30 44 55 56 62 69 77
523 0 69 88 89 90 91 92
560 0 7 8 62 87 88
634 0 7 8 30 44 57 58 62
1249 0 62
1219 0 55 56 59 60 62
1019 0 31 39 62 87 88
914 0 32 62 68 87 88
1038 0 30 61 62
467 0 69 82 83 88 93 94
955 17 18 38 39 51 52
1123 17 18 39 55 56 61 62
1123 7 8 16 17 18 61 63
387 7 8 16 17 18 61 63
554 42 43 80 81 95 96
966 3 4 30 44 77 80 81 82
806 47 48 55 56 80 81 101 102
934 66 67 80 81 91 92 101 102
800 45 46 66 67 80 81
855 12 13 25 95 96 104
808 12 13 24 25 89 90
805 3 4 7 8 12 13 77 82
850 5 6 31 55 56 57 58 62 63
847 3 4 5 6 38 39 53 54
960 5 6 7 8 55 56 62
612 5 6 7 8 62 87 88
850 31 33 86 91 92 101 103 104
839 40 41 42 43 103 104
889 66 67 69 86 88 91 92 101
463 45 46 66 67 87 88 91 92
465 30 44 57 58 61 62 63 91 92
858 31 57 58 59 60 63 91 92
840 34 35 38 63 89 90 91 92
725 34 35 61 62 63 91 92
809 7 8 16 36 37 70 91 92
731 25 59 91 92 102 104
569 14 29 87 88 91 92 101 102
941 16 26 27 32 33 61 68 91 92
805 16 26 27 33 61 91 92
910 34 35 51 52 66 67 91 92 95 96
1018 69 77 87 88 91 92 95 96
971 47 48 57 58 89 90 91 92
1021 31 39 87 88 89 90 91 92
973 71 72 73 77 82 91 92
394 45 46 66 67 82 88 91 92
459 57 58 61 62 63
486 31 57 58 59 60 63 91 92
298 40 41 57 58 59 60 87 88
335 26 27 55 56 57 58 62
660 57 58 89 90 91 92
418 34 35 59 87 88 102
579 34 35 95 96 97 98
556 34 35 87 88 89 90
898 32 36 37 55 56 69 84 85 88
788 55 56 59 60 87 88 99 100 101 102
1079 3 4 39 53 54 55 56 59 60 61
902 55 56 59 69 86 88
464 26 27 47 48 55 56 57 58 62
436 3 4 26 27 30 44 55 56
454 26 27 55 56 64 65 71 72 73
538 51 52 55 56 66 67
895 55 56 66 67 95 96
880 55 56 61 62 63 95 96
807 7 8 55 56 62 77 82
845 45 46 55 56 82 88 93 94
836 22 23 40 41 55 56 60 101
771 19 20 21 87 88 89 90 93 94
398 34 35 82 88 89 90 93 94
642 22 23 40 41 93 94
747 53 54 87 88 93 94
435 39 45 46 55 56 61 62 93 94
724 38 39 40 41 97 98
897 22 23 53 54 97 98
871 66 67 87 88 89 90 91 92
1187 31 39 87 88 89 90 97 98
920 47 48 55 56 87 88 101 102
633 40 41 78 79 87 88
800 53 54 87 88 93 94
726 38 39 45 46 87 88 89 90 91 92
610 22 23 49 50 89 90 93 94
804 49 50 51 52 57 58 78 79
402 25 66 67 95 96 104
471 38 39 51 52
1048 38 39 40 41 97 98
440 38 39 40 41 97 98
895 38 39 53 54 78 79
699 38 39 49 50 51 52 55 56
816 3 4 39 40 41 44 87 88
435 39 44 55 56 69 82 83 88
608 30 38 39 61
859 3 4 39 42 43 45 46 61
693 38 39 42 43 49 50 51 52
872 55 56 66 67 99 100 101 102
396 38 39 40 41 61 62 63 66 67
604 45 46 66 67 87 88
724 38 39 49 50 66 67 89 90 91 92
517 3 4 66 67 74 75
573 38 39 61 62 63
763 32 55 56 61 62 63 68
920 7 8 61 62 63
629 32 36 37 69 88
727 47 48 49 50 55 56 61 62 63
1020 59 60 82 83 91 92 105 106 107
555 16 40 41 59 60 61 63
910 0 3 4 42 43 49 50
1232 0 3 4 99 100
828 0 1 2 16 32 68
902 0 1 2 7 8 71 72 73
383 0 31 32 33 68 87 88
1364 0 30 31 34 35
1294 0 16 30 44
363 0 11 68 69 77
1078 0 7 8 57 58 62
602 0 7 8 16 68 70
1005 0 16
964 0 19 20 21 62 93 94
872 0 32 62 68
1093 0 30 57 58 61 62
390 0 7 8 71 72 73
690 3 4 17 18 61 63
848 7 8 17 18 57 58 61 62 63
696 7 8 17 18 38 39 61 62 63
655 16 17 18 26 27
908 50 64 65 80 81 108
878 80 81 97 98 101 102
852 40 41 80 81 97 98
870 3 4 12 13 26 27 87 88 101 102
575 12 13 50 64 65 108
961 5 6 62
725 5 6 7 8 38 39 62
871 95 96 97 98 103 104
657 42 43 49 50 103 104
1036 22 23 40 41 66 67 91 92
723 16 32 61 63 68 91 92
830 31 33 34 35 61 63 91 92
840 30 31 38 39 44 63 91 92
725 34 35 61 62 63 91 92
905 7 8 16 36 37 70 91 92
544 31 33 59 86 87 88 91 92
701 14 15 57 58 62 91 92
562 26 27 32 62 68 87 88 91 92
770 16 26 27 91 92
523 34 35 42 43 51 52 91 92 95 96
573 87 88 91 92 95 96
784 57 58 91 92 108 109
749 14 29 50 91 92 108
1097 69 77 80 81 82 83 91 92
888 82 88 91 92 99 100
355 62 86 91 92 93 94 101
441 31 57 58 63 66 67 91 92
701 45 46 57 58 59 60 87 88
781 26 27 28 29 57 58
685 32 34 35 36 37 62
502 34 35 51 52 78 79
781 34 35 66 67 82 83 91 92
1058 36 37 55 56 62 70
123 38 39 47 48 49 50 55 56
790 55 56 59 60
926 24 25 53 54 55 56 59 60
538 31 33 55 56 59 86 87 88
685 14 15 55 56 57 58 62
580 26 27 32 55 56 62 68 87 88
753 16 26 27 55 56
543 34 35 42 43 51 52 55 56 95 96
1120 55 56 66 67 95 96 110 111
1114 16 44 55 56 63 95 96
487 16 55 56 61 63 95 96
675 42 43 50 55 56 108
998 3 4 30 44 55 56 77 82
446 42 43 50 55 56 82 88 108
619 55 56 71 72 73 86 101
914 82 83 105 106 107 112 113 114 115
683 16 40 41 61 63 112 113
673 55 56 108 109 112 113 116 117 118 119
464 25 93 94 95 96 104
463 34 35 93 94 108 109
887 34 35 82 83 93 94
398 62 86 93 94 101
778 22 23 40 41 93 94
670 53 54 57 58 89 90 91 92 93 94
559 38 39 45 46 89 90 91 92 93 94
825 97 98 99 100 101 102 103 104
525 38 39 40 41 55 56 97 98 108 109
1060 38 39 53 54 97 98
582 97 98 116 117 118 119
867 38 39 87 88 89 90
804 18 26 27 55 56 62 82 87 88
964 87 88 99 100 101 102 114 115
954 40 41 66 67 87 88 91 92 101 102
716 38 39 53 54 66 67 87 88 89 90 91
702
732 87 88 116 117 118 119
771 55 56 78 79 105 106 107 108 109
721 38 39 49 50 51 52 78 79
936 25 42 43 50 104 108
761 25 45 46 66 67 104
1124 38 39 89 90 112 113
927 38 39 50 89 90 91 92 108
1059 38 39 53 54 55 56 59 60
1301 38 39 45 46 61 62 63
847 38 39 62 74 75 87 88
577 11 39 44 68
636 7 8 30 38 39 44
738 30 39 44 55 56 61 62
465 42 43 45 46 57 58 61 62 63
762 42 43 49 50 51 52 55 56
798 66 67 99 100
713 38 39 40 41 51 52 66 67
757 53 54 57 58 66 67 87 88 89 90
724 38 39 45 46 66 67 91 92 108 109
761 38 39 49 50 66 67 91 92 108 109
721 3 4 66 67 74 75
864 19 20 21 61 62 63 93 94
786 32 61 62 63 68
834 30 38 61 63 99 100
665 30 38 53 54 55 56 61 63
702 31 33 57 58 61 63
797 3 4 36 37 70
904 47 48 49 50 51 52 57 58
419 55 56 59 60 82 83 105 106 107
605 38 39 40 41 59 60 61 62 63
663 45 46 59 60 87 88
869 0 3 4 53 54 57 58 59 60
1099 0 3 4 66 67
575 0 3 4 49 50 66 67
890 0 1 2 16 30 44
840 0 25 32 62 68 104
1034 0 3 4 32 68
683 0 25 30 31 104
794 0 7 8 16 30 44
802 0 32 62 68 69 77
560 0 18 64 65 69
832 0 7 8 57 58 62 120 121
1031 0 7 8 30 44 57 58 62
821 0 31 57 58 62 63 112 113
1088 0 31 39 62 112 113
717 0 3 4 40 41 42 43
959 0 30 38 40 41 87 88
635 0 69 88
1035 17 18 19 20 21 22 23
390 17 18 31 39 87 88
974 17 18 22 23 31 39
280 3 4 17 18 61 63
743 17 18 34 35 61 62 63
816 80 81 95 96 97 98 110 111
992 50 78 79 80 81 95 96 108
782 16 18 26 27 56 66 80 81 82
548 42 43 50 80 81 108
742 22 23 53 54 80 81
953 12 13 51 52
822 12 13 25 89 90 104
440 12 13 80 81 82 83
763 12 13 87 88 101 102
480 5 6 57 58 62
617 3 4 5 6 40 41 87 88
790 103 104
592 95 96 97 98 103 104 110 111
835 53 54 97 98 103 104
795 50 64 65 108 114 115
948 40 41 66 67 82 88 114 115
1047 53 54 112 113 114 115
636 50 66 67 108 114 115
595 47 48 50 108 114 115
857 53 54 78 79 114 115
547 3 4 53 54 55 56 57 58 59 60 61
541
1132 44 55 56 57 58 62 63
916 14 29 55 56 57 58 108 109
346 26 27 30 55 56 57 58 61 62
568 55 56 57 58 59 60 108 109
556 34 35 59 102 114 115
898 34 35 51 52 97 98
788 34 35 55 56 108 109
941 32 36 37 55 56 69 84 85 88
696 55 56 59 60 87 88 99 100 101 102
536 3 4 39 53 54 55 56 59 60 61
971 55 56 59 62 86 87 88
684 14 15 38 39 55 56 62
421 3 4 26 27 55 56 122 123
898 16 26 27 30 55 56 61
1085 12 13 55 56 64 65 108 109
419 38 39 51 52 55 56
1045 39 55 56 61 62 95 96
921 55 56 97 98 108 109
941 55 56 80 81 82 83
654 18 19 20 21 55 56 82 87 88
464 42 43 45 46 55 56 82 88
798 45 46 55 56 60 87 88 101
828 3 4 39 40 41 61 112 113
632 112 113 116 117 118 119
785 39 61 62 93 94 95 96
684 19 20 21 55 56 93 94 108 109
747 7 8 55 56 62 77 82 93 94
627 40 41 57 58 87 88 89 90 93 94
553 53 54 55 56 57 58 61 62 63 93 94
959 39 45 46 55 56 61 62 93 94
871 82 83 97 98 105 106 107 114 115
850 3 4 53 54 57 58 61 63 97 98
1253 53 54 55 56 97 98
1098 31 39 87 88 89 90 97 98
871 3 4 18 26 27 82 87 88
912 16 18 26 27 82 87 88
573 40 41 87 88 97 98
864 53 54 57 58 87 88 89 90 93 94
913 30 38 39 44 45 46 87 88
402 78 79 105 106 107 108 109 114 115
891 49 50 78 79 87 88 89 90
1149 25 50 59 60 104 108
761 38 39 51 52
1011 38 39 78 79 108 109
946 38 39 47 48 53 54 55 56
805 3 4 38 39 45 46 61 63
807 38 39 74 87 88 89 90 94
667 30 38 39 44 53 54 87 88
306 39 55 56 61 62 120 121
776 7 8 39 61 71 72 73
798 39 42 43 49 50 55 56 61 62
784 66 67 101 102 114 115
661 22 23 40 41 66 67
345 53 54 57 58 66 67 87 88 89 90
956 45 46 61 62 63 66 67
556 3 4 49 50 61 63 66 67
615 55 56 61 62 63
590 38 39 61 62 63 120 121
612 3 4 32 61 63 68
797 7 8 55 56 61 62 63
467 36 37 69 70 84 85 88
417 3 4 47 48 49 50 61 63
804 55 56 59 60 82 83 105 106 107
496 53 54 57 58 59 60
543 38 39 45 46 59 60
817 39 49 50 59 60 61 62
741 14 29 34 35 89 90
612 26 27 62
884 3 4 26 27 120 121
396 26 27 30 44 62
877 40 41 59 60 64 65 87 88
864 34 35 51 52 66 67 95 96
619 51 52 55 56
844 16 26 51 52 55 56 123
701 31 39 51 52 55 56 59 60
539 8 16 32 36 37 55 56 84
578 0 32 62 68
822 16 26 27 55 56 68 70
495 0 3 4 53 54 93 94
814 71 72 73 74 75 76 86
454 0 3 4 42 43 53 54
595 0 1 31 57 58 62 63 78 79 124
1239 0 1 31 39 55 56 59 60 62 124
907 0 1 3 4 71 72 73 86 101 124
1184 0 1 30 55 56 61 62 124
847 0 1 9 10 11 124
812 0 1 2 30 31 55 56
595 0 1 2 7 8 16
840 0 31 32 39 62 68 87 88
863 0 31 32 33 34 35 68
1228 0 16 68 70
1137 0 25 30 31 104
793 0 30 44 55 56 62
896 0 57 58 59 60 69 83
540 0 69 71 72 73 77
764 0 69 82 83 88 114 115
907 0 7 8 18 38 39 62 87
1057 0 3 4 7 8 71 72 73 86 101
1082 0 7 8 30 38 39 61 62
961 0 31 55 56 57 58 62 63
992 0 55 56 59 62 87 88 102
997 0 31 39 62 93 94
1065 0 3 4 87 88 101 102
924 0 1 62 93 94 124
555 0 30 38 55 56 108 109
955 0 11 30 61 125
727 0 7 8 62 93 94
1123 17 18 38 39 55 56 108 109
850 17 18 39 55 56 61 62
280 1 3 4 17 18 61 63 124
748 7 8 16 17 18 61 63
884 17 18 26 27 125 126 127
816 80 81 95 96 97 98 110 111
1066 80 81 95 96 97 98 110 111
920 42 43 50 80 81 95 96 108
1128 16 18 26 27 56 66 80 81 82
486 38 39 50 80 81 108
825 53 54 80 81 97 98
1144 11 12 13 26 27 125
980 12 13 57 58 89 90
845 12 13 39 50 55 56 61 62 108
915 12 13 82 88 99 100
896 5 6 7 8 9 10 11
645 5 6 25 62 104
837 1 5 6 55 56 62 124
303 5 6 125 126 127
851 55 56 62 86 101 103 104
351 53 54 57 58 59 60 103 104
871 42 43 50 108 114 115
855 50 59 60 82 88 108 114 115
685 53 54 57 58 114 115
519 34 35 108 109 114 115
725 53 54 57 58 59 60 114 115
332 55 56 57 58 61 62 63 120 121
852 31 55 56 57 58 59 60 63
965 40 41 55 56 57 58 59 60 61 62 63
430 26 27 57 58 62 93 94
632 51 52 57 58 97 98
967 57 58 89 90 112 113
788 57 58 89 90 93 94
445 34 35 36 37 55 56 62 70
745 34 35 59 62 86 87 88
628 34 35 87 88 89 90 93 94 95 96
693 34 35 80 81 82 83
755 7 8 16 32 36 37 55 56
947 31 36 39 55 56 112 113 127
877 3 4 40 41 55 56 59 60 61 63
474 36 45 46 55 56 59 60 127
971 38 39 45 46 55 56 59 60
686 26 27 55 56 57 58 59 60 62
321 3 4 26 27 55 56 71 72 73 86 101
771 16 26 27 30 55 56 61
562 53 54 55 56 59 60 64 65 87 88
773 51 52 55 56 97 98
891 25 55 56 95 96 104
1117 34 35 55 56 108 109
1149 47 48 50 55 56 64 65 108
427 55 56 69 77 82 83 93 94
680 55 56 82 88 99 100
914 49 50 55 56 59 60 82 88
737 55 56 101 102 103 104
666 55 56 99 100 101 102 112 113
782 16 40 41 61 63 112 113
771 34 35 108 109 112 113 116 119
948 34 35 61 62 63 93 94 95 96
667 39 50 61 62 93 94 108
747 34 35 82 88 89 90 93 94
580 40 41 55 56 87 88 93 94 101 102
663 3 4 53 54 57 58 61 63 93 94
963 39 45 46 55 56 61 62 93 94
680 3 4 38 39 40 41 128 129
918 7 8 62 128 129
431 11 125 128 129
837 39 40 41 55 56 61 62 97 98
933 39 53 54 61 62 97 98
1214 34 35 87 88 89 90
497 18 19 20 21 82 87 88 114 115
523 55 56 87 88 99 100 101 102
686 47 48 53 54 57 58 87 88
731 45 46 87 88 93 94
760 3 4 22 23 39 49 50 61
936 49 50 61 62 63 78 79
471 45 46 78 79 87 88
912 25 53 54 55 56 104
916 38 39 89 90 112 113
699 38 39 40 41 97 98
892 38 39 53 54 78 79
637 38 39 49 50 51 52 112 113
646 3 4 39 40 41 44 87 88
823 30 31 39 44 55 56
727 3 4 39 53 54 55 56 61
646 3 4 7 8 39 61
1021 38 39 42 43 49 50 87 88 89 90
793 42 43 55 56 62 74 75
539 66 67 82 83 105 106 107 114 115
820 16 40 41 61 63 66 67
942 45 46 55 56 66 67 87 88 101 102
745 0 3 4 53 54 93 94
766 0 57 58 71 72 73
739 0 3 4 49 50 59 60
775 0 1 66 67 124 125 130 131
739 0 1 16 32 62 124 132 133
1096 0 1 3 4 87 88 101 102 124
914 0 1 31 39 112 113 124 131
1315 0 1 51 52 66 67 124 131
755 0 1 16 30 61 124
1184 0 1 31 33 57 58 124
1158 0 1 2 11 68
797 0 1 2 69 80 81 83
304 0 1 2 7 8 16
812 0 1 2 71 72 73
890 0 1 31 32 33 68 87 88 124
645 0 11 32 68 125
623 0 31 32 33 34 35 68
758 0 3 4 68 70
722 0 3 4 131 132 133 134
383 0 3 4 130 131 132 133
1088 0 42 43 45 46 87 88 131
1358 0 3 4 31 39 44 63 131
755 0 30 31 34 35
882 0 30 38 40 41 87 88
750 0 16 30 61
560 0 30 44 69 77 131
492 0 18 36 69 127
1034 0 7 8 24 25 62
1114 0 3 4 7 8 32 68
1102 0 7 8 59 60 131
1092 0 7 8 16 30 44
660 0 11 125 134 135
1205 0 11 32 125 135
909 0 11 125 130 135
907 0 62 87 88
780 0 38 39 62 120 121
1295 0 3 4 42 43 53 54
897 0 31 32 33 68 87 88
1028 0 3 4 39 61 131
1062 0 16 61 63 131
1080 0 30 34 35 38 89 90
467 0 7 8 16 30 61
943 0 7 8 38 39 62
390 0 126 127 135
690 17 18 38 39 51 52
372 17 18 38 39 51 52
873 3 4 17 18 61 63
696 7 8 17 18 57 58 61 62 63
572 16 17 18 36 37 130
554 17 18 26 27 62 122 123
744 16 17 18 26 27
771 47 48 50 80 81 108
786 3 4 30 44 77 80 81 82
609 31 33 55 56 80 81 86 101
493 22 23 40 41 80 81
973 12 13 26 27 62 122 123
808 12 13 16 26 27
490 12 13 34 35 89 90
410 12 13 39 50 61 62 108
942 3 4 7 8 12 13 77 82
1117 3 4 5 6 7 8 39 61 131
894 5 6 131 136 137
1506 5 6 22 23 62
1249 5 6 31 39 62 87 88
574 5 6 62 122 123
434 1 5 6 16 124
850 5 6 16 26 27 131
672 5 6 11 125
571 3 4 86 101 103 104 130 135
947 40 41 42 43 103 104
806 39 44 50 108 114 115 131
961 3 4 18 39 61 82 114 115
845 47 48 49 50 82 88 114 115
229 53 54 97 98 114 115
439 38 39 108 109 114 115
874 53 54 93 94 114 115
832 3 4 57 58 61 63
325 31 55 56 57 58 63
932 40 41 57 58 59 60 61 62 63
391 26 27 57 58 62 112 113
710 51 52 57 58 93 94
772 50 57 58 89 90 93 94 108
1141 34 35 36 66 67 127
556 26 28 29 34 35 123
814 34 35 55 56 61 62 63 95 96
1064 34 35 55 56 59 60 82 83
958 32 36 37 55 56 69 84 85 88
834 36 37 55 56 69 88 130
851 16 36 55 56 130 133
538 16 40 41 55 56 59 60 61 63
706 45 46 55 56 59 60 61 63 131
727 34 35 55 56 59 62 86
760 14 15 55 56 57 58 62
802 16 26 27 32 55 56 62 132 133
318 11 26 27 32 55 56 68 125
895 26 27 51 52 55 56 131
393 11 26 27 55 56 126 133 135
1114 55 56 64 65
765 34 35 51 52 55 56 59 60
1070 55 56 95 96 97 98
892 16 55 56 61 63 95 96
810 39 50 55 56 61 62 93 94 108
969 55 56 82 83 112 113
826 16 18 55 56 82 130 132 133
427 45 46 55 56 82 88 97 98
375 55 56 71 72 73 86 101
1058 40 41 55 56 87 88 101 102 112 113
574 38 39 40 41 112 113
955 53 54 55 56 112 113
631 53 54 87 88 112 113
550 11 34 35 36 89 90 93 94 133
498 38 39 50 89 90 93 94 108
747 87 88 93 94 101 102
552 38 39 40 41 93 94
414 53 54 55 56 93 94
565 39 45 46 55 56 61 62 93 94
596 3 4 128 129 138 139
473 128 129 131
744 34 35 51 52 128 129 131
942 0 3 4 40 41 87 88
684 0 3 4 80 81
636 0 3 4 93 94 101 102
844 0 3 4 49 50 59 60
600 0 1 62 93 94 124 125 130
535 0 1 11 36 55 56 62 124 133
1039 0 1 31 39 55 56 62 124
734 0 1 3 4 93 94 101 102 124
1102 0 1 39 55 56 61 62 124 131
760 0 1 16 44 63 124 131
892 0 1 30 38 55 56 108 109 124
684 0 1 16 30 44 124
761 0 1 66 67 124 125 126 127
1085 0 1 2 32 68 69 88
749 0 1 2 31 63 78 79 131
644 0 1 2 7 8 62 93 94
1107 0 1 16 33 61 124
1169 0 1 32 62 68 124
837 0 1 32 55 56 62 68 124
1487 0 11 32 68 135
313 0 68 69 88 134
748 0 11 68 70 124 125 140
381 0 16 68 130
385 0 16 70 131 132 133
800 0 31 39 87 88 89 90 93 94 131
817 0 16 26 27 56 66 131
874 0 31 55 56 63 131
885 0 44 55 56 62 63 131
313 0 11 30 31 34 35 36 133
385 0 30 31 39 44 62 87 88
821 0 30 34 35 44 62
1061 0 69 80 81 83
568 0 30 38 69 77
802 0 18 61 62 63 69
1168 0 38 39 69 88 89 141
561 0 7 8 11 36 55 56 62 133
764 0 7 8 57 58 62 120 121
637 0 7 8 16 32 68
965 0 7 8 47 48 131
1066 0 7 8 30 38 39 61 62
845 0 7 8 16
1133 0 32 62 135
917 0 7 8 16 70 135
1106 0 31 57 58 62 63 97 98
821 0 16 26 27 55 56 62
1085 0 62 93 94 118 142 143
1073 0 57 58 62 120 121
890 0 3 4 40 41 42 43
1037 0 1 16 33 61 124
1048 0 1 62 124
827 0 3 4 32 68
1018 0 31 39 112 113 131
971 0 31 63 97 98 131
886 0 51 52 97 98 131
1062 0 30 38 53 54 55 56
1182 0 30 38 39 61 62
387 0 69 88 89 97 98 141
840 0 7 8 38 39 62
862 0 11 125 130 135
1011 17 18 55 56 108 109 118 119 142
830 17 18 130 131 132 133
659 17 18 26 27 39 61 62 131
1112 17 18 39 61 62
464 3 4 17 18 38 39 53 54 61 63
706 3 4 7 8 17 18 61 63
735 17 18 61 63 131
679 17 18 26 27 55 56 62
721 17 18 26 27 55 56 125 126 127
960 39 44 50 80 81 108 131
1022 16 80 81 82 83 128 129
852 80 81 101 102 144 145
658 55 56 80 81 82 83
742 42 43 53 54 80 81
857 3 4 12 13 26 27 87 88 101 102
939 12 13 19 20 21 51 52 114 115
648 12 13 89 90 104 144
513 12 13 34 35 51 52 89 141
519 12 13 69 77 87 88 89 141
864 12 13 57 58 108 109
942 12 13 80 81 82 83
978 12 13 101 102 114 115
850 5 6 7 8 16 61 63 131
676 5 6 62 87 88 125 130
861 5 6 24 25 62
480 3 4 5 6 38 39 53 54
796 3 4 5 6 61 63 131
570 5 6 57 58 69 88 89 141
733 103 104
690 60 99 100 101 103 104
522 101 102 103 104 114 115
710 55 56 103 104 141 146
650 39 50 59 60 61 108 114 115 131
727 50 59 60 64 65 108 114 115
662 50 95 96 97 98 108 114 115
846 40 41 78 79 82 88 114 115
910 45 46 60 87 88 101 114 115
685 3 4 39 44 53 54 114 115
734 69 77 82 88 114 115
511 42 43 53 54 114 115
447 55 56 57 58 61 62 63 120 121
910 31 33 55 56 57 58 61 63
820 57 58 59 60 99 100
592 26 27 57 58 62
781 47 48 51 52 55 56 57 58
787 50 55 56 57 58 66 67 89 108 141
612 57 58 93 94 108 109
440 34 35 36 37 62 70
382 34 35 55 56 59 60 108 109 116 119
862 34 35 51 52 55 56 78 79 95 96
788 34 35 89 90 93 94
643 34 35 89 112 113 141
605 34 35 36 66 67 89 127 141
1075 3 4 18 34 35 61 63 82
724 16 32 33 36 37 55 56 61
651 3 4 36 37 55 56 130
824 16 36 55 56 70 133
659 40 41 55 56 57 58 59 60 61 62 63
516 3 4 39 45 46 55 56 59 60 61
594 39 55 56 59 60 61 62 116 143
745 3 4 39 55 56 59 60 61 116 143
452 147 148 149 150 151 152 153
862 0 3 4 49 50 66 67
782 0 3 4 77 82 147
518 0 1 3 4 124 125 130 134 135
433 0 1 47 48 124 125 130 131
1033 0 1 22 23 62 124
749 0 1 16 124 130 135 152 153
595 0 1 124 131
829 0 1 16 61 63 124 131
657 0 1 30 38 87 88 124 141 146
866 0 1 51 52 57 58 124 147
1098 0 1 11 124 125 130 135
1224 0 1 2 3 4 122 123
775 0 1 2 31 34 35 63 131
902 0 1 2 18 38 39 69
976 0 1 11 124 125
890 0 1 32 62 68 87 88 124
683 0 31 32 33 68 87 88
271 0 16 32 33 61 68
1041 0 3 4 68 70
980 0 3 4 131 132 133 134 150 151
865 0 16 130 131 132 133
383 0 39 44 131 147
1147 0 40 41 66 67 87 88 131
840 0 44 62 63 131
1294 0 30 31 34 35
743 0 30 38 99 100
918 0 3 4 30 61
710 0 11 68 69 77
711 0 3 4 18 61 63 69
845 0 69 88 93 94 116 143
730 0 7 8 30 38 62 77 87
517 0 7 8 147 152 153
624 0 7 8 16 152 153
825 0 7 8 39 44 62 87 88 131
1007 0 7 8 147
573 0 7 8 80 81 82 83 147
801 0 11 125 126 133 134 135
1031 0 32 62 87 88 135
1299 0 16 130 135
1190 0 34 35 36 62 127
1031 0 25 62 145
1078 0 11 120 121 125
873 0 69 88 122 123
1018 0 1 57 58 62 124
1100 0 7 8 16 32 68
1364 0 31 39 78 79 131
886 0 40 41 59 60 87 88 131
857 0 87 88 89 131 141
1126 0 16 30 44
1137 0 69 88 89 97 98 141
1486 0 51 52 57 58 147
696 0 53 54 57 58 147
703 0 7 8 59 60 131
937 0 16 32 135
892 17 18 57 58 62 130 132 133
1068 17 18 34 35 62 130 132 133
680 17 18 31 39 104 144
940 1 17 18 61 62 63 124
422 17 18 24 25 31 63
898 17 18 25 36 104 127
505 17 18 26 27 51 52 131
783 66 67 80 81 95 96
886 80 81 82 83 97 98
607 3 4 80 81 86 101 130 135
857 71 72 73 80 81 86 101
802 34 35 80 81 141 146
655 3 4 12 13 26 27 61 63 131
1149 12 13 34 35 61 62 63 95 96
916 3 4 12 13 39 61 89 141
598 12 13 34 35 82 83
898 5 6 7 8 11 68
902 5 6 62 125 130
725 5 6 38 39 62
787 1 3 4 5 6 124
867 5 6 51 52 131
946 95 96 97 98 103 104
440 66 67 95 96 103 104 110 111
874 53 54 57 58 103 104
890 38 39 49 50 103 145
852 3 4 57 58 61 63 130 135
781 40 41 57 58 59 60 61 62 63
1183 57 58 69 88 148 153
633 51 52 57 58 97 98
980 14 29 50 57 58 108
1097 11 34 35 36 133
423 3 4 34 35 148 153
587 34 35 89 112 113 141
1165 34 35 108 109 112 113
223 3 4 36 37 55 56 130 134 135
1058 36 37 55 56 69 88 130 134 135
778 16 32 36 37 55 56
886 36 55 56 93 94 127
642 38 39 47 48 49 50 55 56
316 11 36 40 41 55 56 59 60 133
639 16 45 46 55 56 59 60 61 63
1219 11 55 56 59 86 125 130 135
313 14 29 55 56
839 11 14 15 55 56 125
758 16 55 56 148 149
679 16 55 56 148 153
674 18 26 27 38 39 55 56 62 87
669 3 4 26 27 55 56 87 88 101 102
634 26 27 55 56 61 62 63 131
612 26 27 30 55 56 61 62
421 26 27 55 56 125 126 127
853 55 56 59 60 64 65 99 100
420 34 35 51 52 55 56 78 79 95 96
868 38 39 51 52 55 56
785 16 32 55 56 95 96 132 133
779 55 56 57 58 59 60 89 141
513 12 13 34 35 55 56 89 108 109 141
1157 30 38 55 56 77 87 89 141
691 16 55 56 70 89 132 133 141
776 55 56 66 67 89 141
813 47 48 55 56 57 58 108 109
765 38 39 50 55 56 89 108 112 113 141
1165 50 55 56 64 65 108
1094 25 55 56 82 83 104
585 3 4 18 39 55 56 61 82
501 47 48 50 55 56 82 88 108
910 55 56 97 98 101 102
821 0 3 4 82 83 93 94
774 0 3 4 17 18 118 119 142
768 0 3 4 99 100
653 0 1 62 124 125 134
619 0 1 71 72 73 124 125 130
607 0 1 25 62 124 145
616 0 1 62 93 94 122 123 124
896 0 1 39 44 62 124 131
728 0 1 31 63 78 79 124 131
925 0 1 30 44 57 58 62 124
785 0 1 87 88 95 96 124 147
959 0 1 124 126 127 135
1091 0 1 2 69 88 122 123
735 0 1 2 31 39 97 98 131
797 0 1 2 31 39 87 88 131
304 0 1 2 38 39 69 83
1510 0 1 124 125 126 127
964 0 1 31 32 33 68 87 88 124
652 0 11 32 68 125
727 0 16 68 134
860 0 62 68 70
883 0 16 130 131 132 133 134 135
906 0 7 8 16 70 131 132 133
538 0 39 44 62 131
902 0 56 66 87 88 89 131 141
879 0 31 39 44 63 131 147
995 0 16 26 27 131
924 0 30 34 35 38 89 141
1038 0 30 34 35 61 62
699 0 25 69 83 145
527 0 18 39 61 69 131
704 0 69 82 83 88 93 94
691 0 7 8 62 144 145
527 0 3 4 7 8 152 153
1081 0 7 8 16 70 131 132 133
583 0 7 8 51 52 112 113 131
1145 0 7 8 51 52 57 58 147
717 0 7 8 9 10 11
1044 0 16 32 135
1045 0 69 70 88 135
915 0 31 57 58 62 63 78 79
1017 0 22 23 62
929 0 31 39 62 97 98
1037 0 62 93 94 122 123
1301 0 1 31 33 38 39 124
967 0 32 34 35 62 68
1100 0 31 39 112 113 131
1029 0 16 44 63 131
914 0 51 52 66 67 131
1061 0 87 88 89 131 141
864 0 42 43 89 131 141
1223 0 30 61 62
1186 0 38 39 69 88 89 141
1486 0 34 35 51 52 147
811 0 53 54 87 88 147
635 0 7 8 147
916 0 16 70 135
1026 17 18 38 39 62 130 132 133
1274 17 18 31 39 87 88
850 1 17 18 38 39 61 62 63 124
439 17 18 31 63 142 143 154
898 11 17 18 36 133
505 17 18 26 27 125 126 127
777 38 39 50 80 81 108
980 80 81 82 83 97 98
181 3 4 80 81 86 101 130 135
609 80 81 155 156
752 40 41 42 43 80 81
890 12 13
1144 12 13 16 26 27
733 12 13 34 35 36 89 127 141
445 11 12 13 36 89 133 141
951 12 13 82 88 99 100
825 5 6 7 8 51 52 131
980 5 6 34 35 62
422 5 6 62 87 88 122 123
736 5 6 39 61 62 131
892 5 6 7 8 9 10 11
614 66 67 95 96 103 104
713 34 35 89 103 104 141
1133 42 43 53 54 103 104
911 3 4 40 41 57 58 61 63 66 67
336 31 57 58 63 69 88 128 129
639 57 58 59 60 99 100
660 26 27 57 58 62 87 88 120 121
891 51 52 57 58 97 98
778 50 57 58 59 60 108
808 34 35 36 78 79 127
722 34 35 147 148 149
933 34 35 81 87 88 95 96 155
663 34 35 81 87 88 141 146 155
615 34 35 89 104 141 144
698 34 35 78 79 108 109
747 34 35 36 37 55 56 62 134
755 3 4 36 37 55 56 70
824 36 39 44 55 56 62 127
926 24 40 41 55 56 59 60 144
517 22 23 53 54 55 56 59 60
702 39 55 56 59 60 61 62 116 143
682 31 33 55 56 59 86 87 88
912 14 29 55 56 77 82 147
452 30 38 55 56 148 149 150 151
753 16 26 27 55 56 147 148 153
682 11 26 27 55 56 120 121 125
580 26 27 55 56 131
468 26 27 55 56 81 131 155
746 16 26 27 55 56 147 148 153
806 16 26 27 55 56
321 55 56 64 65 89 93 94 141
789 31 55 56 57 58 63 155 156
871 38 39 40 41 55 56 81 155
752 51 52 55 56 112 113
1051 39 44 51 52 55 56 147
849 39 44 55 56 95 96 147
782 51 52 55 56 57 58 66 67 89 141
892 34 35 47 48 55 56 89 141
721 18 55 56 87 89 118 119 141 142
955 38 39 51 52 55 56 89 141
713 39 55 56 61 89 141 147
693 39 55 56 61 71 72 73 89 141
1166 12 13 16 26 27 55 56 108 109
451 38 39 55 56 108 109
648 47 48 50 55 56 108
835 34 35 47 48 55 56 82 83
277 0 3 4
755 0 3 4 118 119 141 142 146
660 0 1 32 62 87 88 124 125
653 0 1 57 58 62 124
772 0 1 16 62 124 130 132 133
835 0 1 3 4 122 123 124
1022 0 1 39 44 62 87 88 124 131
818 0 1 31 63 112 113 124 131
934 0 1 66 67 89 124 131 141
849 0 1 30 31 87 88 124
1085 0 1 87 88 116 124 143 147
901 0 1 11 124 125 126 133
1012 0 1 2 11 32 68 125
852 0 1 2 16 27 131 157
685 0 1 2 7 8 62 87 88
1087 0 1 31 33 87 88 124
1013 0 1 11 32 68 124 125
645 0 16 32 68
659 0 8 16 32 68 84
1054 0 16 68 70 130 135
1039 0 3 4 131 132 133 134
563 0 34 35 62 130 131 132 133
722 0 39 44 69 88 131
692 0 66 67 99 100 131
502 0 45 46 81 93 94 131 158
974 0 3 4 31 39 44 63 131
1025 0 6 7 8 62 87 88 131 157
815 0 30 31 87 88
1228 0 30 38 45 46 87 88
1000 0 30 44 131
998 0 30 44 131 158 159
1080 0 57 58 59 60 69 83
748 0 16 18 32 69 132 133
711 0 16 18 36 37 69 70
704 0 38 39 69 88 141 146
492 0 7 8 24 62 144
575 0 7 8 147 152 153
735 0 7 8 16 70 131 132 133
908 0 7 8 59 60 131
1102 0 3 4 7 8 30 61
998 0 7 8 125 126 127
924 0 62 118 119 134 135 142
1142 0 11 32 125 135
1299 0 38 39 62 130 135
1177 0 11 34 35 36 62 133
1085 0 19 20 21 62 87 88
924 0 11 120 121 125
942 0 122 123 147
1131 0 1 16 33 61 124
1084 0 11 32 68 121 125 138
963 0 39 61 71 72 73 131
977 0 31 34 35 63 131
1358 0 16 131 148 153
895 0 89 93 94 131 141
959 0 30 38 39 44 62
1067 0 16 30 61
1128 0 69 88 97 98 116 143
1486 0 89 118 119 141 142 147
369 0 45 46 87 88 147
862 0 7 8 30 38
829 0 16 70 135
628 16 17 18 130 132 133
641 17 18 26 27 39 61 62 131
935 17 18 53 54 57 58 81 158
1112 14 15 16 17 18 61 63 131
707 16 17 18 61 63
544 3 4 17 18 61 63
550 17 18 61 63 131
956 3 4 17 18 26 27 122 123
895 80 156
988 3 4 39 44 50 80 81 108
1134 34 35 59 60 80 81 82 83
968 80 81 101 102 112 113
525 16 26 27 56 66 80 156
839 50 59 60 80 81 108
1143 53 54 57 58 59 60 80 81
1004 12 13 26 27 62
889 11 12 13 26 27 125 126 133
1149 12 13 16 61 63 95 96
1175 12 13 89 141 158 159
505 12 13 25 82 83 104
1122 5 6 7 8 11 68
1194 5 6 11 68 136 137
1007 5 6 62 118 119 142
853 1 5 6 11 124 125
827 5 6 16 61 63 131
785 5 6 7 8 131
817 16 27 95 96 103 104 157
592 42 43 95 96 103 104
840 40 41 93 94 103 104
1075 66 67 103 104 116 143
911 30 44 57 58 61 62 63
471 3 4 44 57 58 63
776 40 41 57 58 59 60 87 88
839 26 27 57 58 62 87 88 120 121
217 51 52 57 58
833 3 4 27 57 58 89 141 157
863 34 35 116 143 157 158 159 160
394 34 35 47 48
1097 30 34 35 38 148 149
404 34 35 51 52 97 98
602 34 35 89 97 98 141
880 34 35 108 109 112 113
838 34 35 55 56 82 83 157 160
878 55 56 80 81 82 83 157 160 161 162
473 40 41 55 56 61 62 63 157 160
485 39 45 46 55 56 61 62 157 160
768 16 55 56 61 63 116 143 157 160
980 3 4 27 39 44 55 56 131 157
663 27 55 56 130 131 135 157 158 159
627 6 7 8 11 55 56 125 157
824 55 56 87 88 116 143 157 160
626 34 35 36 37 55 56 62 134
496 3 4 36 37 55 56 134
778 36 37 55 56 69 70 88
648 25 36 55 56 127 145
1024 55 56 59 60 99 100
947 11 36 40 41 55 56 59 60 133
563 3 4 45 46 55 56 59 60 61 63
807 19 20 21 55 56 59 87 88 102
713 38 39 45 46 55 56 59 60
584 14 15 55 56 66 67 131
713 30 38 55 56 148 149
688 4 34 35 82 83 163
677 4 33 86 101 163 164
633 4 18 40 41 87 163
594 4 53 54 57 58 59 60 163
539 4 45 46 66 67 163
254 0 3 4 116 117 118 119
650 0 3 4 49 50 66 67
716 0 4 39 131 163 164
775 4 17 18 163
637 4 5 6 131 163
550 4 34 35 59 60 163
722 4 93 94 163
775 4 40 41 163 165 166
868 4 45 46 66 67 163
757 4 49 50 59 60 163
578 40 41 131 157 160 163 167
820 30 31 163 167
848 0 131 147 163 167
924 71 72 73 74 75 76 86
821 0 57 58 71 72 73
824 0 3 4 40 41 66 67
1002 0 3 4 49 50 157 160
927 0 1 62 124 125 134
906 0 1 62 87 88 124 125 130
600 0 1 57 58 59 60 62 124
662 0 1 18 62 87 124 165 166
545 0 1 62 120 121 124 165 166
600 0 1 3 4 93 94 101 102 124
637 0 1 39 61 62 124 131
1022 0 1 61 62 63 93 94 124 131
904 0 1 51 52 55 56 124 131 157 160
622 0 1 30 38 55 56 124 141 146
934 0 1 30 31 87 88 124
787 0 1 108 109 124 147 165 166
822 0 1 55 56 62 124 130 135
894 0 1 11 124 125 126 133
707 0 1 2 62 87 88 122 123
799 0 1 2 31 39 93 94 131
1318 0 1 2 42 43 63 131 164
847 0 1 2 69 83 114 115
560 0 1 2 7 8 66 67 131
507 0 1 16 124 168 169
976 0 31 32 39 62 68 87 88
964 0 3 4 7 8 32 68
1131 0 3 4 68 130 134 135
650 0 16 32 33 61 68
824 0 62 68 70
1051 0 68 71 72 73 130
763 0 32 55 56 62 131 132 133
1041 0 16 130 131 132 133 168 169
1054 0 31 39 97 98 131
606 0 39 131 155 156 164
866 0 39 44 131 147
479 0 39 44 69 88 131
563 0 4 53 54 55 56 59 60 131 163
1080 0 16 56 66 131 148 153
769 0 19 20 21 114 115 131 156 158
783 0 45 46 81 93 94 131 158
1295 0 31 55 56 59 60 63 131
890 0 39 61 62 63 131 164
973 0 3 4 44 63 131
716 0 16 61 63 131
1127 0 30 31 91 118 119 142 170
749 0 24 25 30 31
863 0 30 38 39 55 56 89 141 164
1028 0 30 158 159 164
1096 0 30 38 51 52 55 56
760 0 30 44 55 56 62
746 0 7 8 16 30 61
882 0 16 55 56 69 83 123 157
1050 0 30 44 62 69 77 87 88
725 0 3 4 18 39 61 69
384 0 18 36 69 127
957 0 69 77 82 88 147
824 0 3 4 26 123 147 150 151
766 0 7 8 62 93 94
906 0 7 8 62 120 121 165 166
1034 0 3 4 7 8 87 88 101 102
916 0 7 8 39 61 131 147
602 0 7 8 131 155 159
849 0 7 8 16 30 44
910 0 7 8 108 109 147 165 166
1007 0 7 8 93 94 125 126 127
975 0 3 4 134 135 150 151
998 0 32 57 58 62 135
877 0 62 70 87 88 135
1302 0 62 130 135 165 166
998 0 38 39 62 130 135
983 0 31 55 56 57 58 59 60 62 63
1061 0 34 35 47 48 62
781 0 16 62 128 129
906 0 42 43 62 118 142 143
1085 0 39 62 158 159 164
907 0 16 130 135 152 153
786 0 3 4 40 41 157 160
947 0 1 16 33 61 124
1105 0 31 32 33 68 87 88
1351 0 3 4 39 44 131
879 0 4 131 163
1152 0 31 34 35 59 60 63 131
976 0 16 27 131 157
1194 0 34 35 51 52 131
1024 0 89 131 141 157 160
918 0 30 44 62 87 88
1159 0 30 31 34 35
1103 0 69 88 89 141 165 166
1224 0 69 88 93 94 116 143
996 0 87 88 95 96 147
1136 0 38 39 147 170 171
1247 0 38 39 53 54 147
832 0 7 8 42 43 131
840 0 130 131 135
825 0 16 61 168 169 172
848 17 18 61 62 63 118 142 143
1086 17 18 130 131 132 133
701 17 18 38 39 108 109 114 115
946 7 8 17 18 39 61 131
703 17 18 38 39 87 88 89 90
483 4 17 18 53 54 163 165 166
929 17 18 38 39 53 54 81 158
703 3 4 17 18 53 54 57 58 61 63
720 7 8 16 17 18 61 63
695 4 17 18 31 63 163
570 4 18 19 20 21 82 163
626 0 3 4 38 39 173 174
582 4 17 18 38 39 163 173 174
539 0 3 4 55 56 101 102
566 4 131 139 161 163
608 0 3 4 40 41 42 43
594 4 17 18 53 54 55 56 163
547 4 45 46 61 63 131 163
673 4 17 18 116 117 118 119 163
641 0 3 4 49 50 66 67
536 0 1 2 4 131 163
510 4 17 18 163 165 166
524 3 4 5 6 136 137
776 0 3 4 34 35 157 160
490 0 3 4 55 56 157 160
637 4 40 41 112 113 163
708 4 40 41 87 88 163
886 4 38 39 51 52 163
750 4 156 158 163
739 1 124 131 163 167 168 169
834 47 48 131 163 167
808 18 69 82 88 163 167
704 7 8 16 163 167
781 0 38 39 71 173 174 175 176
745 53 54 87 88 175 176 177 178
781 71 77 80 81 82 175 176
1010 165 166 175 176 177 178
673 0 3 4 77 82 147
677 0 3 4 53 54 55 56
1029 0 3 42 43 131 167
771 0 1 55 56 62 124 125 134
819 0 1 42 43 124 125 130 131
790 0 1 47 48 57 58 62 124
660 0 1 30 38 62 77 87 124
1225 0 1 31 39 62 93 94 124
825 0 1 62 87 88 122 123 124
800 0 1 3 4 122 123 124
711 0 1 16 68 124 130
835 0 1 31 39 93 94 124 131
595 0 1 31 55 56 63 124 131 157 160
657 0 1 124 131 155 156
779 0 1 66 67 89 124 131 141
573 0 1 30 55 56 61 62 124
768 0 1 51 52 124 147 165 166
996 0 1 18 82 124 147 158 159
785 0 1 124 130 131 135 158 159
844 0 1 124 131 158 159 168 169
993 0 1 2 3 4
875 0 1 2 31 39 97 98 131
413 0 1 2 31 55 56 63 131
412 0 1 2 30 164 165 166
641 0 1 2 7 8 62
512 0 1 11 124 125
1025 0 32 62 68
837 0 1 31 32 33 55 56 68 124
907 0 32 55 56 62 68 130 135
55 0 16 68 130 134 135
658 0 11 32 68 124 125 140
1034 0 55 56 62 68 70
885 0 131
800 0 16 32 130 131 132 133 135
1083 0 16 70 131 132 133
363 0 31 39 42 43 91 131 170
902 0 31 39 55 91 92 131 157 160 174
1073 0 31 39 55 56 59 60 131
780 0 31 39 112 113 131
657 0 39 81 131 158 164
812 0 39 131 155 159 164
662 0 3 4 39 61 131
565 0 4 45 46 131 157 160 163
830 0 16 61 63 66 91 92 131 174
826 0 34 35 51 52 56 66 131
752 0 66 114 115 131 156 158 174
839 0 40 41 81 131 157 158 160
906 0 31 47 48 63 91 92 131 170 179
882 0 31 34 35 63 66 67 92 131 179
737 0 31 55 63 91 92 131 174
1019 0 31 39 44 63 131 147
723 0 42 43 63 131 164 170 179
927 0 42 43 61 63 131 164 172
840 0 6 7 8 16 131 157
837 0 80 131 156 179 180
780 0 59 60 91 92 131 179 180
985 0 31 39 59 60 91 92 131 170 179
1002 0 31 59 60 63 91 92 131 170 179
791 0 11 27 125 131 157 170 179
640 0 66 87 88 92 131 174 179
850 0 63 92 131 157 160 164 179
704 0 40 41 59 60 87 88 92 131 179
760 0 51 52 92 97 98 131 179
946 0 16 27 56 92 131 157 173 179
829 0 30 31 89 90 91 92 118 119 142
1127 0 30 31 55 56 165 166 170 179
867 0 30 31 87 88 142 143 154
921 0 30 38 39 87 88 89 141 164
835 0 30 158 159 164
370 0 30 38 39 51 52 164
450 0 30 34 35 38 141 146
915 0 30 61 164 165 166 172
586 0 66 67 69 83 91 92
785 0 57 58 69 83
921 0 55 56 69 83 92 157 160 179
900 0 30 44 55 56 62 69 77
981 0 18 38 39 55 56 69 89 141
671 0 18 61 63 69 131
912 0 55 56 69 88 89 141 157 160
572 0 69 88 181 182
669 0 26 33 123 147 158 159 164
900 0 18 87 147 165 166 179 180
570 0 3 4 39 44 147 170 179
571 0 3 4 26 27 147 170 179
848 0 63 92 147 164 165 166 179
363 0 34 35 36 92 127 147 179
712 0 36 55 56 92 127 147 179
584 0 55 56 92 108 109 147 179
734 0 7 8 57 58 62
734 4 50 82 88 108 163
560 4 16 27 56 157 163 173
514 0 3 4 87 88 101 102
647 4 82 83 105 106 107 163
716 4 40 41 156 158 163
594 0 4 53 54 93 94 131 163
448 0 3 4 45 46 157 160
583 4 116 117 118 119 163
621 0 3 4 49 50 66 67
458 0 1 4 124 131 163
496 4 17 18 50 108 163 165 166
570 0 3 4 12 13
671 4 131 153 163 183
530 4 27 91 92 131 157 163
520 0 3 4 57 58 59 60
466 4 34 35 95 96 163
743 0 4 55 56 59 60 131 163
769 4 93 94 163 170 171
705 4 22 23 49 50 163
754 4 38 39 163 173 174
849 4 82 83 157 160 163
729 1 124 131 163 167
824 40 41 59 60 131 163 167
823 69 88 163 167 184 185
728 116 143 147 163 167
716 108 109 165 166 175 176 177 178
599 38 39 173 174 175 176 177 178
838 0 38 39 40 41 71 175 176
669 38 39 40 41 175 176 177 178
816 0 131 175 176 177 178 179 180
801 34 35 175 176 177 178
638 72 73 118 119 142 177 178
657 0 3 4 40 41 165 166
542 0 3 4 42 43 49 50
941 0 1 124 125 130 131 134 135
578 0 1 70 124 125 131 158 159
941 0 1 31 57 58 62 63 91 92 124 157
580
247 0 1 62 112 113 124
772 0 1 62 124 165 186 187 188
760 0 1 62 87 88 120 121 124
623 0 1 55 56 124 152 184 185 189
927 0 1 3 4 124
725 0 1 16 70 124 131 132 133
601 0 1 31 39 59 60 91 92 124 131
987 0 1 31 63 124 131 187 188
710 0 1 59 60 124 131 170 179
779 0 1 55 56 89 124 131 141
783 0 1 30 44 55 56 62 124
800 0 1 30 31 124 165 166
912 0 1 55 56 89 124 141 147
753 0 1 18 82 124 147 158 159
868 0 1 124 130 131 135
1036 0 1 3 4 124 168 169
815 0 1 2 122 123 147
1098 0 1 2 93 94 131 165 186
930 0 1 2 16 26 27 56 66 131
1184 0 1 2 16 44 63 131
976 0 1 2 66 67 69 83 91 92
847 0 1 2 18 38 39 69
340 0 1 2 18 69 158 159
744 0 1 2 7 8 16
902 0 1 31 33 124 165 166
1114 0 31 32 39 62 68 87 88
965 0 7 8 16 32 68
739 0 32 33 68 158 159 164
1034 0 3 4 68 134
754 0 11 32 68 125
676 0 34 35 62 68 130 157 160
621 0 7 8 16 131 132 133 134
1005 0 16 70 131 132 133
363 0 47 48 91 92 131 165 170 179 186
902 0 55 66 67 91 92 131 165 174 186
1073 0 31 39 81 91 92 131 158
780 0 31 39 91 92 131 157 160
657 0 31 39 112 113 131
812 0 39 81 131 158 164
797 0 39 131 155 159 164
479 0 3 4 39 61 131
674 0 4 45 46 131 157 160 163
785 0 16 61 63 66 91 92 131 174
811 0 16 56 61 63 66 92 131 179
689 0 19 20 21 131 156 158 187 188
798 0 55 56 81 131 157 158 160 173 174
771 0 45 46 81 131 157 158 160
950 0 17 18 31 63 91 131 180
805 0 31 34 35 63 89 90 91 92 131
1056 0 31 55 63 91 92 131 157 160 174
723 0 4 31 63 131 163
779 0 63 66 67 131 164 170 179
913 0 61 63 66 67 131 164 172
851 0 6 11 125 131 157
922 0 80 131 156 179 180
609 0 103 131 145 179 180
358 0 69 77 87 88 131 179 180
1002 0 31 39 112 113 131 170 179
791 0 31 34 35 59 60 63 131 170 179
629 0 47 48 131 170 179
888 0 92 131 158 159 179
656 0 63 92 131 157 160 164 179
644 0 40 41 59 60 87 88 92 131 179
981 0 51 52 92 93 94 131 179
1017 0 92 131 157 160 170 171 179
626 0 30 31 131 153 183
946 0 30 31 34 35 89 90 91 92
875 0 30 31 91 165 166 170
855 0 30 31 38 39 91 170
779 0 30 31 55 56 92 158 159 179
879 0 30 31 87 88 142 143 154
863 0 30 91 92 164 165 186
840 0 30 39 61 131 164
592 0 14 29 30 164
805 0 30 38 108 109 183 189
537 0 30 44 55 56 62
415 0 3 4 30 61
571 4 46 71 72 77 82 163
701 4 87 88 163 173 174
539 0 3 4 56 173 179 180
699 4 46 71 72 86 101 163
711 0 4 40 41 87 88 131 163
772 4 17 18 40 41 63 163 190
574 0 3 4 53 54 93 94
703 0 3 4 45 46 63 190
737 0 3 4 63 141 146 190
823 4 49 50 163 165 186
569 4 36 49 50 127 163
496 0 4 131 163
638 4 17 18 31 39 163
457 4 12 13 163
510 4 163 184 185 187 188
680 0 4 91 92 131 157 160 163
775 4 17 18 91 92 163
683 4 34 35 36 127 163
601 0 3 4 55 56 157 160
764 4 50 55 56 108 163
793 4 93 94 163
829 4 163 165 166 184 185
711 4 42 43 49 50 163
805 4 53 54 157 160 163
774 1 31 33 124 163 167
891 131 157 160 163 167 173 174
509 30 38 45 46 163 167
743 147 163 167 184 185
809 33 163 164 167
651 16 163 167
405 173 174 175 176 177 178 179 180 191 192 193
451
910 99 100 175 176 177 178
882 63 116 143 175 176 177 178 190
1159 0 71 175 176 183 189
673 72 73 177 178
835 0 3 4
412 0 3 4 99 100
648 0 3 4 116 117 118 119
768 0 3 131 167 190 195
814 0 1 55 56 62 124 125 134
475 0 1 62 70 87 88 124 125
518 0 1 62 124
600 0 1 36 55 56 62 124 127 157 160
674 0 1 25 62 124 145
775 0 1 31 39 55 56 59 60 62 124
782 0 1 55 56 89 124 141 152 189
934 0 1 16 124 130 135 152 153
605 0 1 3 4 93 94 101 102 124
890 0 1 91 92 124 131 157 160 165 186
714 0 1 31 39 112 113 124 131
1022 0 1 31 63 91 92 124 131
767 0 1 63 124 131 170 179 190
827 0 1 51 52 112 113 124 131
807 0 1 89 124 131 141 157 160
829 0 1 30 38 39 44 62 124
1012 0 1 30 31 87 88 124
795 0 1 55 56 124 147 186 196
1142 0 1 55 56 108 109 124 147
897 0 1 124 141 146 147 165 166
789 0 1 11 124 125 130 135
1036 0 1 63 124 131 168 169 190
1030 0 1 16 124
929 0 1 2 16 32 68
977 0 1 2 39 42 43 131 164
732 0 1 2 31 63 91 92 131 190 195
505 0 1 2 16 44 63 131
1046 0 1 2 16 61 63 131
593 0 1 2 30 31 34 35
665 0 1 2 55 56 69 83
617 0 1 2 7 8 42 43 131
860 0 1 16 124 168 169
756 0 1 9 124 197
827 0 19 20 21 32 62 68 91 92
837 0 1 9 32 68 124 197 198 199
965 0 32 62 68 130 135
683 0 9 32 68 197 198 199
504 0 33 68 134 158 159 164
819 0 32 68 69 84 85 88
881 0 11 68 70 124 125 140
773 0 34 35 62 68 130 157 160
247 0 3 4 131 132 133 134 150 151
782 0 70 131 132 133 190 195 197 200
802 0 131 165 186 187 188
1051 0 66 67 91 92 131 165 186
475 0 55 91 92 131 165 174 186
1073 0 31 39 66 67 91 92 131
797 0 31 39 87 88 89 90 91 92 131
742 0 31 39 55 56 59 60 92 131 179
664 0 31 39 97 98 131
740 0 39 131 157 160 164
1133 0 39 131 155 159 164
950 0 39 55 56 61 62 131
483 0 4 40 41 63 131 163 190
522 0 16 130 131 135 163 167
744 0 66 104 131 144 174
301 0 16 26 27 56 66 131
735 0 56 66 92 131 171 198 199
843 0 4 131 156 158 163
659 0 81 131 158 184 185 187 188
1062 0 40 41 42 43 81 131 158
906 0 31 63 66 67 91 92 131
581 0 31 34 35 63 89 90 91 92 131 157
905
816 0 31 34 35 59 60 63 131 170 179
1295 0 31 55 56 63 131 148 189 198 199
1070 0 31 55 56 63 131 157 160
848 0 31 39 44 63 131 147
360 0 47 48 63 131 164
776 0 63 81 131 155 164
794 0 34 35 61 62 63 131
511 0 16 61 63 131
697 0 63 131 161 162 190
541 0 91 92 131 157 160 173 174
649 0 31 131 187 188 195
652 4 18 66 82 163 174
793 4 163 165 166 173 174
635 4 51 52 56 163 173
733 4 40 41 60 101 163
776 4 40 41 163 165 166 170 171
584 0 4 40 41 131 157 160 163
706 0 4 53 54 87 88 131 163
641 4 45 46 82 83 157 160 163
611 4 27 131 141 146 157 163
496 4 38 39 49 50 163
709 4 49 50 59 60 163
581 0 4 17 18 69 88 163
712 0 4 17 18 63 131 163 190
812 3 4 5 6 136 137
556 4 82 83 163 187 188
557 4 27 91 92 131 157 163
529 4 31 57 58 63 163
622 0 3 4 34 35 59 60
793 4 55 56 157 160 163
829 4 55 56 82 83 163
711 4 144 145 163
805 4 163 165 166 170 171
858 0 4 42 43 131 163
674 4 116 143 157 160 163
576 1 31 33 124 163 167
746 131 157 160 163 167 173 174
536 30 38 45 46 163 167
775 147 163 167 184 185
648 31 33 163 167
896 69 77 82 88 175 176 177 178
776 71 86 99 100 101 175 176
1177 116 117 118 119 175 176 177 178
814 71 86 101 114 115 175 176
702 175 176 177 178 198 199
774 38 39 72 73 177 178 198 199
889 0 3 4 161 162
505 0 3 4 38 39 141 146
1029 0 3 47 48 131 167
1002 0 1 31 33 87 88 124 125 134
771 0 1 38 70 124 125 172 198 199
620 0 1 71 72 73 124 125 130
780 0 1 59 60 124 131 151 170 179 201
525 0 1 16 124 168 169
495 0 1 47 48 57 58 62 124
1318 0 1 57 58 59 60 62 124
679 0 1 30 38 62 77 87 124
532 0 1 31 39 62 124 187 188
407 0 1 120 121 124 131 158 159
751 0 1 91 92 108 109 124 152 189
678 0 1 3 4 18 82 124 158 159
657 0 1 11 68 124
756 0 1 39 61 71 72 73 124 131
677 0 1 55 56 61 62 63 124 131
965 0 1 59 60 124 131
546 0 1 16 124 130 131 135 202
605 0 1 55 56 89 124 131 141 157 160
934 0 1 11 30 38 121 124 125 161
693 0 1 30 61 124 131
819 0 1 51 52 124 147
1222 0 1 87 88 124 147 184 185
389 0 1 101 102 103 104 124 147
1065 0 1 3 4 124 130 135
844 0 1 11 124 125 126 133
907 0 1 28 29 124 198 199
861 0 1 2 71 72 73 122 123
930 0 1 2 16 68 130
747 0 1 2 131
800 0 1 2 39 47 48 131 164
1012 0 1 2 31 55 56 63 131
658 0 1 2 31 55 56 59 60 131 195
665 0 1 2 30 158 159 164
617 0 1 2 18 69 158 159
860 0 1 2 7 8 30 38 198 199
735 0 1 3 4 124 168 169
988 0 1 9 47 48 124 197
1013 0 19 20 21 32 55 56 62 68
770 0 1 9 32 68 124 197 198 199
570 0 32 62 68 130 135
669 0 9 32 68 197 198 199
674 0 31 33 63 68 91 92 134 190
641 0 32 33 63 68 164 190
745 0 16 32 68 130 135
472 0 11 68
673 0 3 4 131 132 133 134 151 201
665 0 32 34 35 62 131 132 133
1037 0 62 93 94 130 131 132 133
753 0 62 91 92 131 165 186 202
1023 0 55 56 59 60 131 165 170 179 186
1041 0 31 39 55 56 62 131 153 183
586 0 31 39 66 67 91 92 131 170 179
662 0 31 39 42 43 55 56 131 170 179
991 0 31 39 112 113 131
944 0 39 131 156 158 164
883 0 39 59 60 92 131 164 179
479 0 39 44 131 147
688 0 4 56 59 60 131 163 173
804 0 4 49 50 131 157 160 163
608 0 63 66 91 92 131 174 190
765 0 56 66 131 148 189
1004 0 56 66 87 88 89 131 141
1089 0 19 20 21 114 115 131 156 158
609 0 69 81 88 131 158 202
427 0 47 48 56 81 131 158 173
780 0 55 56 81 131 141 146 158
961 0 31 63 91 92 131 170 179 190 195
374 0 31 63 91 92 131 198 199
641 0 31 34 35 63 131 198 199
647 0 3 4 31 55 56 63 131 202
743 0 31 63 97 98 131
578 0 4 63 131 163 164
448 0 16 63 92 131 164 179 202
528 4 163 173 174
598 0 3 4 99 100
895 0 3 4 45 46 157 160
698 4 49 50 157 160 163
631 0 4 66 67 131 163 203 204
473 0 1 4 124 131 163
548 0 3 4 17 18 205 206
718 4 17 18 61 63 131 163
509 4 12 13 82 83 163
587 4 82 83 163 183 189
527 4 53 54 66 67 91 92 163
664 0 3 4 66 67 91 92
731 4 17 18 91 92 163 190 195
574 4 57 58 63 163 164
743 0 4 34 35 131 157 160 163
611 4 40 41 55 56 157 160 163
701 4 55 56 155 156 163
703 4 31 93 94 163 207
780 4 45 46 87 88 163
846 4 17 18 118 119 142 163
562 4 38 39 163 173 174
670 4 158 159 163
557 4 40 41 59 60 163
593 3 39 131 167 208
836 131 157 160 163 167
747 30 38 53 54 163 167
674 51 52 147 163 167
739 16 130 135 163 167
721 164 175 176 177 178 205 206 207
745 82 83 175 176 177 178 183 189
718 87 88 101 102 175 176 177 178
734 0 53 54 71 175 176 205 206
910 71 74 75 76 86 175 176
739 175 176 177 178 191 192 193 194
698 175 176 177 178 205 206
1200 0 71 72 73 91 92
842 57 58 71 72 73 195 208
644 0 3 4 82 83 93 94
931 0 3 4 99 100
485 0 3 4 141 146 165 166
929 0 3 4 158 159 203 204
579 0 3 147 167
1014 0 1 124 125 131 134
992 0 1 3 4 70 124 125
819 0 1 124 125 130 209 210
660 0 1 124 131 151 157 160 201
645 0 1 30 38 124 151 198 199 201
653 0 1 31 57 58 62 63 91 92 124
674 0 1 47 48 55 56 62 124
541 0 1 16 19 62 124 194 202
788 0 1 31 39 62 93 94 124
515 0 1 124 152 155 159 189
407 0 1 31 55 56 59 60 124 152 189 207
830 0 1 62 93 94 122 123 124
725 0 1 9 32 68 124 197
669 0 1 39 44 55 56 62 124 131
595 0 1 31 39 97 98 124 131
625 0 1 3 4 61 63 124 131
884 0 1 59 60 124 131
721 0 1 43 124 131 202 211
912 0 1 55 56 89 124 131 141
941 0 1 30 38 91 92 108 109 124
742 0 1 30 55 56 61 62 124
843 0 1 9 124 197 211 212
779 0 1 124 147 148 189
650 0 1 89 90 124 147 205 206
1012 0 1 31 124 147 165 166 207
654 0 1 38 39 108 109 124 147
1222 0 1 124 147 170 171 205 206
801 0 1 38 39 124 141 146 147
783 0 1 124 130 135 147 198 199
743 0 1 55 56 124 125 126 127
922 0 1 31 33 87 88 124
993 0 1 2 55 56 62 122 123 157 160
710 0 1 2 16 68 130
760 0 1 2 39 131 158 159 164
834 0 1 2 31 59 60 63 91 92 131
283 0 1 2 31 66 67 91 92 131 195
847 0 1 2 30 31 205 206
852 0 1 2 69 83 205 206
656 0 1 2 3 4 7 8
763 0 1 66 67 124 125 126 127
685 0 1 31 33 91 92 124
802 0 32 34 35 62 68
965 0 31 32 39 62 68 87 88
1078 0 1 11 32 68 124 125
1114 0 7 8 16 32 68 211 212
652 0 32 68 69 88 130 135
583 0 16 32 68
719 0 31 33 55 56 68 134
281 0 32 33 68 164 198 199
881 0 7 8 16 32 68
701 0 11 68 70 125
789 0 16 130 131 132 133 134 135
662 0 9 32 131 132 133 195 197 210
718 0 43 70 131 132 133 211
745 0 91 92 131 157 160 165 186
411 0 66 67 91 92 131 165 186
1065 0 55 56 62 131 165 186 202
578 0 3 4 39 131 208
1070 0 7 8 39 43 131 208 211
268 0 31 39 131 153 183 209 210
786 0 31 39 59 60 91 92 131 170 179
870 0 31 39 55 56 59 60 131
640 0 31 39 55 56 131 157 160
970 0 3 4 31 39 42 131 212
543 0 39 56 66 131 164 198 199
617 0 39 131 158 159 164
968 0 39 92 131 158 159 164 179
585 0 39 44 131 164 172 198 199
678 0 42 69 84 85 88 131 212
686 0 42 43 49 50 63 131 190
537 0 4 53 54 93 94 131 163
679 0 3 4 131 163 167
718 0 66 91 92 131 174 198 199
596 0 3 4 82 83 93 94
569 0 3 4 18 82 190 195
605 4 17 18 163 165 166 173 174
652 0 3 4 56 173 179 180
666 4 93 94 101 102 163
641 4 49 50 60 101 163
647 0 3 4 40 41 87 88
565 4 17 18 38 39 40 41 163
633 0 3 4 53 54 57 58 59 60
641 0 4 53 54 87 88 131 163
838 0 3 4 53 54 165 166
667 4 17 18 53 54 163 165 166
635 0 3 4 45 46 157 160
564 4 50 108 141 146 163 165 166
859 0 3 4 116 117 118 119
614 0 3 4 38 39 49 50
657 4 47 48 49 50 163
659 4 157 160 163 213 214
473 3 4 203 204 207 208 215 216
821 0 3 4 42 43 203 204
472 4 163 203 204 217 218
496 0 1 2 3 4
629 3 4 17 18 207 208 215 216
550 3 4 17 18 38 39 207 208
737 0 3 4 80 81
485 4 163 184 185 191 192 193 194
671 4 18 82 163 187 188
520 4 27 91 92 131 157 163
466 4 91 92 163 170 171
497 4 51 52 57 58 163
688 4 34 35 163 217 218
601 4 27 55 56 131 157 163
722 4 55 56 163 219 220
580 4 93 94 163 170 171
648 4 22 23 49 50 163
708 4 163 170 171 205 206
831 4 163 165 166 203 204
797 4 42 43 49 50 163
840 4 63 163 190 203 204
822 4 59 163 213 214 218
858 1 124 131 151 163 167 201
692 1 124 131 163 167 168 169
602 63 131 163 167 190
750 0 3 131 167
822 31 69 88 163 167 207
798 147 163 167 173 174
728 31 33 163 167
630 34 35 108 109 175 176 177 178
709 57 58 173 174 175 176 177 178 179 180
558 0 71 161 162 175 176
838 0 53 54 71 175 176 215 216
854 0 38 39 49 50 71 175 176
648 0 71 131 175 176 195 208
793 0 71 175 176 221 222
984 72 73 177 178 198 199 213 214
1069 34 35 72 73 177 178 179 180
662 0 3 4 87 88 173 174
650 0 3 4 40 41 215 216
575 0 3 4 118 119 141 142 146
785 0 3 4 59 60 213 214
834 0 3 4 35 203 217 218
277 0 3 16 130 135 167
636 0 1 32 124 125 197 200
782 0 1 55 56 62 124 125 130
766 0 1 43 124 151 152 153 201 211
956 0 1 66 67 124 131 151 170 179 201
657 0 1 30 44 124 131 151 198 199 201
504 0 1 57 58 62 124
529 0 1 11 36 55 56 62 124 133
582 0 1 22 23 62 124
822 0 1 16 32 62 124 132 133
627 0 1 31 39 62 87 88 124
778 0 1 47 48 95 124 152 189 193 194
610 0 1 31 91 92 124 152 189 207
769 0 1 66 67 91 92 108 109 124 152 189
407 0 1 91 92 108 109 124 152 157 160 189
970 0 1 71 72 73 122 123 124
892 0 1 3 4 32 68 124
517 0 1 39 44 124 131 147
658 0 1 31 39 78 79 124 131
756 0 1 61 63 124 131 147
610 0 1 59 60 124 131
884 0 1 92 124 131 179 217 218
610 0 1 13 16 124 131 198 202
868 0 1 30 38 124 219 220 221 222
827 0 1 30 44 62 124
836 0 1 30 61 124 131
699 0 1 9 124 197 211 212 217 218
817 0 1 124 147 148 189
800 0 1 124 147 219 220 221 222
872 0 1 57 58 124 147 184 185
657 0 1 55 56 108 109 124 147
925 0 1 55 56 101 102 124 147
616 0 1 62 124 130 135 165 166
1065 0 1 31 63 91 92 124 190 209
726 0 1 3 4 124 168 169
1081 0 1 124 189 198 199 223
789 0 1 2 3 4 122 123
1093 0 1 2 69 88 122 123
1174 0 1 2 66 67 91 92 131 165 186
704 0 1 2 39 47 48 131 164
1158 0 1 2 31 63 131 183 189
708 0 1 2 63 131 164 217 218
969 0 1 2 30 31 183 189
818 0 1 2 16 30 61
758 0 1 2 18 63 69 190
548 0 1 2 7 8 152 189
707 0 1 2 71 72 73
792 0 1 71 72 73 76 86 124
749 0 1 9 124 197 198 199
919 0 19 20 21 32 62 68 87 88
713 0 1 9 32 68 124 197
644 0 9 32 68 197 211 212
625 0 7 8 32 62 68 87 88
536 0 31 32 33 55 56 68 190 195
683 0 3 4 68 134 201 224
704 0 55 56 62 68 134
641 4 34 35 82 83 163
541 4 18 45 46 63 82 163 190
701 4 17 18 163 173 174 205 206
543 4 17 18 56 163 173 190 195
675 4 55 56 101 102 157 160 163
545 4 40 41 101 163 216
655 0 3 4 99 100
716 4 40 41 163 165 166 170 171
658 4 17 18 40 41 63 163 190
772 0 3 4 53 54 55 56
651 0 3 4 38 39 53 54
611 4 36 45 46 127 163
652 4 141 146 163 165 186
631 4 116 117 118 119 163
710 4 49 50 163 165 166
617 4 49 50 163 165 186
647 0 3 4 49 50 157 160
706 3 4 63 208 213 214
539 4 74 94 163 164 207
657 4 17 18 38 39 163 164 225
659 0 3 4 59 60 164 225
647 4 17 18 163 203 204 215 216
650 4 42 43 163 203 204
631 4 35 82 83 157 160 163 203
472 0 4 39 131 163 164
521 3 4 17 18 207 208 215 216
782 3 4 17 18 38 39 207 208
587 0 3 4 17 18 179 180
581 4 5 6 131 163
587 4 31 163 209 226
485 4 163 164 187 188 207
649 0 3 4 91 92 157 160
737 4 91 92 163 184 185
601 3 4 57 58 195 208
466 0 3 4 34 35 59 60
497 4 40 41 55 56 157 160 163
706 4 26 27 55 56 131 163
605 4 112 113 163
709 4 53 54 93 94 163
691 4 45 46 93 94 163
658 4 49 50 78 79 163
726 4 163 170 171 205 206
832 4 53 54 163 165 166
689 4 39 44 131 163
747 4 40 41 63 163 190
588 4 47 48 163 203 204
574 4 51 52 163
680 66 67 131 163 167
723 131 163 167 190 195
732 0 3 30 38 167
806 147 163 167 186 196
689 130 131 163 167 227
791 31 34 35 175 176 177 178 179 180 207
692 38 39 50 108 175 176 177 178
688 71 86 173 174 175 176 215
680 0 40 41 71 175 176 215 216
817 38 39 53 54 175 176 177 178
785 71 86 175 176 213 214 215
928 38 39 175 176 177 178 203 204
828 71 91 92 175 176 195 208
777 118 119 142 175 176 177 178
874 0 38 39 71 72 73 203 204
829 55 56 71 72 73 77 82
1158 0 3 4 16 27 56 157 173
1463 0 3 4 40 41 63 190
809 0 3 4 63 116 143 190
799 0 3 4 198 199 213 214
413 0 3 4 16 212 213
732 0 3 4 165 166 203 204
764 0 3 63 131 167 190
643 0 3 16 167
654 0 1 32 62 124 125
869 0 1 62 124 125 130
817 0 1 11 124 125
766 0 1 81 124 131 151 158 201
782 0 1 43 124 131 151 201 202 211
582 0 1 71 72 73 124 151 201 211 212
547 0 1 31 55 56 57 58 59 60 62 63
465
903 0 1 16 26 55 56 62 123 124
713 0 1 24 25 62 124
716 0 1 16 62 70 124 132 133
785 0 1 31 39 62 97 98 124
971 0 1 81 124 152 155 189
691 0 1 124 147 152 189 207 208
909 0 1 124 152 153 227 228 229
711 0 1 91 92 122 124 230
699 0 1 16 32 33 61 68 124
872 0 1 91 92 124 131 165 186
575 0 1 31 39 91 92 124 131
845 0 1 56 66 124 131 198 199
756 0 1 31 63 124 131 221 222
768 0 1 124 131 157 160 170 179
973 0 1 124 131 155 156
824 0 1 89 90 93 94 124 131
1021 0 1 30 38 87 88 124 184 185
495 0 1 30 44 124 152 189
704 0 1 30 31 91 92 124
673 0 1 124 131 211 212
694 0 1 124 147 148 189 198 199
939 0 1 63 95 96 124 147 190
783 0 1 38 39 89 124 141 147
743 0 1 16 61 124 147 207
791 0 1 124 147 158 159 181 182
811 0 1 124 147 181 182 198 199
925 0 1 124 127 205 206 227 228
827 0 1 62 124 130 227
685 0 1 124 130 209 210 227
955 0 1 124 130 131 135
866 0 1 31 124 209 221 222
737 0 1 124 152 168 169 189
502 0 1 28 29 124
721 0 1 2 69 88 122 123
573 0 1 2 32 43 68 211
685 0 1 2 31 39 66 67 91 92 131
817 0 1 2 16 42 131 212
575 0 1 2 31 34 35 63 131
571 0 1 2 31 131 187 188 195
553 4 77 82 127 163 227 228
721 4 49 50 82 88 163
652 0 3 4 56 157 160 173
569 4 56 163 173 219 220
518 4 87 88 101 102 163
446 4 101 163 213 214 218
650 4 17 18 40 41 87 88 163
685 4 39 40 41 44 131 163
531 4 53 54 57 58 163 219 220
608 4 17 18 53 54 87 88 163
569 0 4 45 46 66 67 131 163
529 4 141 146 163 164 205 206 207
691 4 42 131 141 146 163 212
643 0 3 4 116 143 157 160
644 4 49 50 66 67 163
847 0 3 4 66 67 213 214
595 4 51 52 163 213 214
688 3 4 164 165 166 207 208 225
584 4 163 164 165 166 170 171 225
743 0 4 63 131 163 164 190 225
823 4 38 163 170 171 225
466 0 3 4 38 39 203 204
559 4 47 48 163 203 204
572 4 35 51 52 163 203
646 0 4 147 163
709 3 4 17 18 165 166 207 208
884 4 17 18 63 163 164
644 4 12 13 163
712 0 4 131 147 163 226
812 4 18 82 163 183 189
573 0 3 4 63 91 92 190
556 4 31 91 92 163 195
577 4 31 57 58 63 163
685 4 57 58 163
362 4 34 35 163 170 171
595 4 55 56 59 163 218
701 4 55 56 82 83 163
574 0 3 4 93 94
740 4 78 79 163
883 4 40 41 163 205 206
831 4 49 50 163 165 166
797 4 163
849 4 45 46 63 163 190
834 4 40 41 59 60 163
645 4 59 60 163 213 214
557 4 59 60 163 164 225
731 1 124 163 167 230 231
743 63 131 163 167 190
716 0 3 131 167
671 69 88 163 167 184 185
668 82 83 147 163 167
646 163 164 167 209 210 225
758 164 175 176 177 178 205 206 207
685 170 171 175 176 177 178 190 195
720 56 71 173 175 176 195 208
762 38 39 40 41 175 176 177 178
885 38 39 45 46 175 176 177 178
893 164 175 176 177 178 205 206 225
705 0 131 175 176 177 178
887 57 58 71 175 176 195 208
934 0 71 72 73 164 215 216 225
1142 72 73 177 178 191 192 193 194
658 72 73 165 166 177 178
825 0 3 4 56 173 198 199
745 0 3 4 53 54 87 88
752 0 3 4 49 50 158 159
839 0 3 4 66 67 164 225
929 0 3 4 59 60 203 204
1009 0 3 30 38 167
1065 0 1 31 33 55 56 124 125 134
778 0 1 32 43 124 125 211
767 0 1 66 67 124 125 130 131
711 0 1 32 62 68 124 151 201
436 0 1 124 131 151 157 160 170 179 201
944 0 1 30 38 124 151 198 199 201
510 0 1 71 72 73 124 151 201
581 0 1 11 124 135 151 201
677 0 1 55 56 62 87 88 124 157 230
621 0 1 62 124 144 145
1235 0 1 62 102 124 147 215 226
778 0 1 38 39 62 124
962 0 1 62 120 121 124 215 216
545 0 1 55 56 59 60 89 124 141 152 189
810 0 1 31 93 94 124 152 189 207
924 0 1 55 56 62 122 123 124
970 0 1 3 4 56 124 157 160 173
915 0 1 16 32 68 124
657 0 1 39 44 124 131 147
595 0 1 31 39 87 88 124 131
1102 0 1 61 62 63 93 94 124 131
832 0 1 56 124 131 157 160 173 198 199
807 0 1 59 60 92 124 131 179
879 0 1 47 48 95 124 131 193 194
930 0 1 63 89 124 131 141 190
742 0 1 11 30 38 121 124 125 161
845 0 1 30 55 56 61 62 124
763 0 1 16 30 44 124
798 0 1 124 147 211 212
749 0 1 124 147 165 166 170 179
728 0 1 38 39 124 147 219 220
413 0 1 124 147 165 166 184 185
759 0 1 124 147 170 171 205 206
1239 0 1 124 141 146 147 215 216
803 0 1 62 70 124 215 216 227
389 0 1 124 130 131 227
607 0 1 38 71 72 73 124 198 199 225
738 0 1 124 126 127 135
894 0 1 11 124 125
1036 0 1 31 33 124 147 226
1030 0 1 9 10 11 124
625 0 1 2 66 67 91 92 122 230
679 0 1 2 131
718 0 1 2 31 39 78 79 131
616 0 1 2 131 156 158
560 0 1 2 42 43 63 131 164
638 0 1 2 16 44 63 131
539 0 1 2 16 61 63 131
758 4 17 18 163 173 174 205 206
607 4 93 94 101 102 163
639 4 49 50 60 101 163
596 4 17 18 99 100 163
526 4 17 18 40 41 163 165 166
776 3 4 40 41 63 208
773 4 17 18 53 54 55 56 163
659 4 38 39 53 54 163
496 4 45 163 164 206 207
593 3 4 38 39 141 146 207 208
584 0 3 4 66 67 116 143
775 4 39 44 49 50 131 163
657 4 49 50 59 60 163
621 4 47 48 163 213 214
692 4 16 74 163 202 232
501 4 17 18 163 164 205 206 225
731 4 158 159 163 164 225
754 4 38 155 156 163 225
671 4 163 165 186 203 204
656 0 3 4 157 160 203 204
593 0 3 4 35 179 180 203
573 0 4 69 88 163
638 0 3 4 17 18 118 119 142
649 0 3 4 17 18 63 190
710 4 12 13 163 164 207
556 4 147 163 184 185 226
679 4 163 183 184 185 189
737 4 66 67 91 92 163
508 0 3 4 91 92 190 195
664 4 17 18 91 92 163
746 4 94 163 219 220 233
496 4 31 57 58 163 195
758 0 4 34 35 59 60 131 163
664 4 53 54 55 56 157 160 163
722 4 26 55 56 163 230
580 4 93 94 95 96 110 111 163
580 4 97 98 163
746 4 163 173 174 215 216
368 4 118 119 141 142 146 163
742 4 38 39 163 184 185
846 4 40 41 66 67 163
562 4 40 41 157 160 163
651 4 59 163 213 214 218
891 4 163 213 214 217 218
838 4 163 164 217 218 225
686 131 163 167
739 0 3 59 60 131 167
811 30 38 53 54 163 167
787 26 27 131 147 163 167
707 127 163 167 227 228
630 16 163 167
566 108 109 175 176 177 178 215 216
606 0 57 58 71 173 174 175 176
574 161 162 175 176 177 178
703 53 54 175 176 177 178 215 216
839 38 39 49 50 175 176 177 178
852 164 175 176 177 178 179 180 225
852 0 71 80 81 175 176
840 57 58 175 176 177 178 179 180
1006 72 73 74 177 178 190 195 232
984 35 72 73 177 178 179 180 203
1119 55 56 71 72 73 195 208
842 0 3 4 38 39 173 174
765 0 3 4 38 39 40 41
873 0 3 4 63 141 146 190
915 0 3 4 213 214 217 218
751 0 3 4 59 164 218 225
653 0 3 4 35 59 203 218
814 0 3 147 167 198 199
726 0 1 124 125 131 134
644 0 1 10 11 70 124 125 200
561 0 1 59 124 125 130 131 218
865 0 1 68 124 151 201 228 229
804 0 1 66 67 92 124 131 151 179 201
682 0 1 42 43 124 131 151 201 211 212
990 0 1 124 147 151 201 211 212
617 0 1 30 38 124 151 201 211 212
500 0 1 31 55 56 57 58 62 63 124
863 0 1 26 55 56 62 124 147 226 230
623 0 1 18 62 87 124 205 206
433 0 1 55 56 62 102 124 157 160 215
518 0 1 31 39 62 66 67 91 92 124
642 0 1 120 121 124 131
833 0 1 66 67 89 124 141 152 189
503 0 1 108 109 124 152 189 221 222
644 0 1 43 122 123 124 211
758 0 1 3 4 56 124 173 198 199
269 0 1 124 131
657 0 1 3 4 39 61 124 131
595 0 1 42 43 124 131 211 212
1023 0 1 16 61 63 124 131 168 169
829 0 1 14 29 124 131 198 199
845 0 1 55 56 62 124 131 202
610 0 1 94 124 131 219 220 233
771 0 1 30 38 124 198 199
1021 0 1 11 30 38 121 124 125 161
953 0 1 30 55 56 61 62 124
673 0 1 30 31 38 39 124
855 0 1 59 124 131 211 212 218
874 0 1 124 147 170 179 215 216
699 0 1 124 147 219 220 221 222
768 0 1 63 91 92 124 147 184 185 190
815 0 1 16 61 124 147 207
914 0 1 56 124 147 173 198 199
1169 0 1 57 58 124 127 227 228
941 0 1 11 70 124 125 227
805 0 1 124 130 147 227
624 0 1 62 124 130 135 165 166
623 0 1 74 124 198 199 209 210 232
882 0 1 124 125 126 127 157 160
591 0 1 31 33 57 58 124
599 0 1 38 124 172 198 199
552 0 1 2 93 94 122 230
584 0 1 2 32 62 68 87 88
671 0 1 2 3 4 32 68
596 0 1 2 31 39 131 187 188
583 0 1 2 42 63 131 190 214
641 0 3 4 82 83 234 235
713 4 18 46 82 163 205
641 0 3 4 91 173 174 180
558 4 16 27 56 157 163 173
543 4 50 56 108 163 173
675 0 3 4 93 94 101 102
772 4 45 46 60 101 163
655 0 3 4 99 100
557 4 18 40 41 87 163
641 3 4 39 40 41 208
651 0 3 4 53 54 57 58
583 0 3 4 53 54 55 56
559 0 3 4 38 39 53 54
637 4 45 46 157 163 230
629 4 141 146 163 165 166
653 4 36 127 141 146 163
682 4 38 39 49 50 163 219 220
642 0 3 4 49 50 157 160
617 4 36 49 127 163 235
647 0 4 131 157 160 163 213 214
674 4 74 163 190 195 232
547 4 17 18 163 164 215 216 225
671 4 42 43 163 164 225
659 4 155 156 163 164 225
698 0 3 4 203 204 215 216
625 4 17 18 163 203 204 215 216
525 4 42 43 163 203 204
563 4 155 156 163 203 204
625 0 1 2 4 131 163
661 4 17 18 163 215 216 219 220
550 3 4 17 18 38 39 207 208
734 3 4 17 18 195 208
683 4 5 6 131 151 163 201
644 3 4 208 209 226
530 4 31 163 187 188 207
706 4 50 108 163 232 233
718 4 163 173 174 236 237
739 4 51 52 57 58 163
778 4 31 63 163 234 235
542 4 34 35 40 157 160 163 238
712 4 34 35 163 170 171
677 0 4 55 56 59 60 131 163
743 4 55 56 163 164 207
715 4 40 93 94 163 238
728 4 87 88 116 143 163
793 4 163 164 215 216 225
852 3 4 165 166 207 208
714 4 38 39 40 41 163
868 4 66 67 163 203 204
793 4 49 50 157 160 163
670 4 59 60 163 203 204
713 4 49 50 59 163 218
640 1 31 33 124 163 167
825 53 54 63 131 163 167 190
720 131 155 156 163 167
822 30 31 163 167
798 31 147 163 167 207
863 71 72 73 163 167
606 31 175 176 177 178 205 206 207
619 170 171 175 176 177 178 215 216
578 0 71 165 166 173 174 175 176
733 0 40 55 56 71 175 176 190 195 238
819 0 53 54 71 175 176 215 216
841 0 38 39 49 50 71 175 176
847 63 164 175 176 177 178 190 225
814 71 80 81 86 101 175 176
926 175 176 177 178 221 222
810 71 72 73 74 75 76 86
866 63 72 73 177 178 190 203 204
1133 34 35 72 73 177 178
638 0 3 4 173 174 215 216
702 0 3 4 40 87 88 238
834 0 3 4 45 46 63 190
786 0 3 4 49 50 198 199
575 0 3 4 74 94 198 199
707 0 3 4 38 39 203 204
809 0 3 131 157 160 167
686 0 1 124 125 130 131 134 135
895 0 1 32 38 124 125 172 198 199
500 0 1 70 124 125 131 198 199
845 0 1 124 125 130 147 198 199
561 0 1 42 43 124 131 151 201 211 212
829 0 1 92 124 131 151 158 159 179 201
689 0 1 92 124 131 151 157 160 179 201
436 0 1 66 67 124 131 151 201 211 212
844 0 1 16 61 124 168 169 172
530 0 1 62 124 234 235 236 237 238 239
585 0 1 55 56 62 109 124 234
533 0 1 26 55 56 62 124 147 226 230
903 0 1 62 77 87 124 147
454 0 1 62 66 67 91 92 102 124 215
761 0 1 38 39 62 124
720 0 1 57 58 62 120 121 124
642 0 1 93 94 124 152 189 219 220
834 0 1 31 59 60 91 92 124 152 189 207
486 0 1 16 124 130 152 153 227
865 0 1 91 92 122 124 230
970 0 1 3 4 71 72 73 86 101 124
696 0 1 16 124 130 131 132 133
719 0 1 39 43 61 124 131 211
601 0 1 42 43 124 131 211 212
561 0 1 61 63 124 131 209 210
591 0 1 59 124 131 218
739 0 1 16 92 124 131 179 202
919 0 1 47 48 95 124 131 193 194
843 0 1 55 56 59 60 89 124 131 141
868 0 1 30 31 38 94 124 207 233
725 0 1 30 44 55 56 62 124
904 0 1 30 61 124 131 132 229
941 0 1 9 47 48 124 197 211 212
949 0 1 71 72 73 124 211 212
585 0 1 63 124 147 170 179 190
781 0 1 124 147 165 166 219 220
808 0 1 57 58 124 147 184 185
561 0 1 108 109 124 147 232 233
641 0 1 108 109 124 147 165 166
530 0 1 38 39 108 109 124 147
461 0 1 87 88 101 102 124 147
761 0 3 4 82 83 93 94
499 4 18 53 54 63 82 163 190
560 4 163 173 174 215 216
482 0 3 4 56 173 190 195
677 4 91 101 102 163 170
746 4 31 86 101 163 209
638 4 23 163 203 204 240
597 4 40 55 163 174 238
536 4 17 18 40 41 163 205 206
469 4 40 41 156 158 163
615 4 36 53 54 127 163 234 235
772 0 3 4 53 54 87 88
552 4 42 43 53 54 163
645 4 50 108 141 146 163 215 216
581 3 4 39 141 146 208
691 4 116 143 156 158 163
643 4 42 49 50 131 163 212
644 0 3 4 49 50 179 180
577 4 49 163 219 220 235
580 0 3 4 179 180 213 214
667 3 4 74 207 208 232
528 0 3 4 164 165 166 225
601 0 4 63 131 163 164 190 225
634 4 38 163 170 171 225
671 0 3 4 38 39 203 204
448 4 36 127 163 203 204
466 4 35 155 156 163 203
448 0 4 163 241 242
458 0 3 4 17 18 205 206
682 4 17 18 39 61 131 163
572 4 80 156 163
749 4 31 163 209 243
809 4 5 6 7 8 131 163
650 0 4 131 147 163 226
698 4 70 131 163 226 227
672 4 130 131 163 226 227
743 4 163 183 189
680 0 3 4 63 91 92 190
788 4 91 92 163 195 210
566 4 91 92 163
772 4 94 163 186 196 233
611 4 53 54 163 236 237
854 3 4 57 58 207 208
722 4 63 163 164 234 235
626 4 34 35 82 83 157 160 163
700 4 31 34 35 163 207
599 4 40 41 55 56 59 60 163
704 4 55 56 163 184 185
643 4 93 94 163 164 207
712 4 87 88 163 244 245
724 4 50 108 163 215 216
775 4 49 50 163 205 206
667 4 163 164 165 166 225
832 4 39 61 131 163
778 4 40 63 163 190 238
732 4 36 127 163
865 4 16 163 202
688 39 131 163 164 167
588 40 41 131 157 160 163 167
655 3 30 38 167 207 208
605 30 38 163 167 244 245
844 30 38 54 163 167 244
593 17 18 69 88 163 167
590 160 163 167 241 244 245
627 3 147 167 207 208
822 130 131 163 167 227
798 31 57 58 175 176 177 178 207
728 50 108 165 166 175 176 177 178
666 175 176 177 178 215 216 244 245
674 82 83 175 176 177 178 183 189
864 56 71 173 175 176 198 199 243
685 40 55 56 71 175 176 238 243
733 0 53 54 71 175 176 215 216
820 0 38 39 49 50 71 175 176
795 164 165 166 175 176 177 178 225
722 0 71 131 175 176 243
751 71 91 92 175 176 198 199 243
801 0 34 35 71 175 176
874 71 72 73 74 195 208 232
944 63 72 73 177 178 190 203 204
984 0 57 58 71 72 73
928 0 3 4 82 83 234 235
1010 0 3 4 55 56 101 102 157 160
1107 0 3 4 53 54 55 56 59 60
692 0 3 4 42 43 49 50
661 0 3 4 16 212 213
873 0 3 4 164 198 199 225
604 0 3 4 35 203 217 218
785 0 3 131 132 167 229
657 0 3 42 43 131 167
752 0 3 71 72 73 167
574 0 1 31 32 33 87 88 124 125
568 0 1 55 56 62 70 124 125
791 0 1 124 125 130 131 217 218
705 0 1 32 55 56 62 68 124 151 201
865 0 1 66 67 124 131 151 170 179 201
888 0 1 30 44 124 131 151 158 159 201
763 0 1 91 92 124 151 201 230 241
829 0 1 57 58 62 63 124 208 241 242
554 0 1 31 62 63 124 232 233 234 235
533 0 1 62 124 158 159 234 235
569 0 1 26 55 56 62 93 94 124 230
822 0 1 18 62 87 124 205 206
596 0 1 62 102 124 215 234 235
1225 0 1 39 62 124 208 241 242
535 0 1 55 56 62 120 121 124
775 0 1 97 98 124 152 189 219 220
659 0 1 31 91 92 124 152 157 160 189 207
847 0 1 124 147 152 153 198 199
909 0 1 71 72 73 122 123 124
486 0 1 3 4 101 102 124 234 235
615 0 1 16 68 124 130
625 0 1 39 55 56 61 62 124 131
683 0 1 31 39 112 113 124 131
584 0 1 61 62 63 124 131
498 0 1 31 55 56 63 124 131
709 0 1 124 131 157 160 170 179
585 0 1 124 131 217 218
701 0 1 89 90 124 131 187 188
559 4 17 18 163 173 174 205 206
748 4 55 56 101 102 157 160 163
677 4 33 86 101 163 164
505 3 4 121 161 208 209
499 4 18 40 87 163 238
605 0 3 4 40 41 165 166
793 4 17 18 40 41 63 163 190
673 0 4 53 54 131 163 234 235
531 4 53 54 163 215 216 219 220
608 4 45 46 66 67 163
637 4 50 108 141 146 163 205 206
598 4 42 141 146 163 214
686 3 4 63 116 143 208
604 4 49 50 163 238 239
761 4 49 50 51 52 163
635 0 3 4 66 67 213 214
470 4 51 52 163 213 214
624 4 50 108 163 213 246
279 4 163 170 171 213 246
626 4 74 94 163 219 220
611 4 38 39 163 164 170 171 225
614 4 157 160 163 164 225
448 3 4 203 204 207 208 215 216
536 4 42 131 163 203 204 212
595 0 3 4 179 180 203 204
788 0 3 4
506 0 4 17 18 100 163 247
631 4 17 18 163 205 206
563 3 4 17 18 39 208
634 4 26 27 131 147 163 243
712 4 17 18 100 163 243 247
524 0 4 12 13 131 163
649 4 163 185 191 192 193
662 4 95 96 110 111 147 163 226
634 4 31 163 209 226
578 4 31 163 187 188 207
509 4 31 63 91 92 163
693 4 26 91 92 163 230
712 0 3 4 59 60 232 233
646 4 94 163 164 207 233
823 4 163 236 237
701 4 57 58 163 170 171
868 0 4 131 163 190 195 234 235
782 0 4 34 35 131 157 160 163
496 0 3 4 34 35
490 4 55 56 59 163 218
555 4 40 55 56 163 190 195 238
730 4 55 56 163 244 245
697 4 93 94 163 173 174
643 4 53 54 87 88 163
711 4 53 54 163 215 216
844 4 118 119 141 142 146 163
778 4 38 39 51 52 163
732 0 3 4 42 43
865 4 49 50 63 163 190
688 4 40 59 60 163 238
588 4 155 156 163
891 41 131 163 167 239
692 53 54 59 60 131 163 167
619 30 38 54 163 167 244
790 17 18 69 88 163 167
723 160 163 167 241 244 245
739 3 147 167 207 208
768 130 131 163 167 227
662 16 163 167
701 34 35 108 109 175 176 177 178
576 57 58 175 176 177 178 179 180 244 245
797 54 175 176 177 178 215 216 244
642 71 86 173 174 175 176 215
514 161 162 175 176 177 178
605 39 40 41 71 175 176 208
667 45 46 165 166 175 176 177 178
686 0 71 175 176 190 195 213 246
720 71 76 86 175 176 225 248
558 0 100 175 176 177 178 247
737 71 175 176 195 208 246 249
744 175 176 177 178 179 180 246 249
751 71 175 176 221 222 243
801 38 39 175 176 177 178 198 199
822 0 38 39 71 72 73 164 225
887 72 73 177 178 191 192 193 194
934 34 35 72 73 177 178 179 180
1142 0 3 4 34 35 82 83 157 160
821 0 3 4 93 94 101 102
830 0 3 4 53 54 55 56 59 60
650 0 3 4 42 43 49 50
931 0 3 4 47 48 213 246
534 0 3 4 66 67 164 225
870 0 3 4 59 60 203 204
790 0 3 30 38 167
816 0 1 62 124 125 134
681 0 1 32 124 125 131
856 0 1 55 56 62 124 125 130
515 0 1 124 125 130 209 210
1033 0 1 4 124 131 151 163 201
865 0 1 59 92 124 131 151 179 201 218
927 0 1 59 60 124 131 151 201 211 212
851 0 1 124 127 151 201 227 228
800 0 1 31 57 58 62 63 124 234 235
941 0 1 16 61 62 63 124 234 235
515 0 1 55 56 62 124 157 230 236 237
585 0 1 55 56 59 62 124 218
465 0 1 18 62 87 124 205 206
979 0 1 18 62 87 124 165 166
565 0 1 55 56 62 102 124 215
433 0 1 39 62 124 160 208 241
560 0 1 62 87 88 120 121 124
825 0 1 89 124 141 152 189 234 235
569 0 1 31 59 60 91 92 124 152 189 207
800 0 1 124 152 153 227 228 229
954 0 1 122 123 124 209 210
711 0 1 3 4 55 56 101 102 124
236 0 1 124 131
697 0 1 39 55 56 61 62 124 131 157 160
597 0 1 31 39 93 94 124 131
614 0 1 61 62 63 124 131 234 235
575 0 1 31 55 56 63 124 131 157 160
541 0 1 47 48 124 131 170 179
574 0 1 124 131 155 156
719 4 18 82 163
636 0 4 87 88 131 163 173 174
611 3 4 63 101 102 208 234 235
329 4 86 101 163 247 250
496 4 101 163 213 214 218
640 4 105 106 107 163 170 171
622 4 17 18 40 41 163 215 216
589 4 40 41 163 238 239
743 0 3 4 53 54 63 190 234 235
623 4 53 54 93 94 163 219 220
779 4 53 54 163
691 4 45 163 170 171 206
677 4 38 39 50 108 141 146 163
529 4 41 116 143 163 239
716 4 38 39 49 50 163 170 171
725 4 49 50 157 160 163
598 0 4 49 131 163 190 195 235
740 4 157 163 213 214 230
785 4 163 213 217 218 246
859 4 74 163 219 220 232
667 4 163 164 165 166 170 171 225
533 0 3 4 63 164 190 225
634 4 38 50 108 163 225
742 4 38 39 163 170 171 203 204
473 4 157 160 163 203 204
546 4 59 60 163 203 204
850 4 59 163 203 204 218
593 4 35 163 170 171 203
755 0 4 7 8 131 163
691 4 17 18 54 163 205 206 244
458 4 17 18 38 39 163
448 0 3 4 80 81
548 3 4 100 207 208 243 247
581 4 12 13 54 163 244
767 0 3 4 191 192 193 194
677 4 163 246 249
686 4 163 226 247 250
611 0 4 131 163 183 189
853 4 61 63 91 92 131 163
797 4 17 18 91 92 163 190 195
700 0 4 91 92 131 163
673 4 163 232 233
558 4 40 163 236 237 238
664 4 57 58 163 219 220
739 3 4 63 208 234 235
647 4 82 83 163 234 235
587 4 34 35 163 184 185
775 4 47 48 55 56 163
601 4 55 56 163 186 196
617 3 4 93 94 207 208
632 4 97 98 163
691 4 31 163 207 215 216
746 4 53 54 163 205 206
368 4 141 146 163 165 166
886 4 38 39 163 164 225
628 4 42 43 49 50 163
757 4 42 43 163 164 225
706 4 63 141 146 163 190
736 4 47 48 163 203 204
598 4 163 164 217 218 225
774 131 163 167
596 47 48 131 163 167
563 30 38 163 167 170 171
565 0 3 69 88 167
686 0 131 163 167 241 242
545 147 163 167 219 220
737 70 131 163 167 227
818 163 164 167 209
698 164 175 176 177 178 179 180 207
728 175 176 177 178 244 245 246 249
666 54 57 58 175 176 177 178 179 180 244
707 0 57 58 71 173 174 175 176
897 0 71 86 100 101 175 176 247
520 40 41 71 86 175 176 215
740 0 38 39 53 54 71 175 176
510 0 71 175 176 213 214 215 216
577 164 165 166 175 176 177 178 225
501 0 71 131 175 176 243
773 100 175 176 177 178 243 247
948 71 136 137 175 176 243
848 175 176 177 178 179 180 232 233
852 55 56 71 86 101 175 176
892 72 73 74 177 178 179 180 232
864 72 73 177 178 179 180 203 204
712 72 73 177 178 179 180 232 233
914 0 71 72 73 165 166
1226 0 3 4 56 59 173 218
692 0 3 4 40 41 66 67
661 0 3 4 63 141 146 190
873 0 3 4 16 49 202 235
604 0 3 4 74 217 218 232
785 0 3 4 132 203 204 229
657 0 3 131 158 159 167
490 0 3 100 167 247
803 0 1 31 32 33 87 88 124 125
605 0 1 55 56 62 70 124 125
641 0 1 124 125 130 131 217 218
425 0 1 32 55 56 62 68 124 151 201
941 0 1 66 67 124 131 151 170 179 201
983 0 1 30 44 124 131 151 158 159 201
766 0 1 124 147 151 201
844 0 1 124 151 198 199 201 251 252
990 0 1 31 57 58 62 63 112 113 124
780 0 1 26 62 91 92 124 230 234 235
584 0 1 36 55 56 62 124 127 234 235
607 0 1 62 112 113 124
990 0 1 19 62 124 192 193 194
824 0 1 16 62 70 124 132 133
713 0 1 31 39 55 56 62 124
557 0 1 120 121 124 131
679 0 1 120 121 124 131 158 159
441 0 1 42 43 89 124 141 152 189
757 0 1 31 97 98 124 152 189 207
719 0 1 124 152 189
634 0 1 122 124 230 236 237
619 0 1 16 32 33 61 68 124
548 0 1 124 131 165 186 187 188
685 0 1 39 61 71 72 73 124 131
570 0 1 3 4 42 124 131 212
625 0 1 61 63 124 131 241 242
685 4 50 82 83 163 234
636 4 77 82 163 164 209
698 4 82 88 163 213 214
820 0 4 56 131 157 160 163 173
520 4 56 163 173 219 220
763 0 3 4 55 56 101 102
699 4 101 163 170 171 216
536 4 82 83 161 162 163
752 3 4 39 40 208 238
733 4 40 41 163 165 186
793 4 40 41 82 83 157 160 163
665 0 4 53 54 55 56 131 157 160 163
692 4 53 54 163 215 216
785 0 3 4 45 46 63 190
518 4 46 141 146 163 205
697 4 66 141 146 163 174
644 4 116 143 157 160 163
691 4 49 50 163 238 239
691 4 49 50 155 156 163
773 4 163 213 214 238 239
636 4 163 213 214 217 218
632 4 9 163 212 213 253
621 4 74 94 163 186 196
584 3 4 38 39 164 207 208 225
656 0 4 63 131 163 164 190 225
670 4 17 18 63 163 164 190 225
577 4 38 163 219 220 225
480 3 4 38 39 203 204 207 208
689 0 4 131 157 160 163 203 204
650 0 3 4 35 179 180 203
785 0 4 17 18 69 88 163
448 4 17 18 50 108 163 215 216
649 4 17 18 163 165 186
626 4 17 18 36 127 163
740 0 3 4 147 243
491 4 12 13 95 96 110 111 163
695 4 5 6 131 163
603 4 163 244 245 246 249
536 4 131 163 226 251 254
721 4 31 163 183 189 207
530 4 53 54 59 60 163 232 233
706 4 31 94 163 207 233
724 4 17 18 163 236 237
832 4 50 57 58 108 163
752 0 3 4 190 195 234 235
576 0 3 4 34 35 157 160
667 4 18 34 35 82 163
601 0 4 55 56 59 60 131 163
599 4 55 56 163 164 207
596 4 93 94 163 244 245
652 4 87 88 163 173 174
524 4 54 163 215 216 244
760 0 3 4 205 206
852 4 17 18 163 165 166
888 4 42 43 49 50 163
849 4 16 61 63 163
880 4 61 63 131 163
670 4 27 131 157 163
782 4 163 255 256
573 131 163 165 167 186
775 131 157 160 163 167 244 245
533 131 163 167
851 69 88 163 167 184 185
355 53 54 163 167 241 242
638 16 26 27 147 163 167
627 0 3 147 167
822 130 131 135 163 167
798 31 165 166 175 176 177 178 207
713 118 119 142 170 171 175 176 177 178
700 0 38 39 71 175 176 244 245
424 71 77 82 175 176
692 100 101 102 175 176 177 178 226 247
839 40 55 56 71 175 176 238 243
557 0 53 54 71 175 176 215 216
574 0 38 39 49 50 71 175 176
673 74 175 176 177 178 198 199 232
703 175 176 177 178 179 180 203 204
644 175 176 177 178
957 175 176 177 178 198 199 232 233
896 0 55 56 71 175 176
894 71 72 73 74 198 199 232 243
969 35 72 73 177 178 179 180 203
736 72 73 177 178 198 199 232 233
960 55 56 71 72 73 195 208
937 55 56 71 72 73 198 199 243
1187 0 3 4 18 82 190 195
821 0 3 4 161 162
825 0 3 4 38 39 53 54
633 0 3 4 47 48 49 50
676 0 3 4 16 202 213 246
732 0 3 4 59 60 164 225
698 0 3 4 35 59 60 203
814 0 3 167 241 242
1170 0 1 62 124 125 134
644 0 1 32 43 124 125 211
685 0 1 3 4 124 125 130
791 0 1 124 147 151 152 153 201
705 0 1 81 124 131 151 158 201
865 0 1 55 56 62 124 131 151 201 202
888 0 1 124 147 151 201 211 212
763 0 1 11 124 151 201 227
829 0 1 57 58 62 63 124 160 208 241
554 0 1 31 57 58 62 63 124 234 235
533 0 1 62 124 158 159 234 235
569 0 1 26 55 56 62 93 94 124 230
730 0 1 18 62 87 124 205 206
623 0 1 62 102 124 215 234 235
739 0 1 39 62 124 208 241 242
454 0 1 55 56 62 120 121 124
761 0 1 97 98 124 152 189 219 220
772 0 1 31 91 92 124 152 157 160 189 207
270 0 1 124 147 152 153 198 199
515 0 1 122 123 124 227 228 229
703 0 1 3 4 56 124 173 198 199
591 0 1 3 4 87 88 101 102 124
545 0 1 3 4 71 72 73 86 101 124
709 0 1 16 124 130 131 132 133
607 0 1 39 61 124 131 147
596 0 1 42 43 124 131
636 0 1 3 4 61 63 124 131
543 4 31 63 101 102 163 234 235
749 0 3 4 101 157 160 257
782 4 18 82 161 162 163
536 4 18 40 87 163 238
590 4 40 41 163 205 206
650 4 40 41 66 67 163 257 258
530 0 3 4 53 54 63 190 234 235
693 0 3 4 53 54 55 56
583 4 53 54 163 165 166
611 4 45 46 63 163 190
608 4 46 141 146 163 205
646 4 66 141 146 163 174 257 258
638 0 3 4 116 143 157 160
787 0 4 42 43 49 50 131 163
658 0 3 4 49 50 59 60
691 4 36 49 127 163 235
700 3 4 63 208 213 214
598 4 51 52 163 213 214
578 4 131 163 212 213
632 3 4 74 94 207 208
709 4 163 164 165 186 225
667 4 38 39 163 164 219 220 225
671 4 17 18 63 163 164 190 225
598 4 163 225 230 231 248
722 4 132 163 203 204 229
743 4 66 67 163 203 204 257 258
679 4 131 163 202 203 204
850 4 35 50 108 163 203
722 0 4 163 241 242
556 4 17 18 163 164 207 215 216
634 4 17 18 163 164 165 166 207
626 4 17 18 163 238 239
668 4 147 163 243 259 260
743 4 163 243 247 250
483 4 12 13 54 163 244
448 4 163 244 245 261 262
577 4 103 104 163
517 4 163 164 207 246 249
570 0 3 4 157 160 257 258
707 4 54 147 163 226 244
575 3 4 151 226 247
509 0 3 4 183 189
838 4 156 158 163 232 233
724 4 94 95 96 163 233
895 4 163 204 236 237 259
530 0 3 4 57 58 59 60
646 4 163 234 235 238 239
869 4 51 52 163 234 235
598 0 4 34 35 131 157 160 163
683 4 34 35 82 83 163
749 4 17 18 34 35 163
589 4 34 35 163
665 0 4 55 56 59 60 131 163
724 4 55 56 95 96 163
659 4 55 56 163
722 4 93 94 101 163 257
878 4 87 88 163 244 245 257 258
746 4 163 215 216 259 260
687 4 50 108 163 205 206
697 4 31 163 165 166 207
667 4 38 39 50 108 163
750 4 40 66 67 163 238
856 4 63 163 190 203 204
880 4 47 48 163
709 4 163 164 217 218 225
711 42 43 131 163 167
633 0 3 131 157 160 167
843 3 30 38 167 207 208
574 18 69 82 88 163 167
833 82 83 163 167 241 242
691 53 54 160 163 167 241
715 147 163 164 167 207
602 16 70 163 167 227
686 163 167 203 204 209 210
545 0 71 175 176 215 216 259 260
732 31 34 35 175 176 177 178 179 180 207
809 38 39 108 109 175 176 177 178
801 57 58 175 176 177 178 244 245
668 54 175 176 177 178 205 206 244
728 57 58 173 174 175 176 177 178 179 180
536 0 57 58 71 173 174 175 176
737 0 71 86 100 101 175 176 247
833 0 40 41 71 175 176 215 216
618 0 53 54 71 165 166 175 176
651 49 50 71 175 176 198 199 243
629 164 175 176 177 178 205 206 225
669 0 71 131 175 176 195 208
901 71 86 101 114 115 175 176
702 0 71 175 176 232 233
858 55 56 71 175 176 243
924 72 73 74 177 178 198 199 232
858 35 72 73 177 178 198 199 203
987 71 72 73 195 208 232 233
964 72 73 118 119 142 177 178
1200 0 3 4 56 59 60 173
705 0 3 4 23 240
834 0 3 4 53 54 165 166
824 0 3 4 49 50 157 160
575 0 3 4 195 210 213 246
709 0 3 4 47 48 164 225
674 0 3 4 35 47 48 203
726 0 3 147 167
918 0 1 33 38 124 125 134 198 199
574 0 1 32 124 125 131 198 199
579 0 1 62 87 88 124 125 130
490 0 1 43 124 151 152 153 201 211
688 0 1 124 131 151 156 158 201
856 0 1 62 124 131 151 201 202 236 237
702 0 1 30 38 124 151 201 211 212
965 1 124 151 201 227 228 229
707 1 57 58 62 63 124 208 241 242
613 1 31 57 58 62 63 91 92 124
956 1 31 57 58 62 63 66 67 91 92 124
582 1 31 62 63 124 205 206 234 235
631 1 16 61 62 63 124 234 235
592 1 26 55 56 62 124 230 234 235
760 1 18 62 87 124 215 216
808 1 62 102 124 215 236 237
552 1 62 66 67 91 92 124 165 186
697 1 31 39 62 87 88 124
817 1 81 124 152 155 189
602 4 82 83 91 163 170
709 4 46 71 72 77 82 163
620 4 18 63 82 163 190
636 4 163 173 174 215 216
709 3 4 56 59 60 173
636 4 56 163 164 173 207
712 4 87 88 101 102 163
560 4 40 41 66 67 101 163 257
726 4 49 50 59 60 101 163 257
482 4 101 163 213 214 216
710 3 4 161 162
650 4 18 40 87 163 238
647 3 4 39 40 208 238
547 4 39 40 163 164 238
686 4 17 18 40 41 163 165 166
631 3 4 40 41 63 190
595 4 36 53 54 127 163 234 235
742 4 53 54 55 56 163
624 4 17 18 38 39 53 54 163
559 3 4 45 46 157 160
534 4 141 142 143 146 154 163
628 4 63 131 141 146 163 190
556 4 16 163 254 263
631 4 49 50 66 67 101 163 257
666 4 49 50 59 163 218 257 258
557 3 4 49 179 180 235
544 4 131 157 160 163 213 214
575 3 4 59 60 213 246
674 4 59 60 74 163 232
279 4 74 94 163 170 171
688 4 17 18 38 39 163 164 225
655 3 4 157 160 164 225
581 4 38 163 225 253 264
254 4 17 18 163 165 166 203 204
541 4 61 63 131 163 203 204
538 4 155 156 163 203 204
546 3 4
755 4 147 163
500 4 17 18 163 204 215 216 259
469 4 17 18 163 165 166 204 259
758 4 17 18 163
734 4 95 96 147 163 243
728 4 46 71 72 163 243
671 3 4 100 207 208 243 247
641 4 12 13 163 186 196
629 4 95 96 163 261 262
472 4 101 163 175 176 177 178 257
676 3 4 5 6 151 201
541 4 163 184 185 246 249
782 4 54 157 160 163 244 257 258
679 4 147 163 184 185 226
635 4 100 163 226 247
535 4 163 201 226 250 257 258
710 4 163 164 187 188 207
614 4 53 54 63 91 92 163 190
677 4 59 60 91 92 163 257 258
659 4 91 92 163 184 185
692 4 59 163 218 232 233
737 3 4 94 207 208 233
679 4 18 82 163 236 237
538 4 31 57 58 163 195
706 4 40 41 63 163 190 234 235
572 4 163 234 235 257 258 259 260
775 4 163 170 171 234 235
868 4 163 234 235 244 245 257 258
752 4 34 35 163 217 218
