300 3000
1 34 64 68 126 132 147 181 228 256 261 280
1 28 134 160 201 203 208 253 258 260 298
1 6 25 44 68 139 146 220 276 297
1 56 79 137 162 164 194 209 217 241
1 10 36 56 71 116 159 199 212 291
1 0 7 52 125 171 223 231 282
1 4 21 89 92 118 158 167 289
1 33 86 153 176 204 249 255
1 38 68 114 162 265 289 292
1 5 41 67 71 122 152 215
1 22 74 93 112 115 242 262
1 16 33 75 104 122 149 294
1 45 63 64 120 132 292 295
1 34 84 91 109 115 157 267
1 0 43 58 229 240 244
1 37 96 101 221 235 274
1 59 103 122 137 270 296
1 7 148 154 226 266 268
1 15 105 199 205 254 281
1 97 187 202 226 238 254
1 31 42 47 110 229
1 17 27 111 172 219
1 30 207 240 257 281
1 16 186 188 217
1 22 86 107 225
1 37 177 188 278
1 46 213 216 274
1 23 157 299
1 83 285
1 0 223
1 26 227
1 82 251
2 7 39 137 138 140 144 160 242 247
2 112 146 185 219 223 234 239 271 279
2 14 28 88 95 126 179 254 257
2 13 16 35 73 83 152 154 247
2 44 98 114 201 253 256 277
2 25 40 68 152 157 176 295
2 26 55 64 82 93 111 136
2 6 113 208 209 220 274
2 8 64 65 104 190 256
2 77 97 125 228 251 271
2 83 95 125 147 235 265
2 39 40 109 243 250 293
2 0 77 206 209 217 239
2 53 55 63 69 215 288
2 91 227 236 265 280 296
2 24 103 138 179 182 188
2 124 159 186 277 298
2 35 107 235 247 290
2 4 52 106 107 228
2 126 180 273 274
2 2 106 148 151
2 60 140 144 221
2 16 74 119 244
2 122 203 276
2 71 97 181
2 51 211 263
2 16 275 292
2 38 63 231
2 251 266
2 41 153
3 14 40 50 64 72 107 116 147 174 237 289
3 100 134 149 161 181 193 196 205 251
3 13 32 69 70 85 112 160 199 240
3 14 41 52 141 167 189 242 290 291
3 0 200 209 219 228 229 265 283
3 24 97 119 137 216 233 283
3 50 82 93 106 147 198
3 75 103 112 135 183 219
3 13 100 110 129 141 194
3 1 3 42 54 267 281
3 45 58 134 217 239 264
3 121 123 193 230 249 257
3 3 72 105 182 191
3 152 169 214 283
3 47 145 242 278
3 122 149 172 178
3 1 13 73 93
3 77 86 228 286
3 167 214 270
3 195 214 238
3 45 156 284
3 121 189 244
3 185 262
3 104 156
4 2 31 33 59 72 100 158 166 179 209 215 261 276 278 287
4 57 63 92 143 200 207 213 268 288 290 298
4 14 41 56 79 83 201 238 256 279 287
4 11 17 23 79 95 147 177 222 296
4 20 36 133 166 171 201 243 296
4 19 30 56 63 95 224 241 289
4 27 42 50 95 155 189 206 257
4 39 95 127 128 145 147 177 216
4 12 62 84 121 218 253 264 282
4 36 76 119 146 185 206 222 270
4 0 32 60 166 183 264 271 293
4 100 130 161 222 245 274 279
4 79 165 197 209 268 278 297
4 9 14 30 45 53 76 230
4 6 141 169 200 202 273 288
4 7 15 16 154 180 202 208
4 41 47 95 96 162 197 253
4 37 118 124 268 269 276
4 0 77 78 199 254 257
4 99 144 151 236 241 298
4 151 182 183 195 211 238
4 3 61 173 223 251 291
4 89 129 144 236 252 277
4 15 107 121 157 232 240
4 6 47 221 228 249
4 26 100 171 178 244
4 10 22 39 221 230
4 73 174 200 297
4 18 55 215
4 61 67
4 76 281
5 15 46 98 107 166 187 196 214 228 282
5 18 26 84 87 108 113 179 211 222 230
5 67 73 158 165 207 229 271 290 293
5 61 106 170 173 248 270 288 289 291
5 25 41 43 61 95 99 100 152 179
5 2 59 101 113 137 170 177 239
5 70 82 98 111 119 167 182 211
5 2 3 19 69 71 105 113 282
5 63 85 153 168 232 251 264
5 5 52 67 168 213 222 249
5 26 103 110 176 219 246 294
5 39 72 86 94 174 268 288
5 3 17 116 155 195 276
5 36 46 150 257 289 295
5 3 56 128 138 264 280
5 168 183 186 216 236 280
5 78 130 152 158 236 247
5 25 126 198 261 282 297
5 39 205 227 279 299
5 86 157 168 180 275
5 4 94 102 135 147
5 4 131 202 286 294
5 95 100 113 175 282
5 5 77 94 179 222
5 41 166 171 201 267
5 107 155 181 218 254
5 13 93 165 243 288
5 7 27 60 249 258
5 94 123 185 201 272
5 11 52 92 268
5 161 180 273
5 42 237 271
6 32 54 93 97 148 150 152 186 206 228 298
6 37 62 65 75 78 117 138 245 257 290 296
6 40 46 79 85 117 118 130 151 222 250
6 5 10 20 25 57 93 137 162 182 205
6 32 40 88 116 139 161 173 190
6 1 51 109 151 208 270 288 293
6 19 60 127 140 143 202 245
6 51 185 214 263 268 290 298
6 88 90 142 150 155 239 251
6 55 85 117 138 186 189 259
6 25 30 104 126 132 153 181
6 63 66 76 177 200 215
6 37 64 129 150 235 299
6 31 96 100 111 166 262
6 46 64 110 136 185
6 54 133 172 279 285
6 148 171 175 194 222
6 10 17 95 178 187
6 29 109 145 266 296
6 18 157 160 245 298
6 51 125 182 230 245
6 47 111 129 167
6 87 142 145 154
6 145 184 243 268
6 26 88 218
6 85 124 149
6 29 184 269
6 57 61
7 12 15 43 68 74 86 88 133 139 162 235 263 281 282
7 50 56 81 154 164 179 202 226 227 266 293
7 5 18 31 35 46 79 88 92 269
7 53 91 147 181 199 246 251 253
7 33 61 79 150 188 200 217 238
7 8 113 185 189 196 205 245 283
7 32 82 103 159 215 218 246 289
7 10 17 92 170 236 263 273 274
7 31 65 80 92 140 199 233 252
7 86 100 162 205 206 240 270
7 0 198 213 220 229 257
7 18 102 147 277 281 287
7 93 121 166 195 259 290
7 96 137 170 192 214 276
7 80 194 243 263 286 297
7 15 97 197 271 272
7 3 65 137 140 167
7 127 135 238 276 282
7 7 28 79 91 199
7 42 118 224 228 239
7 9 15 140 182 221
7 28 135 168 232
7 67 162 192 212
7 32 52 215
7 10 43 202
7 107 119 192
7 25 39 260
7 23 261
8 49 59 157 172 184 194 204 214 249 250 273 275 287
8 21 31 64 65 68 101 206 251 267 274
8 43 73 132 178 183 187 214 229 240 292
8 28 48 52 99 130 185 193 206 227 243
8 35 58 64 86 124 126 142 189 202 224
8 2 47 53 54 73 137 203 248 253
8 61 85 86 127 152 194 195 210 294
8 29 35 42 88 172 179 243 273
8 23 31 81 107 124 222 230 252
8 32 53 109 118 170 217 281 283
8 71 83 161 177 199 222 230 269
8 69 72 84 92 160 189 259 284
8 42 74 110 118 155 219 226 258
8 13 119 124 126 131 212 249
8 74 96 119 120 179 223 240
8 22 224 233 257 259 267 298
8 19 91 161 205 210 214 260
8 25 46 92 187 192 228 281
8 33 119 217 231 238 284
8 26 100 123 145 167 201
8 66 83 208 211 237 256
8 3 73 75 108 123 277
8 64 122 194 202 244 292
8 68 181 204 215 271 297
8 19 54 58 70 178
8 20 22 68 150 271
8 22 79 107 254 257
8 41 95 147 157 245
8 67 186 217 283
8 12 97 159 282
8 31 43 86 198
8 23 28 51 130
8 27 50 55
8 81 105 106
8 26 146 209
8 57 70 153
8 10 147 227
8 10 211 274
8 20 233 278
8 98 117
9 18 52 68 89 94 149 198 214 254 262 263 274 281
9 17 42 53 56 170 177 182 216 231 255 265 283
9 1 47 95 122 247 281 282 289
9 54 75 152 188 193 234 261 268
9 73 76 144 155 161 209 232 241
9 12 53 106 119 147 211 254
9 48 53 76 78 144 208 255
9 36 44 101 128 165 184
9 2 72 132 152 166 182
9 13 17 37 92 194 257
9 111 128 139 213 244 269
9 11 30 68 75 211
9 82 100 123 233 241
9 37 83 111 206 235
9 99 137 182 241 273
9 106 133 140 185 216
9 2 55 70 207
9 10 83 104 289
9 7 66 70 229
9 39 127 176 195
9 18 20 185 294
9 18 21 263
9 65 172 174
9 116 128 177
9 109 268
10 3 22 31 55 140 156 158 172 193 269 275
10 3 65 143 151 176 200 214 240 262 297
10 47 53 57 69 97 137 239 258 281
10 55 78 127 131 153 157 201 262 270
10 45 82 107 109 198 210 220 222 297
10 20 47 82 152 171 178 226 244
10 6 66 200 247 255 265 285 292
10 11 20 35 39 57 58 106 143
10 0 19 142 155 189 205 209 237
10 5 17 45 72 81 89 229 260
10 22 46 48 53 207 219 242 267
10 27 59 61 153 210 232 243
10 2 66 82 94 195 229 297
10 26 71 94 184 274 281 297
10 29 58 160 207 217 238 292
10 30 80 112 140 258 290
10 38 85 142 146 153 280
10 76 111 119 133 220 236
10 20 33 72 163 225 268
10 12 54 149 172 177 191
10 16 127 128 185 260 265
10 28 78 105 157 158
10 25 135 146 192 291
10 17 61 163 270 278
10 15 222 247 267 289
10 104 106 123 155 199
10 3 47 59 227
10 56 89 237 298
10 62 136 247 253
10 31 51 194 224
10 211 229 280
10 29 161 178
10 114 204 295
10 85 163 199
10 69 287
10 31 274
10 126 265
11 8 28 47 95 141 180 197 258 269 271
11 40 64 71 85 113 127 134 236 240 298
11 0 33 39 58 95 107 180 182 227
11 20 54 75 123 130 147 232 245 253
11 32 72 87 106 150 152 181 221 239
11 31 86 114 117 118 184 189 253 263
11 42 46 81 110 123 156 228 266
11 70 115 136 159 164 179 291 296
11 2 36 66 73 76 103 177 231
11 34 59 116 137 270 283 287
11 36 116 207 218 277 279 282
11 15 18 35 87 208 223 269
11 32 44 106 157 172 194 262
11 74 142 206 207 282 285
11 13 76 82 124 190 264
11 11 22 48 109 153 164
11 19 116 118 143 191 287
11 52 146 180 213 289
11 5 103 204 214 261
11 6 42 61 225 269
11 25 131 132 185 294
11 27 41 132 135 211
11 55 131 230 262 273
11 113 188 201 297
11 28 49 73 283
11 28 50 58 248
11 97 120 130 235
11 187 214 229
11 48 292
12 6 63 92 134 176 184 207 225 235 276 284 296
12 37 59 96 121 141 150 159 175 200 287 291 297
12 2 69 76 103 149 161 190 278 286
12 2 44 55 96 142 179 193 214 248
12 59 79 85 119 125 131 192 203
12 60 61 74 85 97 273 274 291
12 38 39 45 53 67 78 110 188
12 70 74 159 171 228 245 285
12 60 133 160 170 249 259 261
12 0 53 87 157 272 287 299
12 21 30 43 72 73 130 216
12 49 89 123 134 179 206
12 33 34 42 107 136 146
12 4 31 32 106 179 191
12 60 87 243 268 287 294
12 67 107 227 259 296
12 52 99 194 235 239
12 38 53 123 162 240
12 93 230 266 282
12 172 177 232 271
12 70 100 156 299
12 118 124 271 287
12 121 190 195 271
12 130 219 237
12 0 77 284
12 93 281
12 12 206
12 282
12 214
13 6 34 52 91 128 136 235 257 260 265 277
13 12 20 27 40 65 116 121 125 147 176 255
13 14 41 104 196 201 228 264 273 291 296
13 17 30 33 91 127 183 206 240 259
13 24 68 70 140 164 168 199 200 277
13 66 90 118 162 189 242 246 253 296
13 14 53 56 75 200 217 275 285
13 7 37 46 106 151 221 269
13 86 94 112 128 151 199 250
13 34 56 61 124 142 172 173
13 45 169 170 193 200 212 240
13 38 83 105 197 231 245
13 32 216 222 253 259 281
13 18 94 133 149 265 268
13 27 28 102 144 253 263
13 20 35 174 180 256 278
13 60 182 202 251 290
13 149 156 232 235 270
13 27 40 56 93 285
13 45 71 99 116 221
13 126 150 160 223 262
13 22 93 131 137 224
13 18 76 139 268 283
13 67 75 81 177 221
13 163 211 214 271
13 45 120 174 179
13 54 107 136 190
13 2 61 99 215
13 30 69 250
13 73 120
13 5 17
13 213 234
13 120
14 2 69 87 104 110 126 127 149 151 162 228 255 261 269
14 3 50 80 83 93 152 175 178 250 251 282
14 21 25 64 103 134 144 189 199 259 269 291
14 97 105 112 139 142 182 225 244 249
14 25 26 62 68 135 162 256 257
14 67 189 210 216 229 241 292 296
14 79 103 177 183 224 238 240 258
14 16 68 70 91 100 224 295 299
14 44 92 108 137 180 206 294
14 24 30 79 108 155 217 235
14 33 81 93 159 166 212 238
14 19 60 108 149 152 177 286
14 22 134 174 178 221 262 269
14 6 72 87 215 219 260 267
14 53 63 101 103 209 232 292
14 26 38 107 167 190 197 294
14 129 179 198 222 239 258
14 42 132 147 182 245 246
14 96 120 127 199 205 218
14 61 99 119 140 161 274
14 2 28 68 224 275 282
14 9 28 42 92 107 167
14 7 87 259 282 293
14 101 119 191 208 217
14 114 221 257 281 296
14 49 97 151 172 223
14 76 173 203 253 254
14 37 103 141 255 260
14 19 99 134 221 243
14 112 114 170 187 261
14 13 66 192 254
14 14 91 176 273
14 40 95 115 297
14 72 73 82 261
14 23 60 285
14 4 122 250
14 75 93 195
14 1 75
14 28 199
15 50 60 165 193 209 213 246 259 266 294
15 45 144 151 170 179 187 203 212 279 292
15 5 9 87 91 107 120 144 194 201 222
15 66 93 103 141 167 203 236 271 278
15 68 72 105 144 165 167 190 227 287
15 59 128 140 172 204 211 223 232 241
15 57 86 110 116 118 180 194 198 229
15 13 48 64 65 157 167 172 254 261
15 5 57 64 134 171 277 281 295
15 34 105 220 245 250 251 259
15 29 45 54 63 142 148 299
15 45 68 100 102 121 295
15 22 26 37 100 187 247
15 70 74 111 172 193 246
15 62 124 193 205 257 281
15 12 80 173 191 230 269
15 48 158 171 237 244 281
15 17 101 249 251 272 294
15 39 78 82 140 220 293
15 66 72 104 206 269
15 19 67 79 183 274
15 11 24 88 94 107
15 28 47 95 122 261
15 57 138 223 255
15 208 214 222 291
15 61 131 168 194
15 129 231 288
15 182 270
15 203 246
15 174 196
15 100
16 38 39 77 147 194 217 222 242 263 271 278
16 8 28 42 51 82 132 135 144 171 179
16 24 37 85 140 203 227 244 246 275
16 11 44 91 110 113 205 263 280 286
16 7 17 54 149 171 172 263 279 299
16 12 42 63 101 120 171 215 248 249
16 3 8 13 19 63 105 131 164 240
16 14 19 112 172 176 238 289 296
16 53 70 94 111 121 192 233
16 18 116 130 133 145 254 298
16 37 123 137 187 265 266
16 54 66 77 148 253 262
16 20 64 230 249 291
16 0 31 35 47 173
16 59 76 124 206
16 62 99 180 249
16 148 204 225 246
16 8 100 172 270
16 17 86 205 228
16 68 88 280
16 20 248 254
16 148 210
16 85 242
16 216
17 34 66 79 113 131 139 215 277 280
17 26 47 61 65 70 193 201 207 257
17 9 37 120 150 157 215 247 278
17 10 12 127 161 210 244 290 294
17 53 56 103 132 142 177 215 216
17 100 112 117 136 173 189 248 251
17 32 49 126 189 238 257 265
17 62 80 98 201 206 216 281
17 48 66 79 142 169 183 236
17 5 47 136 168 181 231
17 101 161 230 263 286 296
17 29 57 129 172 202 239
17 15 151 178 201 231 237
17 47 195 198 200 271 293
17 73 153 160 203 212 266
17 7 21 24 148 221
17 50 77 111 227 271
17 66 106 168 220 274
17 14 141 233 251 255
17 70 141 158 204 262
17 55 67 110 221 239
17 94 182 193 221 254
17 68 161 182 264 287
17 25 109 254 274 290
17 26 48 94 129 250
17 60 119 147 187 228
17 34 159 181 241 249
17 63 147 187 202 257
17 65 98 164 297
17 198 204 256 273
17 10 107 126 185
17 182 189 193 209
17 110 206 215
17 254 276 282
17 22 29 149
17 147 155
17 20 23
17 96
17 29
18 1 90 119 138 150 166 196 205 214 278 280 292
18 34 123 140 160 182 213 223 250 271 282
18 20 74 105 157 164 175 215 242 253 279
18 8 62 68 73 102 203 243 249 288
18 30 85 107 139 164 174 186 202 270
18 13 87 113 133 204 255 267 297
18 75 93 105 156 205 236 294 298
18 0 27 37 54 77 86 173 191
18 6 26 130 139 145 164 179
18 67 148 157 203 231 246 256
18 92 100 181 202 229 259 289
18 5 28 51 75 133 255 267
18 12 30 92 159 180 227
18 17 33 55 204 267 291
18 124 140 172 223 231 257
18 8 83 106 128 220
18 44 68 240 264 284
18 64 120 203 268 293
18 3 23 41 83 104
18 73 123 198 275
18 183 216 281 287
18 48 70 93 139
18 45 107 202 267
18 41 230 250
18 35 48 198
18 72 157
19 3 44 63 65 87 161 186 226 273
19 102 117 134 147 194 201 232 282 283
19 38 50 71 86 92 173 254 279 284
19 81 110 148 160 186 198 212 229 264
19 68 69 70 134 154 254 267 286
19 13 59 64 83 137 188 211 237
19 38 126 160 174 175 205 271 296
19 11 24 63 87 111 154 199 259
19 7 29 103 121 132 270 276 282
19 113 141 148 166 180 199 216 224
19 32 41 47 142 149 161 180 290
19 53 107 127 197 225 243 270
19 138 180 220 236 238 273 295
19 56 68 99 100 162 189 255
19 1 29 153 276 290 295
19 5 26 117 223 239 290
19 34 36 76 82 276 277
19 26 59 79 191 252 293
19 99 101 105 150 159 167
19 59 86 190 261 290
19 7 15 80 232 297
19 176 238 268 282
19 32 47 86 138
19 115 164 252 294
19 144 238 245
19 6 255
20 35 52 58 68 83 85 140 148 239 256 283 291
20 18 24 35 122 135 144 175 200 221 232 257 259
20 30 54 90 119 192 198 215 249 268 270 298
20 28 38 64 121 131 138 150 162 187 231
20 5 64 72 121 122 123 128 146 215 232
20 8 92 122 130 148 150 195 205 273
20 12 72 84 129 178 196 245 277 293
20 25 62 128 151 153 171 215 233 292
20 3 30 46 107 108 169 249 264 288
20 100 121 201 227 236 243 246 258 273
20 28 31 38 65 74 104 115 165 192
20 6 20 78 111 203 212 223 257
20 60 108 156 159 175 265 275 287
20 26 42 44 58 66 89 212 213
20 14 35 62 73 197 217 259 269
20 74 79 100 155 180 222 274 297
20 47 108 212 251 266 272 276
20 3 15 74 78 88 105 188
20 49 65 160 180 196 209 256
20 18 50 74 97 243 278
20 68 201 212 218 255 273
20 40 41 128 174 180 184
20 90 113 157 159 160 207
20 62 80 95 211 247 293
20 58 76 120 140 173
20 35 129 156 211 239
20 63 205 239 253 276
20 6 148 164 217 221
20 21 58 211 241
20 41 128 206 215
20 78 96 127 134
20 150 239 245
20 21 178 268
20 12 154
20 19
21 7 8 49 53 91 113 115 117 225 254 285
21 16 31 58 61 81 143 157 224 228 272
21 24 92 108 146 152 165 209 252 261
21 28 33 62 74 76 146 161 224 228
21 81 137 146 163 167 187 257 259 284
21 8 48 54 68 90 119 158 175 191
21 68 76 84 140 168 176 199 215 221
21 8 13 139 168 191 237 242 276 277
21 16 62 153 166 172 187 262
21 9 26 52 82 92 170 192
21 26 69 93 94 101 215 283
21 148 157 188 220 271 288 297
21 110 128 195 202 235 238 241
21 24 39 74 183 241 279
21 16 128 168 172 266 275
21 47 138 193 206 226 290
21 18 84 181 190 216 229
21 45 55 64 92 183 247
21 11 165 250 258 284
21 33 89 109 214 254
21 39 153 189 201 202
21 30 61 85 137 143
21 27 75 102 203 290
21 51 174 180 185 298
21 28 43 175 205 212
21 28 54 139 150 235
21 34 144 244 248 271
21 43 89 177 189
21 40 83 185 276
21 136 212 254 266
21 24 45 280
21 112 216 228
21 49 63
21 112 192
21 252
22 38 44 49 80 110 184 245 268 296
22 11 12 13 23 129 169 211 264 272
22 90 103 119 131 150 193 200 218 295
22 20 25 100 101 124 132 171 185 210
22 50 75 77 98 133 142 175 225
22 0 2 6 10 28 34 204 256
22 74 119 143 169 198 228 241 285
22 18 85 189 193 199 240 241 266
22 118 120 132 212 232 281 294
22 32 64 127 210 219 243 297
22 103 179 181 205 216 237 247
22 54 57 109 148 173 275 296
22 43 112 116 174 182 191
22 16 36 56 69 96 240
22 87 107 187 195 250 263
22 50 70 147 187 217 245
22 0 78 108 115 283
22 3 83 136 191 277
22 22 86 171 180 260
22 80 119 147 188 282
22 30 219 298
22 144 168 269
22 47 276
22 115 158
22 238
23 14 41 62 91 119 133 156 216 271
23 77 133 142 146 157 188 193 223 278
23 8 47 69 163 178 200 201 213 222
23 4 22 30 69 142 261 269 288
23 38 68 101 126 206 244 288 290
23 65 104 121 128 131 259 262 279
23 18 33 39 114 123 145 161 169
23 13 21 90 155 209 210 247
23 35 49 96 112 203 254 271
23 86 112 160 187 199 268 279
23 96 101 154 161 169 173 216
23 20 46 120 121 153 239 244
23 11 68 152 180 230 278
23 49 51 68 205 245 297
23 11 39 63 98 181 264
23 69 116 138 165 279 297
23 48 71 135 194 225 242
23 3 187 231 271 289 293
23 65 155 191 215 233 275
23 32 76 102 157 188 197
23 69 74 92 288 299
23 59 71 169 195 269
23 35 133 146 176 278
23 3 40 82 102 132
23 84 166 190 272 297
23 109 124 139 299
23 109 149 211 227
23 32 141 165 275
23 62 170 179 282
23 33 113 164
23 62 92 256
23 70 251
24 9 28 45 47 55 72 90 92 97 110 171 174 196 211 253
24 26 53 87 126 131 143 169 205 253 257 274
24 58 65 74 80 102 112 126 132 164 202
24 1 12 66 79 99 230 238 240 244 280
24 6 60 82 97 125 192 206 226 274
24 29 58 68 92 110 183 236 246 263
24 7 80 93 152 169 172 174 177 293
24 12 29 34 44 96 114 134 186
24 5 70 83 119 158 240 295
24 94 100 152 156 194 251 282
24 77 168 209 226 236 254 263
24 40 98 119 175 212 229 238
24 25 51 91 93 146 221 251
24 49 106 151 180 210 231 274
24 19 115 124 177 181 190 294
24 85 124 133 199 263 266 283
24 47 63 85 147 148 220
24 14 150 159 244 280 283
24 9 111 137 165 204 259
24 4 13 20 41 238 268
24 19 65 81 154 213 298
24 13 30 119 126 193
24 41 100 142 143 258
24 102 130 155 235 240
24 42 105 123 162 177
24 81 105 175 261 293
24 47 52 103 133 236
24 30 107 225 263
24 16 26 52 61
24 125 137 234 288
24 117 126 187 224
24 41 44 133
24 84 94 137
25 5 8 30 45 75 146 177 180 240 297
25 38 77 90 95 117 125 135 156 193 220
25 135 146 190 211 221 234 267 271 294
25 69 89 95 127 171 177 243 254 277
25 69 87 109 124 147 179 204 211 229
25 52 84 126 134 147 154 218 245 264
25 20 23 60 63 98 110 137 207 262
25 88 92 104 128 131 138 200 207
25 27 32 147 197 267 286 292 294
25 112 152 165 208 217 269 283 286
25 5 31 86 104 121 175 176 269
25 33 40 165 193 202 284 288 291
25 32 36 50 119 188 235 252 262
25 57 84 85 102 172 174 262
25 19 43 51 55 103 268 296
25 31 95 105 109 131 154 244
25 13 70 132 224 237 238
25 4 16 56 125 230 293
25 31 105 166 179 196 220
25 29 76 80 127 178 268
25 20 101 147 161 198 298
25 56 79 82 111 198 216
25 76 84 100 151 157 241
25 26 123 239 240 265
25 30 101 121 230 287
25 66 115 120 199 230
25 6 14 97 127 259
25 63 97 183 244 285
25 44 115 126 194 289
25 0 11 68 200
25 10 243 272 274
25 100 141 160 268
25 28 108 114 251
25 111 150 190 248
25 7 13 44 136
25 8 130 168 267
25 54 71 160 284
25 96 235 241 267
25 121 148 206 223
25 120 176 222 292
25 53 277 294
25 53 62 72
25 60 107 128
25 107 132 248
25 76 181 193
25 78 207 273
25 56
26 23 74 115 125 174 219 224 225 253 257
26 2 12 34 96 177 196 232 242 288
26 39 60 102 171 173 182 254 293
26 9 27 28 148 180 241 251 283
26 2 9 40 66 78 165 187 235
26 14 143 187 196 228 238 249 271
26 68 88 167 183 204 239 277 296
26 41 81 103 136 205 242 260
26 22 72 154 210 249 259 262
26 22 26 63 180 192 229 275
26 12 31 103 137 231 260
26 53 136 138 156 263 288
26 127 181 202 224 254
26 152 159 230 239 261
26 146 162 199 276 294
26 73 127 180 191
26 142 244 273 297
26 29 40 185 261
26 68 169 175 297
26 2 84 274 288
26 18 80 156 233
26 80 273 292
26 47 216
26 75 251
27 3 4 88 93 106 110 112 179 187 205 228 242
27 3 47 86 102 131 134 138 159 201 261 279 292
27 14 26 32 66 100 139 196 232 288 294
27 52 61 75 85 101 135 143 216 253 267
27 21 94 171 200 209 212 226 238 248 297
27 3 8 10 33 65 167 177 186 195 199
27 3 66 137 159 216 230 251 252 258
27 85 129 196 200 202 213 220 251 273
27 59 157 185 204 234 253 283 292
27 32 34 49 103 234 245 257 271
27 68 82 115 151 153 270 285
27 17 23 31 80 121 153 154
27 149 159 221 229 268 294 295
27 98 104 110 129 140 142 179
27 56 58 80 87 97 102 277
27 20 101 150 165 240 282
27 96 100 185 199 201 280
27 102 122 203 244 265 269
27 80 139 167 183 278
27 16 66 91 196 265
27 2 50 57 109 273
27 8 60 96 266
27 132 147 170
27 8 50 103
27 11 195 269
27 141 234
28 0 10 20 68 74 87 110 152 176 217 251 262 277
28 37 60 75 101 137 145 193 261 266 270 292
28 15 37 40 77 122 131 135 145 150 286
28 50 52 96 115 181 227 264 283
28 8 14 23 70 85 170 228 258
28 9 118 150 166 182 264 275
28 28 67 71 118 175 180 260
28 114 152 185 193 194 209 296
28 50 131 169 188 234 269 289
28 37 53 67 78 238 244 298
28 26 31 37 47 102 218 239
28 73 110 114 117 119 134 140
28 18 48 242 269 283 292 298
28 61 83 121 132 228 286
28 24 36 64 144 160 243
28 39 53 126 141 199 298
28 21 31 80 123 200 219
28 3 62 108 149 166 167
28 23 38 101 122 199 203
28 7 66 68 152 207 299
28 81 94 135 151 152
28 30 173 176 241 256
28 28 206 259 293 296
28 6 128 140 173 296
28 160 162 237 261
28 88 184 195 228
28 149 256 282 286
28 57 134 240 279
28 30 35 47 147
28 85 91 155 236
28 155 268 292
28 71 162 288
28 27 242 284
28 54 58 190
28 203 204
29 36 53 69 93 103 161 199 247 275 292
29 32 103 122 151 161 169 233 234 292
29 71 91 131 136 213 253 272 291 296
29 24 36 42 85 130 251 267 272 290
29 41 42 124 158 191 222 228 266
29 42 64 95 205 217 218 266 298
29 30 74 133 179 243 244 258 277
29 32 100 135 139 202 204 237 261
29 9 37 43 76 188 236 298
29 28 98 106 115 141 172 289
29 26 85 127 129 148 229 292
29 34 44 51 138 161 173 289
29 92 107 139 182 185 263
29 54 74 86 139 166 271
29 44 138 195 237 243 281
29 80 160 172 173 201 244
29 1 108 138 178 196 235
29 85 94 128 144 212 292
29 65 98 166 175 299
29 60 61 65 260 265
29 23 39 54 117 134
29 21 126 163 240 255
29 11 59 124 191 232
29 132 179 213 297 299
29 0 95 166 177 276
29 34 171 179 210 260
29 34 71 101 293
29 19 96 124 283
29 17 144 248 259
29 216 220 260 277
29 36 107 215 281
29 106 108 117 299
29 10 73 113 114
29 19 190 263
29 72 252
29 34 178
30 47 115 141 182 193 198 256 258 267 271
30 81 89 94 103 110 153 174 208 226
30 48 58 92 105 128 130 236 252 296
30 51 52 87 181 210 255 262 268
30 6 8 42 84 101 103 274 275
30 31 34 45 136 142 148 191 199
30 26 30 64 79 150 176 187 212
30 24 40 75 136 234 267
30 38 64 77 115 166 271
30 73 120 191 222 227
30 112 122 137 202 286
30 13 103 166 192 257
30 73 176 214 266 271
30 35 57 220 230 290
30 13 152 176 226
30 1 13 118 233
30 102 171 192 289
30 6 100 130 270
30 138 257 260
30 17 117 232
30 131 153 263
30 131 181
30 145 290
30 131 192
31 4 107 154 170 176 178 185 189 190 208 257 273 285
31 11 16 24 55 64 87 135 150 176 185 207 214 227
31 80 92 118 127 155 183 202 263 264 283
31 36 68 117 120 155 230 264 265 287 299
31 20 40 73 209 224 231 253 280 291
31 17 53 112 130 177 188 231 233 261
31 31 59 134 192 221 230 267 283
31 103 111 120 166 167 168 185 225
31 6 104 116 185 188 250 293 297
31 44 50 110 130 166 184 189
31 67 92 95 145 215 219 234
31 90 136 137 142 161 195 275
31 3 23 64 80 118 123 253
31 33 71 77 235 247 282 286
31 52 186 187 217 231 273 282
31 59 106 108 113 162 202
31 42 56 70 207 218 297
31 11 22 34 102 137 209
31 46 48 92 122 185 248
31 57 67 102 133 137 215
31 24 48 173 247 261 265
31 12 22 154 188 273 287
31 11 30 84 165 246
31 17 115 236 254
31 49 97 106 149
31 33 71 169 273
31 19 51 138 198
31 131 218 251 278
31 87 107 161 183
31 82 247 257 289
31 5 123 274
31 45 77 235
31 2 145 234
31 32 96 180
32 8 36 57 58 63 118 162 170 222 227 250
32 8 16 50 134 143 159 185 196 257 293
32 61 86 89 96 119 132 186 222 279 282
32 5 69 83 120 137 157 175 211 268 298
32 27 54 138 157 191 213 223 271 282
32 14 51 109 185 241 250 254 281
32 21 22 50 135 191 198 240 256
32 84 101 154 177 198 202 239 244
32 53 75 83 131 159 214 267 281
32 61 69 102 126 150 164 179 299
32 32 45 51 75 100 206 274
32 0 107 162 165 176 197 210
32 16 18 69 123 214 292 297
32 23 51 77 120 150 211 274
32 46 70 90 136 237 244
32 2 16 18 41 43 180
32 21 43 210 218 252 256
32 67 81 176 226 239
32 22 119 192 244 271
32 87 103 132 244 288
32 1 79 96 280 289
32 23 247 272 278 280
32 20 39 86 135 295
32 135 162 170 209
32 79 87 146 262
32 210 214 248 255
32 60 125 236
32 178 227 238
32 196
33 12 42 54 56 72 94 134 145 172 192 205 220 224 236
33 5 31 86 149 157 192 214 217 226 286
33 6 28 65 146 160 167 183 259 269 290
33 1 2 100 149 159 182 198 206 256 285
33 15 42 135 198 202 238 262 268 280
33 8 63 96 109 177 178 215 221 291
33 58 76 94 112 180 186 231 264
33 35 41 60 87 100 150 216 264
33 2 98 109 167 169 236 274 283
33 32 64 82 127 132 239 243
33 30 72 152 168 193 251 253
33 15 85 136 197 206 225 277
33 24 31 55 162 241 261 264
33 58 82 149 211 214 219 220
33 4 73 120 173 178 195 246
33 63 91 97 105 203 257 265
33 65 170 185 194 239 246
33 13 70 181 210 268 278
33 53 60 62 208 228 270
33 2 12 23 54 268
33 53 90 98 152 263
33 27 55 57 247
33 30 169 199 246
33 48 210 234 295
33 1 104 204 220
33 141 257 283
33 133 161 263
33 160 171
33 13 80
34 17 77 105 132 140 144 272 293 295 297
34 14 16 72 95 104 127 147 171 213
34 12 18 40 51 54 87 182 194 284
34 8 83 117 132 159 166 204 281
34 61 82 105 132 149 176 261 279
34 4 35 51 87 137 161 181 218
34 89 125 171 187 189 199 237 261
34 19 48 74 109 137 193 202 261
34 137 146 158 162 165 242 244
34 67 81 122 155 191 193 220
34 37 57 138 152 160 230 248
34 7 162 168 233 268 271
34 54 62 130 134 139 264
34 36 52 119 142 277 296
34 56 115 127 175 209 234
34 64 65 74 101 121 132
34 10 211 215 249 278
34 8 94 107 139 185
34 49 126 151 196 261
34 170 177 210 238 244
34 14 79 247 271
34 1 127 266 267
34 69 199 217 231
34 133 155 199 205
34 75 232 282 298
34 105 160 180
34 14 73 159
34 103 139 192
34 175 219
34 205
35 1 3 12 51 57 68 78 164 171 213 259 289
35 76 93 103 120 132 158 228 247 282
35 48 56 97 106 117 167 177 226 251
35 65 91 123 125 218 225 243 249
35 12 40 53 134 176 198 211 256
35 28 77 130 221 235 255 268 273
35 26 52 81 113 174 193 230
35 75 147 170 180 186 194 272
35 10 57 122 124 131 176 241
35 68 100 122 169 201 225 248
35 17 140 142 160 231 262
35 31 82 136 170 229
35 72 129 180 216 275
35 44 119 237 255 268
35 33 155 163 218
35 101 250 265 297
35 6 128 144 149
35 63 115 174 214
35 6 100 221
35 137 240 285
35 255 274
35 6 106
36 15 21 26 153 176 191 228 266 278 285 294 295
36 21 55 64 73 86 130 151 163 205 285
36 104 105 112 163 205 211 257 260 263 281
36 26 81 100 104 129 138 218 251 269
36 32 58 99 120 207 212 227 267 268
36 37 43 58 91 96 112 134 183 226
36 125 151 168 170 211 228 266 283
36 34 83 104 191 200 226 244 263
36 166 242 249 251 257 280 295 298
36 66 90 93 95 137 174 291
36 74 83 93 176 231 261 285
36 22 129 172 187 220 238 270
36 72 107 175 183 214 215 251
36 88 127 191 266 279 282
36 2 60 72 126 195 269
36 79 134 168 208 244 298
36 4 13 41 138 179 184
36 90 133 149 164 256 282
36 21 41 167 204 228 236
36 14 114 121 169 204 224
36 159 192 194 256 288
36 45 53 161 240 262
36 3 60 132 199 210
36 1 33 86 256 294
36 25 60 81 94 287
36 218 239 253 275 286
36 48 118 136 173 233
36 196 198 204 241 285
36 28 33 140 155
36 28 75 94 189
36 141 166 172 247
36 0 86 91 246
36 46 118 216 293
36 30 82 250 262
36 149 186 226
36 31 52 226
36 123 267
37 18 36 98 120 209 224 242 253 267 281
37 16 66 94 98 140 174 213 233 277 296
37 29 73 88 139 144 159 163 171 291
37 118 164 206 214 224 237 239 249 276
37 9 39 59 121 136 137 148 208
37 32 76 221 242 246 280 284
37 10 46 58 62 224 244 254
37 90 117 144 179 184 209 232
37 8 25 179 188 237 251 256
37 23 31 54 240 245 282
37 8 90 94 132 198 221
37 45 103 121 175 197 271
37 56 90 119 151 207 234
37 120 123 181 195 198 287
37 51 145 179 209 212
37 16 62 222 230 239
37 107 168 169 276 282
37 118 127 146 175 273
37 66 216 217 224
37 21 48 241 268
37 49 64 124 237
37 6 33 64 211
37 84 137 168 232
37 144 283 284
37 136 177 196
37 111 128 259
38 16 30 37 66 84 170 183 189 218 267 286
38 21 41 55 90 120 157 180 239 270
38 4 14 82 98 128 187 209 214 295
38 19 22 62 75 95 131 249 252 296
38 25 81 97 117 125 134 185 207 220
38 3 58 61 81 144 171 230 265
38 13 40 66 121 236 278 282
38 18 65 138 240 244 246 264
38 16 33 140 194 237 249 259
38 12 43 136 154 194 248 292
38 6 30 72 155 210 257
38 66 76 108 177 178 202
38 102 146 174 250 263 266
38 62 66 94 178 204 212
38 7 10 110 180 184 203
38 18 192 199 262 266 272
38 22 25 48 107 185
38 26 36 45 51 213
38 57 71 103 152 276
38 70 92 96 102
38 46 89 266 291
38 109 274 282
38 117 269 271
38 143 169
38 65
39 4 14 37 43 85 106 107 142 182 188 194 217 298
39 43 79 81 120 144 155 237 238 246 252
39 180 189 198 215 226 228 245 261 267
39 7 81 99 175 213 223 272 278
39 18 58 90 91 137 176 183 232
39 7 19 62 143 155 172 252 258
39 6 55 77 129 162 192 206 240
39 50 82 105 209 216 219 227
39 34 97 103 135 139 211 292
39 8 48 52 135 160 185 275
39 29 41 47 69 82 203 266
39 140 156 165 168 228 265 287
39 154 199 209 235 265 271 276
39 43 96 163 211 250 270
39 31 102 129 204 209 240
39 68 102 116 165 229 270
39 46 104 116 205 270 294
39 19 76 90 179 277 287
39 82 102 189 218 263 279
39 8 25 69 128 134 254
39 8 109 187 205 218 225
39 11 43 87 193 286
39 54 79 130 209 216
39 4 40 46 114 118
39 20 130 197 207
39 43 46 254 293
39 22 26 112 293
39 35 38 190
40 27 34 36 67 100 204 242 252 262 275
40 33 44 68 106 109 126 208 225 241
40 46 101 135 158 164 185 240 278
40 9 22 30 43 120 184 257 259
40 15 96 112 136 203 211 243 295
40 1 50 144 182 259 281 296
40 34 90 108 120 147 178 206
40 98 114 119 126 207 224 290
40 21 48 54 114 224 276 280
40 5 45 92 113 216 299
40 10 78 98 136 226 276
40 10 35 65 69 143 167
40 24 110 140 207 253 280
40 94 107 170 226 239 240
40 8 103 145 157 184 231
40 1 33 116 117 215 254
40 45 56 111 182 279 285
40 92 117 189 227 293
40 50 139 196 208 212
40 115 137 172 174 190
40 76 154 260 277 283
40 85 178 221 237 243
40 63 66 229 242 281
40 4 88 96 110 114
40 49 64 93 204
40 59 111 227 289
40 50 109 117 184
40 19 124 158 201
40 141 167 287
40 59 61 206
40 12 248
40 163 202
40 93
41 7 23 46 50 78 105 120 127 128 155 163 191 232 243 266
41 55 82 95 204 247 248 267 286 297
41 118 156 162 188 194 209 268 274
41 93 149 156 163 166 186 204 236
41 13 52 55 92 180 182 203 260
41 63 141 162 181 245 268 286
41 0 116 160 175 187 241
41 18 60 84 105 189 244
41 29 108 171 220 289
41 93 157 260 265 276
41 10 60 225 264 270
41 44 153 158 162 200
41 85 146 147 212
41 10 85 135 186
41 19 66 243
41 162 178 276
41 12 45 222
41 39 142 198
41 189 244
41 223
42 43 60 73 109 136 165 169 176 178 209 274 299
42 9 40 52 153 181 202 207 211 226 236 237 251
42 36 93 119 170 172 211 223 241 249 251 292
42 20 24 56 150 175 183 222 286 293 294
42 12 43 45 53 74 76 134 214 226 246
42 134 136 139 186 213 223 227 253 282 293
42 20 147 163 187 211 227 241 267 280
42 60 61 85 106 128 220 226 283 294
42 10 48 121 130 134 206 250 259 272
42 22 28 34 47 122 137 165 210
42 48 77 79 136 137 156 158 164
42 87 108 139 147 176 185 295
42 35 111 153 167 215 268 291
42 3 47 77 157 174 184 191
42 47 67 112 126 184 215
42 4 30 81 128 164 235
42 27 92 94 133 204 227
42 180 224 240 265 283 298
42 53 102 109 191 257
42 17 75 150 265 281
42 36 194 201 218 246
42 24 96 99 148 187
42 7 44 206 276 280
42 22 89 189 250
42 117 132 167 224
42 6 111 200 231
42 16 179 182 202
42 46 105 151 160
42 24 105 132 291
42 33 123 134 151
42 74 155 195 284
42 129 195
42 83 130
42 4 289
43 9 35 129 130 145 204 207 214 251 254 280
43 61 66 88 94 95 120 188 254 274
43 60 115 139 166 191 225 232 249 296
43 30 48 65 127 144 241 265 278
43 0 91 198 208 219 225 272
43 26 38 52 69 84 110 153
43 36 43 49 144 216 230 276
43 3 49 62 98 120 123 200
43 15 50 69 119 153 259 267
43 30 67 151 228 234 276
43 46 54 226 240 284
43 104 123 143 170 229
43 18 70 130 226 297
43 22 35 99 233 283
43 43 44 115 228 267
43 30 104 186 208 238
43 9 47 55 237
43 73 117 147 186
43 96 233 242
43 128 155 225
43 7 15 242
43 112 197 231
43 104 147
43 187 210
43 125
44 6 90 107 123 146 152 175 189 190 280 281 288
44 27 31 65 82 86 115 132 182 186 221 253
44 9 69 86 118 147 160 161 165 257 285
44 35 70 114 155 176 186 259 277 286
44 80 88 147 212 245 265 278 292
44 53 56 179 213 245 269 288 292
44 12 36 41 86 109 180 233 236
44 4 36 105 108 170 233 249
44 31 58 89 115 219 245 283
44 21 55 93 137 166 232 271
44 6 38 100 159 186 233 277
44 12 26 76 84 111 121 148
44 16 73 86 131 158 188
44 4 47 107 114 133 285
44 28 36 74 208 233 290
44 45 56 161 181 198 227
44 16 41 97 166 253 290
44 56 76 85 156 201 213
44 0 196 213 214 232 259
44 57 66 81 115 298
44 13 31 51 147 223
44 57 83 151 171 253
44 7 32 77 122 172
44 1 30 156 266
44 13 99 269 294
44 95 137 173 259
44 98 110 231
44 63 221 285
44 14 124
44 119 197
44 78 288
44 265
45 30 42 46 51 54 73 93 114 154 189
45 11 46 54 96 111 131 152 233 274
45 12 65 81 110 164 235 255 270
45 148 177 192 197 212 221 243 279
45 41 70 97 146 179 185 237 296
45 23 33 47 167 212 264 266
45 23 99 101 185 235 236 293
45 31 80 102 142 257 272 290
45 53 75 95 176 197 267 277
45 4 21 48 155 157 211 221
45 12 13 96 103 122 254
45 31 65 75 167 184 256
45 13 78 135 142 259 292
45 56 97 116 167 245 284
45 26 56 84 139 184
45 71 122 152 198 228
45 57 78 146 186 210
45 59 71 141 220 224
45 2 58 80 194 244
45 57 116 169 232
45 80 142 187 266
45 112 114 135 168
45 21 121 275 285
45 45 66 84 252
45 57 112 240
45 11 164 169
45 16 43 116
45 4 193
45 159 174
46 10 57 80 100 120 132 133 194 281 284
46 88 145 176 177 204 216 252 260 294
46 23 146 148 174 198 239 255 291 297
46 41 72 94 106 129 131 162 222 258
46 51 126 137 145 176 199 210 214 267
46 6 13 26 38 136 166 177 255
46 31 65 134 137 146 167 202 271
46 17 34 81 111 169 181 194 217
46 51 87 162 176 211 250 279 282
46 81 83 85 112 140 192 286 292
46 9 56 68 210 221 233 245 249
46 47 112 114 125 129 147 211
46 22 81 111 141 196 211 258
46 7 42 62 107 160 228 258
46 76 161 204 233 252 264 289
46 16 99 123 150 213 226 285
46 33 79 93 174 219 282
46 14 182 262 281 290 291
46 42 56 90 99 111 181
46 1 11 104 183 246 294
46 46 50 53 79 89 150
46 27 94 177 277 282 283
46 3 19 124 141 160 204
46 24 55 115 189 275
46 125 127 179 180 274
46 7 14 66 75 168
46 91 95 117 257 259
46 84 146 235 286 292
46 3 19 64 156
46 30 128 136
46 43 154 213
47 26 50 54 86 103 134 143 175 208 261 279 292
47 27 29 31 46 73 149 150 164 290
47 7 54 81 86 87 113 126 136 167
47 31 56 71 117 141 189 210 231 292
47 40 42 47 186 202 211 218 243 299
47 5 24 51 94 95 132 239 250
47 22 26 38 46 97 182 230 293
47 69 97 106 120 153 202 268 287
47 67 70 191 235 239 280 287 293
47 1 28 44 111 117 131 144
47 18 86 122 146 156 216 232
47 34 52 53 60 101 190 197
47 14 28 112 157 181 250 292
47 89 158 164 186 219 260 275
47 75 79 90 92 105 135 145
47 104 126 166 177 183 277
47 79 149 196 257 296
47 28 66 144 183 227
47 76 99 111 137 150
47 22 28 102 186 260
47 79 121 217 230 254
47 2 51 147 238 262
47 38 39 60 64 67
47 27 71 102 149 182
47 125 137 191 284
47 30 113 114 137
47 81 105 211 248
47 109 203 270 272
47 70 129 131
47 3 122 158
47 145 163 214
47 79 102 198
47 44 59 133
47 16 101
47 107
48 36 52 77 118 144 147 171 199 211 217 224 241
48 4 5 24 25 51 104 224 243 271 272
48 25 38 56 70 91 93 129 151 251 280
48 32 50 55 64 68 80 156 188 246 263
48 59 63 94 151 207 220 256 275 294
48 27 31 81 99 123 172 194 247 256
48 83 127 153 157 162 173 244 254
48 105 115 130 150 240 249 263 268
48 32 93 99 123 150 254 280
48 0 5 134 228 273 293
48 55 59 106 144 213 265
48 23 86 138 169 212 282
48 63 130 172 198 267 287
48 46 147 212 225 234 261
48 77 102 126 203 233 246
48 14 21 157 159 185 242
48 10 85 237 248 285
48 78 90 126 260 276
48 71 89 125 217 258
48 35 99 201 230 280
48 114 144 152 259 296
48 20 39 98 135 293
48 6 71 92 247
48 152 211 240 263
48 9 14 46 183
48 7 27 235 242
48 91 93 117 296
48 106 136 197 296
48 80 162 237
48 28 221 249
48 119 201 216
49 39 54 127 139 150 182 197 227 272
49 5 115 151 192 199 216 222 284 294
49 15 37 54 88 95 130 142 159 278
49 38 47 56 64 124 229 231 284 299
49 14 58 72 121 133 261 293 298
49 40 53 62 102 185 219 250 270
49 30 71 103 104 159 188 254 268
49 49 58 74 169 195 204 274
49 58 60 115 125 193 204 285
49 8 152 182 185 247 276 278
49 10 95 172 178 197 246 295
49 52 75 137 140 145 182 220
49 17 113 137 217 268 273 276
49 11 87 146 188 205 233 297
49 66 109 115 158 240 249 278
49 28 111 118 148 178 239 252
49 32 35 86 115 173 235 299
49 158 168 176 197 228 260 272
49 95 128 138 194 206 284
49 64 124 142 224 244 293
49 26 99 209 211 262 274
49 29 49 104 169 212 296
49 110 136 175 198 275
49 86 107 170 216 222
49 38 70 115 286 289
49 14 71 150 170 199
49 108 130 204 289 298
49 122 208 241 246
49 70 71 153 170
49 39 60 126 139
49 28 137 157 169
49 32 56 156 251
49 43 46 113 171
49 27 63 161 164
49 113 245 280
49 114 251 265
49 55 136 218
49 38 57 111
49 38 167 173
49 2 70
50 115 146 167 171 177 180 212 219 234 237
50 11 53 63 64 113 140 159 181 253 287
50 15 27 113 152 178 213 246 255 269
50 2 25 111 133 143 213 241 249 279
50 8 43 45 51 85 184 185 214 279
50 4 65 86 98 118 128 198 242 283
50 6 109 161 167 171 176 205 287
50 18 22 62 89 93 169 227 287
50 7 60 99 157 181 234 239
50 18 41 65 76 178 192
50 46 75 112 158 221 277
50 12 71 121 123 125 127
50 68 156 198 240 256 265
50 28 48 87 117 121 269
50 7 53 69 125 287
50 52 101 119 135 225
50 15 22 40 235 276
50 122 198 218 222 272
50 4 26 39 61 74
50 16 134 202 206
50 147 195 221 249
50 77 111 260 290
50 23 122 146 210
50 16 123 237
50 3 55 210
50 70 115 261
50 48 153 193
50 56 202 240
51 16 26 31 35 41 65 75 107 112 119 135 153 178
51 24 38 43 49 79 153 154 211 248 256 287
51 10 13 46 72 115 125 156 204 223 235
51 18 20 46 146 149 181 216 221 223 278
51 8 19 28 40 89 138 154 160 208 225
51 3 177 188 201 259 288 294 298
51 41 54 58 59 114 260 266 274
51 23 110 209 244 248 285 293 296
51 54 72 103 112 150 221 296
51 47 146 157 168 198 225 286
51 15 29 76 112 144 184 225
51 0 57 105 142 154 206
51 1 60 64 83 220 279
51 54 61 74 104 165 211
51 4 32 165 187 238
51 57 65 79 247 279
51 83 100 176 285 294
51 53 106 146 188 261
51 96 177 184 243 265
51 0 1 119 226 284
51 31 163 208 261 276
51 23 117 197 256
51 22 74 75 187
51 95 97 145 299
51 25 116 184 264
51 126 143 288
51 7 128 222
51 79 112 297
51 41 121 160
51 61 96 238
51 17 123 192
52 8 143 146 152 157 181 190 193 218 268
52 18 67 164 173 178 202 215 261 262 290
52 59 97 117 168 185 223 250 263 273
52 31 43 146 203 204 212 215 218 243
52 12 32 36 141 144 178 201 203 259
52 70 80 87 103 124 128 176 251
52 7 15 96 102 203 225 251 278
52 42 59 97 146 181 201 264
52 88 93 110 197 210 227 278
52 23 52 143 230 268 271 290
52 50 58 69 169 173 185 292
52 74 89 120 127 156 177 289
52 22 32 79 111 157 253 276
52 72 128 151 189 213 219 273
52 7 14 150 283 286 290
52 7 22 45 79 246 297
52 47 64 151 235 278
52 54 107 163 184 289
52 66 88 108 174 271
52 21 86 121 135 208
52 43 83 126 220 279
52 5 93 262 266
52 54 136 184 229
52 36 182 271 281
52 56 231 291
52 38 53 99
52 43 141 148
52 97 108 269
52 114 270 293
52 26 35 92
53 7 49 63 93 111 128 138 147 179 189 234 273 282
53 16 32 59 62 106 121 130 165 204 237 283 288
53 10 32 52 91 102 110 163 169 170 199 299
53 38 61 143 161 166 223 237 250 255 269
53 9 54 116 129 137 189 205 208 262
53 60 135 158 184 217 224 230 261 286
53 5 58 91 117 250 269 277 297
53 63 76 93 126 161 220 275
53 29 130 155 181 198 214 261
53 22 28 120 186 210 284 295
53 44 94 113 186 190 202 229
53 8 83 84 115 124 200 207
53 74 82 118 222 232 290
53 14 67 106 116 249 252
53 37 79 230 263 280 284
53 5 43 80 128 257 270
53 22 24 82 113 172 266
53 170 173 266 272 288 295
53 39 236 267 268 273
53 35 74 162 188 226
53 39 59 80 190 222
53 6 54 66 152 267
53 44 205 256 268
53 9 137 292 299
53 139 175 212 293
53 57 143 158
53 38 78 268
53 31 57 131
54 46 89 132 147 158 172 185 219 224 225 282
54 0 9 18 40 50 52 71 192 233
54 51 55 75 78 83 95 114 194 225
54 27 36 47 105 134 184 193 238
54 110 120 143 166 182 186 213 253
54 43 181 189 206 225 283 290 292
54 37 114 171 173 193 214 242
54 17 85 133 205 258 278 289
54 65 105 130 184 206 212 282
54 11 30 31 98 136 171 250
54 103 121 220 236 282 298
54 48 78 142 161 197 272
54 25 97 155 167 185 210
54 89 94 101 167 170 213
54 102 109 110 215 258 277
54 60 70 188 249 256 289
54 5 61 92 99 154 274
54 51 146 213 230 294
54 106 116 192 198 284
54 31 79 196 226 237
54 17 113 143 198
54 14 24 94 139
54 106 140 292
54 62 99 224
54 32 66 121
54 50 63 73
55 8 16 20 21 64 131 148 206 214 237
55 42 132 136 141 187 225 239 248 261 262
55 9 53 96 114 130 160 191 193 206
55 19 22 66 70 96 186 212 229
55 28 37 149 177 181 189 280 282
55 21 32 46 69 76 147 228 254
55 25 38 64 82 83 131 186 289
55 35 52 108 113 199 216 217 297
55 2 19 49 111 124 200 213 287
55 84 129 144 154 174 181 211 231
55 12 13 31 49 72 96 141
55 80 104 234 243 246 265 288
55 8 77 78 209 210 233 253
55 15 80 81 168 249 279 291
55 42 93 126 150 216 279 283
55 23 73 101 116 127 202 292
55 4 26 62 211 234 290 299
55 24 48 127 175 192 235
55 38 98 102 138 142 263
55 17 51 183 208 260 288
55 45 72 188 211 259 260
55 5 39 158 217 264
55 28 74 76 101 281
55 9 30 157 259
55 58 208 224 275
55 2 30 48
55 4 73 239
55 24 100 200
55 109 133 257
55 61 149 150
55 108 247 284
55 149 150
56 25 44 86 95 116 140 153 165 187 248 267 292
56 19 23 40 95 106 151 172 174 175 226 256 277
56 53 54 92 101 165 243 264 282 287 299
56 66 143 196 206 208 216 261 292 294 296
56 43 68 108 140 147 156 200 214 236 237
56 10 117 121 175 192 205 218 261 281
56 1 105 107 125 220 236 241 268
56 13 16 45 71 140 164 259 260
56 17 20 23 176 202 222 236 293
56 65 68 91 206 227 235 299
56 82 95 137 187 204 232 236
56 73 80 154 196 222 259
56 59 62 111 119 128 171
56 95 110 117 175 182 187
56 28 82 149 195 269 286
56 18 49 59 130 215 281
56 38 66 145 147 224 272
56 23 125 146 157 217 222
56 19 103 158 251 285
56 10 32 165 176 273
56 140 199 279 282 285
56 19 24 224 267 278
56 104 133 150 163 296
56 6 61 101 215 254
56 62 65 248 291
56 115 149 179 213
56 88 117 178 227
56 28 75 222
56 33 215 287
56 54 173
56 288 293
57 14 21 22 50 75 165 185 202 219 263
57 144 179 184 203 207 220 224 246 255
57 34 58 67 78 98 137 244 257 271
57 9 17 57 58 118 157 184 288
57 28 116 153 155 173 212 239 263
57 2 16 29 92 93 181 214 220
57 24 64 67 182 191 245 286 296
57 9 21 71 75 148 149 227 289
57 44 58 78 142 149 176 239 259
57 0 127 169 174 182 216 258
57 42 51 68 120 172 197 257
57 2 6 43 245 266 280
57 12 36 99 166 232 259
57 48 74 75 133 189 228
57 22 48 51 115 155
57 68 139 241 266 277
57 82 157 180 209 294
57 39 50 110 181 282
57 68 106 168 184 273
57 25 116 145 158 211
57 102 140 199 256
57 112 219 265 281
57 44 264 287 288
57 57 93 111 123
57 31 169 202 275
57 58 70 78 128
57 114 152
57 133 294
58 2 25 68 82 92 104 125 139 184 193 208 229 234 248
58 12 41 94 100 105 138 166 220 253 261 262 273
58 87 124 136 167 169 199 212 252 268 272 275 293
58 9 32 40 58 77 94 130 222 260 266 288
58 1 55 65 74 113 121 134 239 292 296
58 45 107 115 197 212 242 257 275 284
58 15 87 114 126 130 204 216 258 290
58 15 32 43 49 143 193 209 264 276
58 3 44 157 190 221 225 247 257 278
58 41 72 144 204 218 254 257 299
58 14 28 37 92 159 207 232 275
58 3 83 170 233 245 248 280
58 47 132 135 163 196 199 236
58 71 76 189 206 236 243
58 80 88 115 149 212 230
58 6 13 21 80 259 276
58 52 127 161 223 240 263
58 90 116 162 180 248 285
58 50 67 141 181 191 203
58 60 166 178 192 270
58 2 75 92 225 257
58 35 36 93 147 285
58 11 143 162 234 286
58 34 88 127 163 187
58 114 131 153 192
58 23 219 268 286
58 30 172 241 296
58 143 144 194 291
58 28 91 240
58 63 232 252
58 108 194
58 185
59 34 54 63 96 122 162 237 260 265 287 290
59 20 36 87 90 163 183 223 255 264 284 290
59 10 87 118 138 153 169 202 204 218 229 292
59 2 28 43 98 103 132 172 219 240 249
59 21 84 128 140 159 175 200 258 283
59 16 92 108 116 133 145 177 262 284
59 54 61 94 168 169 181 213 237 238
59 4 109 181 182 227 271 286 287
59 23 62 74 140 166 203 207 277
59 4 33 73 92 179 189 191 289
59 52 117 123 124 221 223 241 245
59 24 25 86 91 136 241 253 259
59 5 13 18 93 129 135 208 219
59 48 68 79 156 188 208 211
59 1 4 9 81 158 202 229
59 114 153 155 173 199 259 287
59 6 20 73 99 207 216
59 22 51 93 96 105 275
59 43 44 88 90 225
59 90 179 261 272 291
59 21 55 157 190 234
59 17 32 46 96 98
59 5 32 137 241
59 8 213 217 228
59 62 128 135
59 69 232 290
59 140 260
60 3 5 40 135 137 157 199 272 286 287 292 297
60 13 44 71 78 91 173 182 209 218 278 285
60 21 61 83 114 116 124 205 218 224 249 260
60 31 34 40 43 53 58 104 126 133 134
60 50 54 142 217 223 271 291 296
60 24 59 159 166 227 255 266 276
60 78 106 168 200 212 248 261 285
60 91 165 173 191 193 201 219 267
60 2 24 104 114 141 186 216 262
60 20 43 146 152 178 196 245
60 10 48 120 149 178 261 276
60 78 132 190 216 285 286
60 27 46 193 200 215 299
60 28 115 208 214 242 269
60 48 71 73 164 174 287
60 70 78 82 101 186 267
60 7 57 108 135 255
60 79 128 158 167 186
60 142 158 182 230 294
60 144 227 240 265 280
60 150 171 195 196 257
60 78 103 139 268
60 3 69 86 90
60 14 113 231 239
60 147 149 231 235
60 19 42 59 171
60 94 262 297
60 88 147
61 6 8 26 47 54 58 71 79 109 159 239 262 281 294
61 37 55 67 80 93 154 186 234 235 257 284
61 39 96 144 145 203 224 225 229 280 298
61 28 106 110 117 190 212 248 257 267
61 1 49 82 126 138 159 183 190 255
61 5 91 104 135 151 155 176 178 223
61 41 73 80 173 196 212 265 276 282
61 41 50 52 70 79 127 159 218 233
61 54 62 71 139 168 178 218 287
61 126 140 161 163 189 192 235 275
61 69 110 135 152 198 204 206 238
61 26 89 99 116 162 172 194 258
61 171 176 187 204 210 247 284
61 55 98 119 122 229 230 280
61 3 45 46 62 91 148 178
61 66 71 98 153 159 270
61 5 51 64 128 156 176
61 10 46 97 98 182 197
61 62 72 188 239 292
61 20 46 86 91 238
61 23 46 172 180 184
61 45 70 72 208 220
61 2 14 52 121 264
61 9 20 44 75
61 1 149 260 266
61 27 36 266 293
61 10 105 242
61 59 191 298
61 42 46 54
61 79 111
61 34 154
62 122 165 185 194 239 248 256 262 264 265 269 284
62 21 38 76 109 129 196 202 242 275
62 10 54 75 89 123 137 143 151 200
62 96 174 201 226 242 258 259 289 296
62 25 31 83 192 199 213 223 251 299
62 11 16 21 27 47 74 81 161 280
62 55 83 106 184 192 198 246 273
62 41 65 96 196 215 238 267 271
62 41 88 98 99 131 231 293
62 6 13 72 144 193 212 251
62 50 64 77 91 108 196 280
62 21 146 172 213 222 259 297
62 36 151 158 168 262 272
62 15 77 95 183 263 275
62 30 51 62 77 294 297
62 144 200 210 227 238 275
62 111 183 251 279 292
62 14 28 39 192 250
62 3 102 207 225 235
62 14 32 84 132 195
62 36 61 256 258
62 106 223 278
62 27 236 298
62 5 249
63 0 1 39 57 74 115 144 187 190 200 230 252 287 289
63 37 43 60 78 81 120 129 157 160 181 197 214
63 31 45 57 159 179 212 213 221 267 298
63 4 9 34 41 44 60 80 111 160 199
63 61 100 120 127 130 151 215 235 281
63 44 78 144 185 207 214 225 276 280
63 4 12 50 52 70 106 209 224 294
63 29 30 51 52 116 169 189 246 294
63 31 64 83 121 126 156 168 228 298
63 12 27 44 45 75 79 81 106 279
63 34 35 40 58 72 103 202 210
63 43 96 186 193 211 258 291 294
63 0 61 80 112 199 201 282 288
63 34 85 212 227 257 272 292 298
63 11 27 99 113 174 244
63 34 122 165 180 212 215
63 2 37 73 149 152 186
63 5 10 50 160 168 191
63 60 88 168 182 216 236
63 124 180 205 207 222 284
63 70 130 182 244 260
63 56 103 116 251 297
63 121 148 217 240 265
63 41 140 210 276
63 82 190 270 295
63 28 124 143 204
63 9 54 143
63 91 213 283
63 29 128
63 91 285
64 27 40 88 101 102 111 129 139 171 211 212 221 231 242 252 279 298
64 14 30 40 96 104 106 136 192 201 208 286
64 66 88 97 140 151 170 179 245 250 289 294
64 58 71 154 195 196 238 273 284 292
64 0 29 39 56 176 208 210 254
64 44 74 94 162 198 202 242 253
64 23 26 29 66 116 143 161 252
64 3 23 87 135 162 206 228 239
64 9 31 52 108 152 193 230 235
64 41 104 106 119 134 258 276
64 53 119 149 228 235 270 277
64 25 34 81 194 253 266
64 9 15 26 72 109 230
64 21 101 107 152 228 255
64 20 84 87 206 216 281
64 128 146 165 254 274 284
64 79 197 204 272 281 288
64 78 177 213 282 287 291
64 18 32 45 94 164 237
64 1 51 90 148 202 235
64 62 78 152 211 234 244
64 19 39 105 124 238
64 10 24 41 53 295
64 119 148 277 293
64 96 138 194 247
64 75 126 136 265
64 130 144 168 206
64 60 79 167 255
64 170 208 238 270
64 12 113
65 43 63 69 109 123 166 199 201 229 271 287
65 6 20 45 61 92 102 222 237 263 299
65 17 19 22 71 81 125 151 167 188 232
65 39 65 89 121 176 228 251 274 281
65 46 87 118 125 153 228 231 270
65 1 77 100 143 243 251 266 271
65 31 33 43 96 102 180 217 249
65 160 170 180 198 221 223 235
65 84 88 126 184 201 222 238
65 33 121 201 247 280 283 295
65 22 181 195 212 255 260 294
65 68 114 165 169 191 281
65 23 57 224 230 281 296
65 13 92 96 111 130 192
65 41 70 85 96 139 177
65 64 67 152 266 277 288
65 64 92 120 194 234 286
65 78 84 85 153 264 271
65 68 73 151 177 186 278
65 49 52 168 207 210 215
65 1 52 88 112 141 212
65 37 180 194 226 269
65 30 108 162 253 294
65 104 191 216 281 294
65 152 200 251 287
65 7 13 105 252
65 54 57 178 225
65 111 166 224
65 20
66 8 10 23 47 55 90 117 128 130 154 218 247 286
66 5 92 98 129 145 186 193 197 199 281 299
66 13 71 82 152 169 179 228 273 276
66 51 77 83 88 94 201 264 274
66 88 121 126 166 219 223 247 287
66 1 57 117 129 131 193 208 288
66 15 67 70 93 99 161 253 263
66 55 72 140 228 267 270 293
66 18 29 48 81 92 170 255
66 38 57 79 124 156 286
66 29 46 133 189 222 271
66 4 30 194 195 197 242
66 15 48 73 109 188
66 17 33 64 155 236
66 9 33 81 128 153
66 0 63 65 113 261
66 18 201 243 257 278
66 28 93 114 138 208
66 32 57 119 193 209
66 76 177 225 242 297
66 8 64 80 100 201
66 59 71 108 178 299
66 62 64 202 291
66 144 241 245 284
66 81 106 267 282
66 23 42 135 231
66 20 127 168 192
66 25 152 220
66 11 77 295
66 21 39 209
66 6 8
66 173 258
67 0 15 88 103 135 151 156 165 230 255
67 43 131 145 158 175 198 206 244 247
67 24 38 49 69 72 127 235 239
67 15 153 157 211 214 253 256 279
67 44 85 119 141 168 203 254 282
67 43 139 146 239 244 253 277 291
67 11 37 38 97 142 206 273
67 30 60 103 151 196 229 260
67 198 202 210 255 260 274 295
67 62 175 182 193 215 222 264
67 16 47 82 83 269 286
67 0 30 190 215 233 294
67 5 14 61 148 213 227
67 6 33 34 132 283 284
67 35 42 52 86 117 211
67 29 35 46 50 58 202
67 47 112 115 278 284 298
67 45 81 91 175 278
67 80 107 165 174 186
67 134 154 160 171 245
67 98 153 251 261 299
67 25 134 140 183 210
67 29 42 151 258 267
67 58 93 171 176 203
67 76 112 207 292 296
67 35 36 124 181 241
67 11 88 163 263 274
67 29 35 84 199
67 47 50 120 131
67 194 200 243
67 9 123 287
67 148 248 281
67 234
67 143
67 84
68 8 9 87 105 140 143 160 201 224 259 274 288
68 11 14 15 17 39 67 83 198 229 279 289
68 21 55 66 70 90 108 118 129 174 238 267
68 2 27 89 99 110 225 227 246 260 273 283
68 80 117 140 152 167 172 193 210 212
68 30 42 47 109 119 167 186 285
68 89 122 135 147 189 203 222 293
68 7 24 135 141 185 280 284 294
68 96 130 202 221 249 265 284
68 12 76 80 148 218 275 277
68 13 70 135 142 204 206 225
68 0 3 118 163 203 297 298
68 31 101 123 125 239 288
68 91 145 218 232 253 269
68 11 72 186 187 294 299
68 26 107 157 186 237 267
68 95 106 112 183 195 196
68 89 119 138 156 171 262
68 29 104 136 137 244
68 152 199 241 268 271
68 76 142 167 292 293
68 4 29 93 96 233
68 39 41 139 162 277
68 36 73 82 192 212
68 59 170 244 294
68 2 38 166 225
68 51 224 235
68 142 222 234
68 58 197
68 101 236
69 1 4 11 17 28 160 162 163 230 234 265 282
69 11 60 87 103 140 150 160 168 170 257 267
69 6 49 103 119 137 167 202 240 284 299
69 66 75 100 162 228 230 266 277 280
69 42 72 113 123 165 209 222 281
69 57 79 154 156 165 196 234 248
69 8 26 106 121 155 178 205 232
69 31 74 97 145 210 236 287
69 0 2 105 107 115 164 244
69 29 75 167 189 250 259 276
69 2 4 41 51 135 148
69 78 121 133 141 202 263
69 14 45 93 144 173 253
69 22 80 96 174 254
69 54 131 169 175 291
69 80 213 229 237 284
69 52 63 162 194 291
69 21 31 222 281 283
69 72 166 228 232 241
69 96 146 156 188 236
69 63 124 138 183 225
69 48 84 104 137
69 51 215 273
69 74 132 194
69 231 260
70 3 22 71 76 129 145 159 200 232 256 275 289
70 2 25 35 50 90 144 146 177 256 282 299
70 23 33 35 36 45 79 159 203 216 232
70 29 44 106 196 209 227 242 265 284 285
70 59 65 105 130 150 171 178 230 237 266
70 25 39 123 130 218 227 228 254 281
70 7 21 73 90 102 192 227 235 291
70 113 148 200 228 243 255 260 289 298
70 24 64 90 95 135 159 190 194
70 69 157 187 188 206 219 230 231
70 22 26 37 104 127 205 270 275
70 9 18 32 81 116 203 248 255
70 29 40 50 70 98 147 249 289
70 38 80 138 181 186 213 282
70 5 45 154 162 226 288
70 1 34 116 184 214 296
70 68 73 87 106 203 230
70 26 121 209 217 240 258
70 40 75 162 215 220
70 9 144 156 160 226
70 125 157 206 227 277
70 15 115 183 204 227
70 104 227 257 287 297
70 127 129 261 277 286
70 55 112 168 178 201
70 0 90 164 189 293
70 41 99 186 274
70 72 135 139 275
70 19 73 93 269
70 113 258 270 286
70 53 58 107 273
70 54 203 252 284
70 25 246 258
70 17 115 132
70 189 207 250
71 9 26 32 74 103 104 140 168 197 242
71 4 73 101 129 149 179 203 227 271 284
71 7 44 112 189 228 245 263 273 274
71 0 74 90 141 184 261 277 291 294
71 22 24 46 74 85 111 129 179 279
71 62 100 105 116 162 256 279 296
71 5 23 60 192 277 287 289 294
71 59 142 161 170 226 256 270 297
71 7 51 97 135 136 261 269
71 69 82 151 203 207 241 244
71 14 47 52 96 109 183 206
71 3 16 39 137 161 221
71 69 165 172 239 244 281
71 88 110 115 169 177 241
71 105 138 146 172 232 251
71 41 46 80 95 135 195
71 91 96 183 208 221 278
71 114 142 208 268 275
71 39 198 205 206 282
71 123 157 264 296 298
71 98 99 115 212 292
71 181 193 215 222 243
71 104 107 152 235 278
71 23 68 119 247
71 40 145 199 247
71 87 191 206 242
71 65 88 91
71 2 110 184
71 35 168 276
71 81 87 113
71 149 220
72 4 11 30 43 70 80 87 97 209 262 285
72 21 39 44 46 112 120 163 173 212 247 248
72 0 19 48 128 227 236 274 280 287 293
72 5 13 159 171 184 245 262 273 290
72 0 52 140 141 146 185 199 221 254
72 8 47 61 103 124 154 184 192 200
72 0 39 50 77 133 142 274 276 286
72 15 93 104 145 200 225 244 257
72 2 31 82 137 140 156 190 224
72 12 50 51 65 163 195 261 264
72 36 40 49 84 108 144 226 280
72 49 59 96 133 172 173 198 253
72 38 106 143 182 193 194 246
72 8 89 101 160 194 234 294
72 7 44 48 60 135 182 237
72 21 118 158 160 162 239 286
72 6 31 61 66 134 188 267
72 38 53 154 197 258 285 293
72 54 64 96 110 145 188 286
72 6 104 144 147 198 221
72 28 98 164 170 233 261
72 48 97 117 228 254 278
72 83 175 209 220 234
72 77 159 213 218 274
72 58 101 155 230 243
72 138 199 218 248
72 193 215 288
72 146 164 223
72 59 76 77
72 37 56
72 46 205
72 43 87
72 185
73 91 105 109 135 151 177 195 205 230 261 266 287
73 4 7 53 62 79 118 130 238 272 290
73 3 33 67 119 127 157 174 201 240 268
73 39 84 93 104 109 166 217 242 271
73 3 15 88 145 148 187 268 277
73 25 36 62 83 154 299
73 26 59 94 115 174 198
73 24 129 245 262 278 288
73 46 79 171 248 250 251
73 7 85 165 167 178 278
73 74 231 236 276 288
73 114 122 164 242 294
73 5 66 75 110 204
73 13 127 157 162 217
73 91 105 184 190
73 34 187 198
73 14 57 279
73 55 133 160
73 69 92
74 0 94 111 129 138 149 153 207 214 227 234 242 254
74 14 20 40 52 74 105 111 117 129 253
74 73 79 156 165 181 204 238 276 287
74 4 7 10 94 108 131 157 190 233
74 28 31 95 136 169 177 208 232 293
74 18 52 87 98 103 122 156 247
74 36 69 70 119 140 213 227 255
74 30 38 50 83 149 229 244 286
74 33 45 50 90 164 249 261
74 55 78 125 150 170 180 254
74 9 78 81 163 171 219 258
74 65 78 105 177 193 238 295
74 6 167 176 195 262 274
74 79 120 141 162 222 289
74 76 85 90 136 167 196
74 8 35 80 94 107 264
74 32 71 177 210 234 285
74 39 118 124 151 236 271
74 27 65 114 147 189
74 64 123 155 181 239
74 53 105 127 168 269
74 19 60 174 176 235
74 23 171 237 238 267
74 36 39 121 186 264
74 105 187 216 235 286
74 8 81 82 126 273
74 60 63 68 186 279
74 47 90 158 282
74 2 62 134 165
74 3 41 283 285
74 120 278
74 87 121
74 91 221
74 106
74 77
75 34 45 55 95 121 147 232 235 263 272 298
75 1 40 56 97 114 162 170 173 196 197 259
75 32 68 80 94 133 141 155 176 276
75 6 55 69 87 89 118 178 192 284
75 17 23 83 194 213 254 260 281 294
75 57 141 165 173 185 196 213 256
75 3 111 143 150 191 194 219 287
75 31 125 155 184 213 221 236 257
75 118 184 217 255 260 274 280
75 2 3 194 254 261 282
75 22 80 244 288 291 298
75 0 22 59 65 208 229
75 67 97 183 195 219 266
75 38 85 154 159 202 216
75 61 110 250 273 299
75 33 49 178 248 295
75 1 43 149 151 238
75 44 76 114 156 293
75 10 41 132 186 248
75 0 147 218 224 234
75 72 83 84 185 230
75 37 62 118 220
75 27 44 77 167
75 102 103 265 282
75 50 71 126
75 56 148 185
75 63 106 221
75 166 236 245
75 96 251
76 54 65 70 82 83 84 105 125 238 274
76 1 47 65 115 155 220 235 264 266
76 16 131 140 166 167 181 182 209 293
76 88 105 191 199 209 223 236 261 263
76 6 66 107 116 177 179 249 252
76 148 181 204 211 214 240 277
76 5 88 146 156 202 233 285
76 43 70 158 172 178 202 266
76 23 61 140 234 261 271
76 15 56 102 175 219 230
76 178 188 223 239 279
76 10 70 104 134 284
76 56 164 205 222 278
76 100 105 248 273 294
76 62 85 127 158 286
76 138 150 187 273 290
76 72 180 249 278
76 137 202 222 245
76 22 38 131 225
76 21 57 131 210
76 25 96 120 213
76 89 151 216
76 30 55 92
76 113 194
77 1 51 86 105 141 181 184 204 220 221 236 273 274 295
77 33 57 71 73 147 151 223 230 232 238
77 82 90 97 149 173 177 196 207 216 238
77 20 61 68 139 182 202 215 237
77 76 128 162 214 224 254 274 296
77 6 36 37 102 127 185 240 246
77 6 54 91 117 129 213 231 257
77 115 116 122 133 237 263 269
77 74 81 145 228 230 233 292
77 6 19 82 210 225 228 275
77 34 39 94 174 197 219
77 4 20 148 162 188 282
77 51 67 102 115 203 278
77 47 138 147 225 260 298
77 11 20 146 206 273 298
77 13 65 80 130 179 190
77 58 66 86 218 248 258
77 28 72 125 131 186 193
77 11 31 37 39 169 197
77 29 50 107 142 209
77 43 145 267 286 298
77 100 218 233 240 265
77 8 23 119 169
77 4 46 89 163
77 30 77 169 260
77 98 174 221
77 60 110 133
77 212 288
77 52 214
78 10 15 24 54 86 165 213 221 248 277
78 12 31 35 65 69 97 180 207 279
78 8 15 42 74 101 230 243 278
78 106 112 132 173 175 217 235 287
78 17 24 48 107 153 213 219 279
78 3 63 66 120 164 267 279
78 2 101 157 183 191 261 274
78 16 56 123 159 162 205 249
78 18 54 126 136 162 239 248
78 7 46 112 164 210 257 277
78 12 20 36 40 60 88 293
78 103 112 150 212 223 294
78 23 67 104 151 188 213
78 7 58 111 127 245 263
78 39 67 138 186 255 277
78 28 56 113 195 203 215
78 88 114 145 176 192 294
78 26 84 185 226 286
78 201 252 284 293 299
78 108 114 137 141 200
78 9 181 229 231
78 174 179 180 205
78 14 28 254 263
78 58 151 223 224
78 29 38 206
78 88 122 258
78 91 123 297
79 38 59 106 126 167 223 275 287 291 293
79 21 121 173 185 215 274 279 289 294 297
79 8 23 32 54 101 138 143 158 252 283
79 54 66 91 161 179 197 219 244 247
79 32 52 115 116 177 183 223 295
79 49 65 68 133 189 206 234 242
79 10 100 110 154 177 195 209 295
79 34 52 57 95 119 154 227 256
79 25 104 106 113 142 159 210 275
79 108 132 156 227 250 253 255 294
79 24 46 60 88 285 290 293
79 15 72 81 103 193 223 299
79 76 140 170 185 231 272 285
79 20 79 139 155 229 253
79 12 22 35 51 79 188
79 118 194 197 254 271 286
79 17 68 104 127 232 278
79 68 87 118 122 128 194
79 1 5 15 188 259 287
79 15 169 207 226 259
79 11 45 153 229 251
79 42 62 86 150 237
79 195 227 272 280 295
79 13 26 120 220 266
79 91 177 203 249 256
79 39 149 181 195
79 91 193 241
79 93
80 21 42 89 100 107 113 120 127 176 188 247 270 275
80 14 15 53 121 126 144 194 208 250
80 64 71 107 110 165 174 185 191 270
80 8 36 61 164 205 223 228 279
80 36 37 51 187 196 219 233 286
80 56 77 81 94 152 207 211 276
80 15 34 36 75 111 126 279
80 90 116 127 161 168 212 213
80 140 155 157 182 183 196 262
80 12 205 206 226 241 245
80 3 79 118 124 208 261
80 53 95 138 212 226 248
80 17 20 41 65 283 299
80 59 136 138 183 199 265
80 13 46 212 234 273
80 40 45 212 259 297
80 14 67 85 89 234
80 8 33 51 208 297
80 70 161 197 262 274
80 0 42 62 173
80 112 125 260 278
80 145 167 175
80 61 159 215
80 63 193 297
80 44 76 227
80 23 69 88
80 54 131 177
81 9 64 71 75 87 222 244 267 272 275 281 287 294
81 16 45 91 119 131 168 195 207 233 237 239
81 3 10 35 75 140 154 169 186 244 267 282
81 16 32 155 161 193 221 266 280 284
81 0 122 155 161 236 247 258 265 271
81 2 33 110 119 181 203 241 247
81 34 67 75 77 176 200 256
81 55 98 126 160 197 277 288
81 9 30 52 152 243 276
81 0 16 35 151 166 275
81 13 27 140 151 184 217
81 3 28 86 117 142 241
81 83 108 182 203 231 287
81 4 14 18 26 74 196
81 34 127 142 183 270 272
81 107 147 206 226 291
81 95 146 165 194 249
81 69 98 106 243
81 91 118 173 264
81 28 72 147 240
81 63 68 197 209
81 67 123 196 271
81 40 180 236 295
81 89 166 181 281
81 98 150 177
81 46 209 243
81 35 52
82 13 123 147 171 185 189 235 257 264 289 291
82 25 45 76 82 102 144 184 195 198 235
82 2 6 136 164 195 202 211 230 273
82 20 65 83 148 183 200 236 293
82 28 65 170 187 215 234 248 273
82 1 6 137 186 197 232 243 272
82 56 96 124 127 249 252 260
82 28 53 59 93 195 217 255
82 44 81 137 187 211 277 286
82 32 52 70 218 221 231 242
82 113 155 163 204 222 245
82 7 110 123 173 188 291
82 50 52 84 105 234 237
82 8 18 56 171 191
82 62 107 143 247 273
82 35 147 208 231 282
82 12 47 50 65 218
82 131 161 221 265 295
82 37 80 110 214
82 0 200 202 280
82 40 88 105 147
82 7 82 141 271
82 30 141 173 269
82 81 168 173 296
82 89 238 244
82 36 66 106
82 0 194 213
82 109 120 200
82 175
82 11
83 42 47 99 118 122 169 253 273 281 282
83 106 171 173 195 196 199 250 279 286
83 30 101 110 111 115 214 222 286
83 6 14 62 85 107 185 246 285
83 0 17 33 107 117 139 190
83 29 161 162 179 182 224 240
83 57 67 80 151 170 245 250
83 13 31 65 79 203 232 290
83 0 55 77 143 144 185 246
83 47 58 63 85 202 243
83 27 40 128 160 210 257
83 82 87 187 250 273 288
83 43 67 77 97 143 299
83 8 17 35 62 199 272
83 23 117 156 221 236 258
83 114 122 145 172 176
83 104 159 179 211 265
83 79 217 296 298 299
83 9 160 199 265 277
83 47 101 263 288
83 23 133 143 254
83 1 64 172 216
83 0 118 140
83 48 161 220
83 122 127 292
83 173 269
83 121 291
84 24 76 79 195 204 211 223 225 235 291
84 8 12 20 32 85 158 214 231 262
84 7 29 34 48 146 211 222 277 279
84 17 47 105 116 134 157 215 225 251
84 39 64 103 112 154 169 217 223
84 76 77 118 131 134 182 233 247
84 79 122 148 218 221 226 244 273
84 58 75 194 201 218 237 271 296
84 28 32 84 118 204 232 250 265
84 31 35 58 84 202 227 261 274
84 101 104 106 120 135 165 236 254
84 33 91 110 178 210 220 250 287
84 66 99 138 146 159 192 246
84 3 21 28 112 128 210 236
84 36 126 156 185 202 276
84 69 146 187 211 293 298
84 60 133 174 214 273 292
84 73 107 194 210 255 262
84 84 89 113 159 211 269
84 20 43 178 240 248 282
84 74 126 134 154 276
84 8 17 105 146 293
84 0 36 139 232 241
84 57 110 236 280
84 224 240 242 256
84 4 13 114 148
84 93 146 257 279
84 12 221 222 298
84 18 82 107 256
84 142 183 280
84 13 163 297
84 175 288
85 2 57 83 93 96 105 154 164 268 299
85 83 107 121 137 150 155 199 201 292
85 16 39 53 111 115 137 191 211
85 27 44 57 115 130 176 187 214
85 74 78 102 190 192 212 232 271
85 10 57 83 111 236 244 250 293
85 20 43 89 97 200 225 236 299
85 24 70 81 141 168 171 186 242
85 127 130 137 167 197 206 282
85 11 31 162 186 221 238 270
85 75 106 112 128 223 261 279
85 12 53 89 93 189 230
85 17 37 63 151 226 251
85 25 26 65 170 199 235
85 0 7 26 204 246 284
85 122 131 184 188 205
85 16 166 173 174 272
85 72 116 124 239 273
85 112 161 171 179 199
85 66 75 175 256 265
85 51 148 221 245 248
85 69 109 140 199 281
85 8 29 84 183 294
85 6 86 158 244 291
85 3 26 190 242 275
85 44 76 100 163 168
85 1 26 91 182 183
85 69 154 235 294
85 3 133 262 268
85 21 209 236 281
85 87 99 109 209
85 53 87 181 213
85 19 196 222 284
85 2 10 19 192
85 68 85 231
85 74 164 175
85 36 240 280
85 233
85 269
86 4 44 51 103 105 114 140 164 194 215 236 239 259 279 280
86 6 9 103 165 186 224 233 258 267 272 297
86 6 20 45 92 139 140 146 209
86 35 104 132 167 198 268 277 291
86 59 100 162 188 196 234 273
86 29 42 57 82 187 188 248
86 26 65 70 168 214 225 237
86 85 96 160 210 236 268 271
86 2 45 96 127 135 151 277
86 18 53 136 143 157 177 194
86 6 65 69 89 132 156 203
86 77 124 142 145 166 194
86 22 31 76 79 116 249
86 13 99 193 205 241 286
86 14 116 150 262 272 296
86 48 55 88 125 163 227
86 25 42 65 117 236 281
86 1 31 158 213 232 246
86 20 66 185 231 284
86 65 67 121 149 258
86 79 102 166 170 225
86 165 174 239 295
86 15 29 63 75
86 17 88 204 255
86 82 124 134 176
86 52 130 172 271
86 1 4 96
86 105 152 290
86 205 226
86 135 190
86 110 266
86 147
86 145
87 29 32 77 90 119 167 188 232 265 299
87 16 32 37 39 98 103 117 119 199 241
87 1 16 78 105 138 165 168 285 299
87 29 39 49 82 169 179 203 278
87 101 102 174 224 237 241 255 281
87 5 20 60 151 233 241 295
87 3 15 144 202 236 249 294
87 121 135 157 213 221 267 295
87 59 66 84 128 141 224 286
87 135 156 158 214 234 275
87 57 58 127 203 222 264
87 109 110 114 127 172 216
87 17 27 63 83 285 294
87 86 198 206 247 287
87 58 67 72 106 176
87 86 100 158 216 244
87 78 123 131 178 282
87 140 161 184 192
87 60 123 155 270
87 12 17 124 269
87 4 7 72 243
87 100 103 147
88 16 24 71 82 104 149 152 227 244 249 297
88 9 57 78 81 115 117 168 200 258 261 264
88 37 42 44 91 98 101 121 128 155 274
88 1 97 102 132 139 146 147 186 225
88 41 63 75 120 188 193 251 254 286
88 52 59 77 104 121 178 185 186
88 1 5 85 180 215 233 238 297
88 83 124 140 144 217 236 239
88 14 80 147 182 258 277 278
88 3 42 173 198 268 276 284
88 29 41 75 101 102 236 298
88 79 106 146 154 178 181 274
88 54 68 109 141 157 182 235
88 0 88 144 171 229 285
88 0 75 139 177 243 253
88 37 58 63 85 240 290
88 8 95 132 133 189 260
88 88 106 153 182 188 199
88 14 36 155 227 242 288
88 40 77 83 132 234 267
88 49 112 113 205 241
88 1 199 205 242 269
88 15 95 252 262 284
88 52 211 218 293 296
88 23 155 197 201 205
88 80 92 106 121 180
88 72 78 148 171 259
88 128 129 181 207
88 68 81 85 217
88 80 81 107 201
88 10 205 208 212
88 52 161 276
88 163 176 281
88 148 240
89 1 9 27 35 41 49 51 111 148 195 208 239 299
89 4 14 44 57 58 113 170 209 219 257 258 293
89 16 28 38 70 86 110 131 165 231 264 281
89 3 8 14 68 183 188 213 223 231 237 294
89 2 39 85 133 178 192 206 220 273 298
89 54 61 147 168 229 241 253 275
89 0 64 77 85 187 219 252 282
89 103 149 185 206 223 240 280 283
89 71 85 141 144 172 205 259 262
89 78 95 172 226 241 277 292
89 85 89 94 222 225 237 242
89 20 22 78 162 192 194
89 62 198 201 208 248 269
89 70 88 97 212 228 273
89 58 59 131 192 216 236
89 13 24 83 130 137 167
89 49 107 143 185 187 217
89 73 117 164 174 175 292
89 31 122 150 197 297
89 9 17 123 217 262
89 25 89 161 195 248
89 29 117 173 242 297
89 22 89 181 264 285
89 57 108 240 290
89 15 141 271 290
89 38 132 147 155
89 10 120 231 284
89 1 56 101 254
89 44 158 162 177
89 105 139
89 247 293
89 24 25
90 1 18 83 90 143 168 189 210 257
90 1 29 41 43 45 104 151 193 287
90 91 101 126 167 246 264 279 288 289
90 28 47 67 77 151 161 223 231 255
90 66 82 101 116 149 154 242 269
90 34 52 120 147 164 170 191 294
90 16 62 105 118 126 131 268
90 27 34 36 92 173 235 258
90 81 112 130 187 199 211 280
90 7 49 111 163 175 207 285
90 10 53 66 152 273 282
90 23 24 79 114 149 247
90 93 96 127 187 218 238
90 7 94 129 147 224 288
90 86 137 159 196 264 284
90 15 55 265 271 296 298
90 36 70 102 140 263
90 59 155 166 177 186
90 5 69 128 144 145
90 5 11 138 232 270
90 80 123 132 159 273
90 8 43 113 164 241
90 163 176 196 251 252
90 1 19 51 174 182
90 63 151 242 274
90 65 91 112 171
90 22 61 141 188
90 33 93 128 296
90 151 198 226 293
90 40 73 121 151
90 103 149 215 272
90 42 129 188
90 12 180 235
90 16 51 63
90 26 158 279
90 15 183 206
91 1 13 22 23 65 95 179 249 255 256
91 49 105 132 183 189 208 234 247 269
91 33 54 68 119 139 194 201 248 272
91 117 119 151 161 202 203 225 245 259
91 50 118 152 159 257 259 279 286
91 56 114 127 139 150 201 217 247
91 59 70 107 130 145 197 236
91 14 19 24 153 155 191 208
91 9 65 70 80 91 104 241
91 49 107 206 215 224 242 251
91 10 75 96 157 169 193 251
91 42 217 252 256 260 286
91 98 155 258 266 273 276
91 12 21 70 85 170 175
91 52 103 123 157 197 234
91 44 180 204 234 246 277
91 3 16 66 76 93
91 9 32 166 195 196
91 77 130 234 235 285
91 51 57 73 104 144
91 14 21 27 200 239
91 125 172 219 254 262
91 35 99 130 256
91 1 74 135 138
91 107 133 276 282
91 60 115
91 174
92 93 107 117 122 128 133 142 145 148 171 197 218 240
92 68 82 93 154 164 239 267 282 283
92 38 85 124 130 162 170 193 195 209
92 17 25 41 54 58 80 98 171 213
92 31 34 99 156 172 192 205 282
92 34 58 97 163 170 178 213
92 4 64 118 209 268 292 299
92 135 189 209 249 275 288 293
92 20 141 233 239 250 266 286
92 101 153 169 177 191 234
92 19 59 91 269 278 283
92 3 58 90 107 175 236
92 2 58 119 192 219
92 98 135 239 243 246
92 19 29 124 293
92 3 226 273 287
92 5 51 76 212
92 9 28 275 276
92 39 120 143 180
92 109 141 278
92 20 22 147
92 42 128 228
92 9 184 246
92 5 112 242
92 33 81 163
92 28 151
93 40 45 68 78 127 166 190 192 200 267 280 296
93 116 125 129 131 135 209 211 233 291 299
93 32 60 69 78 110 137 153 175 230 245
93 21 77 88 153 182 200 214 238 263
93 30 66 75 115 146 151 186 205
93 25 27 46 155 232 245 275 293
93 15 16 86 139 200 264 274 290
93 60 85 141 156 162 167 200 291
93 8 138 160 205 227 234 259
93 106 108 111 119 159 163 289
93 47 95 162 251 265 275 284
93 17 98 179 190 210 227
93 13 44 62 191 206 223
93 3 6 65 180 264 291
93 34 45 68 111 192 286
93 30 61 128 148 190
93 0 44 45 193 253
93 54 63 65 173 255
93 3 9 35 95 262
93 1 82 110 112 283
93 8 47 104 131 251
93 4 51 127 260 296
93 57 100 105 237 287
93 20 33 98 242 257
93 2 112 222 293
93 43 72 185 228
93 67 104 139 248
93 66 150 161 169
93 107 194 224 250
93 16 191
93 68 230
94 89 108 117 143 157 160 171 177 226 240 297
94 29 48 104 107 125 145 148 152 179 215 271
94 113 117 121 132 135 173 183 200 204 251 261
94 57 78 84 150 176 191 214 237 248 289
94 112 121 123 142 170 181 221 240 261
94 3 10 47 126 132 165 167 192 254
94 5 60 87 169 175 190 191 259
94 7 60 172 201 217 252 260 278
94 37 48 78 105 115 121 133 213
94 30 70 158 169 186 205 263 279
94 29 105 191 219 227 238 295
94 21 89 93 119 128 229 295
94 7 142 180 257 263
94 106 203 225 232 235
94 24 108 201 243 277
94 77 92 210 233
94 15 39 187 223
94 27 119 289
94 231 248 249
94 89 204 209
94 46 152
94 278
95 18 39 44 45 64 87 117 180 250 260 299
95 86 94 134 141 156 163 164 232 257 295
95 81 90 93 106 140 145 179 206 230
95 9 64 116 119 161 228 279 293
95 51 74 100 140 226 244 279 291
95 24 139 176 191 192 223 230 263
95 61 76 155 172 174 183 204
95 34 40 85 140 160 177 288
95 7 9 25 63 119 130 226
95 17 53 83 86 192 204 298
95 4 87 88 136 141 148
95 72 150 183 186 230 289
95 18 21 119 164 209 299
95 14 69 115 124 230 235
95 11 70 220 232 273 279
95 20 172 236 272 290
95 16 186 202 237 265
95 52 57 84 116
95 57 105 144 154
95 9 213 284 293
95 69 199 271 281
95 70 118 211
95 107 117 218
95 100 186 193
95 79 138 192
95 16 67
95 279
96 2 98 119 132 162 173 187 200 204 208 215 279 294
96 34 64 68 136 205 207 209 210 278 286 298
96 9 65 112 122 124 148 274 281 292 294
96 53 103 118 140 150 165 243 287 293 295
96 31 67 188 189 198 233 256 287 295
96 36 38 50 70 103 246 284 286
96 0 6 91 92 109 142 187 273
96 51 107 127 144 189 238 283 296
96 41 53 76 97 123 168 209 296
96 49 80 134 179 217 230 235
96 4 15 18 28 38 130 182
96 44 51 75 155 160 241 250
96 39 42 89 128 130 188 245
96 66 128 136 138 152 259 293
96 3 32 131 167 241 251 264
96 15 123 145 170 175 235
96 9 82 192 268 269 272
96 76 139 175 178 194 225
96 62 155 209 214 262 293
96 191 224 235 271 272
96 202 253 257 293 297
96 4 140 218 269 297
96 5 58 65 84
96 39 123 157 192
96 2 92 181 280
96 73 162 166 224
96 90 256 273 294
96 57 102 193 202
96 74 176 190 261
96 0 165 249
96 71 249 275
96 43 113 167
96 83 272
96 81
97 26 61 80 106 123 141 157 185 236 253
97 39 51 91 135 149 166 222 225 260
97 61 95 125 138 209 213 222 268
97 11 16 40 58 73 76 169 240
97 4 6 29 239 269 270 296
97 25 105 140 149 181 274 280
97 77 124 129 139 144 197 246
97 20 83 102 119 131 265
97 38 41 82 98 114 179
97 18 39 153 169 272
97 38 72 123 171 273
97 34 104 111 122 270
97 131 214 227 265
97 91 182 207 241
97 28 134 190 262
97 57 223 256
97 165 186 253
97 19 49 70
97 190 227 296
97 88 121 229
97 2 44 75
97 195 242
97 25 120
97 139
98 28 69 72 130 159 214 215 226 227 276
98 69 89 99 110 189 219 228 256 283
98 26 31 60 150 159 199 211 249 259
98 10 39 105 160 192 237 240 262 296
98 16 30 32 58 91 137 157 194 287
98 118 121 133 196 204 209 225 230 288
98 90 110 153 163 171 176 190 298
98 50 128 151 162 244 278 283 295
98 0 35 97 141 164 221 276 297
98 38 80 91 169 245 262 273 277
98 15 73 98 184 234 236 252 264
98 34 51 62 153 191 232 237
98 26 40 83 93 117 248 295
98 72 129 173 174 176 216 291
98 42 182 213 215 251 297
98 2 55 94 97 110 231
98 27 141 163 205 284 289
98 0 155 184 220 222 228
98 28 39 69 82 196
98 60 90 168
98 41 72 157
98 10 95 272
98 1 42 90
98 38 175
99 31 35 74 82 92 165 186 199 219 275 285
99 6 18 56 79 93 151 154 196 231 248 293
99 59 77 121 137 146 161 189 271 273 291
99 2 8 51 58 78 105 161 233 247
99 6 25 32 52 54 66 192 282 292
99 50 58 101 180 209 241 253 273
99 36 42 84 173 199 208 226
99 53 82 109 119 136 229 265
99 61 154 193 208 224 234 282
99 19 112 166 168 209 225 226
99 52 85 116 148 216 223
99 3 106 117 145 188 192
99 56 68 96 207 258 278
99 2 4 166 198 275
99 30 191 193 226 278
99 105 144 194 232 245
99 16 20 37 149 192
99 19 36 56 70 114
99 67 93 186 216 225
99 4 54 62 142 166
99 14 24 117 158 291
99 11 166 191 263
99 92 102 235 294
99 40 122 168 284
99 128 136 145 166
99 50 239 262
99 6 113 171
99 41 90 225
99 60 172 280
99 147 216 290
99 82 109
99 205 224
100 24 38 74 83 86 91 129 143 230 235
100 17 28 48 83 131 207 243 272 288 293
100 43 45 61 79 114 148 193 287
100 88 154 188 205 225 248 260 296
100 25 54 57 110 116 198 202 297
100 21 100 101 230 237 255 286
100 68 77 85 206 230 280 296
100 26 49 57 58 88 175 275
100 125 133 153 177 203 222 299
100 84 97 127 205 223 238 254
100 16 49 87 91 134 229
100 22 82 128 159 186 251
100 36 37 160 198 221 223
100 19 59 122 160 190 215
100 32 113 175 260 262 288
100 33 135 146 182 222 238
100 127 167 202 227 236
100 50 139 219 236 283
100 7 75 137 171 183
100 13 17 49 269
100 8 146 196 259
100 70 192 217 234
100 10 32 97 255
100 21 195 215 277
100 108 123 165 274
100 26 62 191 287
100 40 81 116 255
100 17 33 39 226
100 190 255 261 275
100 19 125 178
100 65 102 126
100 117 159 231
