300 3000
1 1 85 120 125 133 146 187 208 215 273 289
1 16 18 27 62 66 76 136 170 246 270 280
1 26 36 37 44 63 74 96 121 130 233 291
1 4 23 57 66 105 118 166 201 204 245
1 17 27 70 88 89 92 210 278 281
1 12 30 55 58 98 172 177 226 241
1 78 93 181 184 216 229 261 286 291
1 10 36 48 90 139 155 159 177
1 76 91 133 173 236 274 288 291
1 11 14 99 116 147 201 288 298
1 2 92 203 207 260 268 288
1 58 155 169 269 293 297
1 41 63 71 134 139 277
1 31 89 112 125 210 245
1 35 62 81 150 167 251
1 53 62 66 73 176 248
1 15 62 70 76 88 155
1 87 92 99 146 160 233
1 42 63 70 108 268 270
1 54 80 121 180 253
1 46 224 251 283 288
1 83 138 156 168 206
1 14 53 80 276
1 15 20 73 233
1 89 210 222 272
1 99 155 187 205
1 22 33 53 243
1 26 130 172 177
1 33 49 50 71
1 59 166 227
1 105 149 198
1 90 256
2 22 26 36 89 124 153 160 193 213 249 261 272
2 4 7 23 53 115 131 165 169 184 196 229
2 45 79 89 157 185 221 225 258 278 295
2 49 52 54 74 158 175 181 220 236 297
2 24 56 61 62 78 87 104 135 282
2 2 77 170 198 233 243 247 251 294
2 68 109 216 227 228 238 259 296
2 7 12 13 33 68 76 176
2 35 42 66 110 140 202 210
2 12 40 56 114 192 249 260
2 26 33 125 184 208 285
2 9 73 91 130 172 254
2 22 52 89 147 225 247
2 8 14 91 167 193 266
2 6 61 123 212 231
2 76 107 127 261 276
2 89 133 199 214 290
2 10 99 130 170 206
2 18 44 108 235 254
2 5 28 84 136 159
2 112 175 236 238 290
2 44 169 221 266
2 73 154 285
2 187 293
2 143 196
2 227 242
3 34 70 75 83 113 164 172 174 191 200 239 270
3 34 42 65 111 123 146 167 175 242 281 290
3 6 54 99 168 176 202 203 217 265 298
3 3 11 75 98 168 218 223 274 283
3 0 10 24 62 89 132 228 297
3 23 33 88 98 192 230 242 298
3 65 111 158 168 172 198 241 296
3 14 110 124 168 192 193 267 276
3 51 95 106 126 171 174 232 241
3 10 80 98 133 162 282 296
3 5 111 129 165 195 228 271
3 8 29 174 210 232 253 267
3 4 14 51 68 75 210 255
3 33 42 93 156 192 235
3 101 119 151 159 181 225
3 18 82 86 191 245 268
3 45 94 108 126 186
3 49 251 253 261 288
3 61 144 208 210 230
3 77 87 220 240 247
3 42 50 138 213 214
3 36 81 129 185 235
3 0 3 12 16 237
3 139 241 263 280 283
3 65 178 189 262
3 38 79 147 239
3 37 64 132 144
3 59 99 114 190
3 213 228 250 280
3 7 43 197 257
3 54 89 199 273
3 9 155 178 264
3 75 78 200 293
3 81 267
3 228 261
4 36 48 53 92 114 122 135 145 174 238 239 247 262 293
4 4 24 63 113 129 133 136 288
4 22 67 73 92 116 120 125 145
4 0 57 101 115 140 166 276 280
4 26 71 153 168 209 211 279 288
4 59 101 184 226 236 240 272
4 21 91 112 125 220 278 299
4 50 85 155 184 232 261 262
4 18 19 123 158 219 235 242
4 74 134 212 257 261 263
4 17 22 74 114 120 270
4 43 53 203 278 283 294
4 23 26 33 158 253 260
4 22 134 157 263 283 298
4 19 46 101 221 230 292
4 92 246 251 265
4 33 76 112 145
4 17 93 130 251
4 27 71 72 90
4 151 173 258 275
4 193 217 243
4 27 242 295
4 189 244
4 24
5 2 4 43 52 70 78 138 247 274 276 292
5 44 66 108 131 179 182 183 185 213 249 285
5 5 9 57 86 92 139 167 193 221 293
5 106 108 112 152 237 256 269 274 280 282
5 1 82 84 107 191 193 219 223 278
5 11 25 38 44 52 59 98 142 219
5 15 62 140 161 167 184 222 248 254
5 45 84 113 115 237 250 277 289
5 17 29 74 104 171 230 245 252
5 15 21 73 97 132 160 299
5 14 39 207 211 236 248 279
5 55 80 125 131 136 218 233
5 8 129 170 204 220 238 274
5 40 81 104 131 213 249
5 43 89 94 114 165 190
5 32 209 213 248 258 275
5 59 135 210 211 217 276
5 28 70 201 238 264 283
5 57 138 160 184 214 232
5 20 38 88 246 250 279
5 35 56 85 143 200 250
5 21 106 112 145 234 288
5 19 84 148 198 202 244
5 16 118 189 193 243
5 3 114 116 240 273
5 89 187 219 233 286
5 35 153 175 217 245
5 78 97 109 210 241
5 20 159 190 192 202
5 13 19 45 292
5 60 63 158 290
5 21 83 190 225
5 13 32 153 262
5 151 219 268 290
5 48 63 197 226
5 44 223 234 288
5 111 167 271
5 121 226 255
5 60 144 257
5 70 205 257
5 298
6 5 8 16 17 23 84 93 107 122 145 240 281 288
6 55 68 74 92 121 155 173 196 291 293
6 17 28 94 108 128 202 222 274 287
6 29 61 87 207 241 247 268 291
6 7 52 223 258 260 270 274
6 35 63 68 97 130 137 238
6 44 75 92 221 232 256 283
6 1 55 103 109 195 240 274
6 33 67 81 181 205 225 265
6 76 87 97 105 158 256
6 30 63 81 98 132 146
6 9 40 81 287 293 294
6 12 82 125 177 229 254
6 28 38 92 150 223 245
6 3 18 190 192 245
6 120 165 174 231 283
6 89 99 127 208 212
6 63 86 180 186 221
6 3 125 146 154 178
6 28 75 246 251 254
6 74 114 126 202 296
6 68 221 248 269
6 21 46 246 273
6 1 90 184 232
6 199 274 276
6 4 12 146
6 14 121 180
7 4 34 38 43 51 85 105 126 195 251 270
7 37 85 131 135 142 151 208 215 258 266 281
7 38 65 68 107 129 138 170 200 266
7 11 119 146 178 206 212 251 259
7 17 94 129 152 155 167 181 280
7 41 84 121 155 179 250 257 281
7 67 139 182 185 218 269 288 296
7 41 49 103 138 139 239 293
7 28 76 84 96 117 189 214
7 83 120 193 231 239 260 274
7 51 75 81 98 105 159 253
7 55 116 117 177 209 214
7 13 16 30 69 139 171
7 6 18 155 164 274 297
7 68 103 125 183 264 290
7 75 95 124 151 193 297
7 72 87 138 195 227 295
7 32 70 119 168 240 269
7 2 75 118 119 232 238
7 61 91 149 154 161 288
7 4 91 168 174 295
7 2 92 140 163 250
7 18 42 211 286
7 107 132
7 212 270
7 131 288
7 217 271
7 32 255
7 96
8 10 12 14 18 71 106 116 126 184 282
8 3 8 10 48 50 93 108 279 290 294
8 24 106 129 187 212 214 244 259 267 291
8 44 84 114 118 176 182 197 231 278
8 49 60 86 106 121 166 209 249 262
8 15 39 42 67 77 161 222 269
8 35 55 91 117 121 172 202 265
8 16 18 66 83 125 154 172 199
8 1 14 33 45 104 260 287
8 8 15 71 131 144 236 246
8 4 32 81 92 97 160 279
8 56 75 94 118 189 196 270
8 26 47 87 146 151 271 285
8 50 57 102 175 221 273 281
8 41 84 134 141 159 165 207
8 13 75 87 206 210 288
8 78 184 210 251 253 258
8 83 136 203 226 254 299
8 72 124 143 162 165 292
8 20 46 72 136 157 275
8 28 95 113 114 170 182
8 5 88 118 164 212
8 12 109 153 172 187
8 6 11 30 50 273
8 14 171 233 289
8 66 236 238 267
8 57 198 204 276
8 42 45 73 207
8 87 227 238
8 156 209
8 133
8 32
9 7 31 57 89 187 188 190 194 210 292 297
9 24 54 71 139 142 168 208 217
9 1 16 64 78 138 145 176 229
9 15 162 196 235 269 273 284 289
9 4 31 147 237 252 276 288
9 27 48 56 163 258 259 270
9 4 7 54 102 156 157 278
9 0 43 52 156 198 201
9 24 85 157 285 297
9 58 114 115 154 240
9 6 127 147 175 278
9 133 145 175 197 285
9 13 89 90 159 293
9 17 96 263 266
9 65 155 249 255
9 1 80 257 290
9 1 21 176 230
9 23 24 91 203
9 21 29 101 261
9 39 76 277
9 174 209 236
9 40 172 253
9 121 147 231
9 4 132
9 26
10 28 64 90 100 114 122 157 166 197 224 287
10 36 63 82 119 120 135 162 210 249 290
10 3 6 27 75 90 118 202 207 226
10 15 30 46 74 153 188 229 232 238
10 25 42 50 127 256 259 267 289
10 63 66 85 123 133 202 204 297
10 150 184 199 211 231 243 246 255
10 14 64 91 102 191 217 239 292
10 76 105 114 132 143 161 186
10 12 100 132 143 156 197 248
10 33 50 250 259 269 278 279
10 39 125 153 162 185 233 269
10 40 41 171 173 243 280 299
10 74 147 169 187 266 283
10 1 53 122 155 232 241
10 63 150 160 179 191 244
10 103 105 113 119 265
10 38 94 148 164 251
10 45 110 190 194 271
10 15 33 97 195 292
10 17 31 127 136 278
10 95 108 184 267 289
10 66 124 169 294
10 172 199 222 228
10 34 171 239 294
10 51 63 123 143
10 51 53 92 104
10 141 277 286
10 88 113 281
10 20 154 206
10 202 219 264
10 245 264 288
10 33 235
10 217 264
10 95 206
10 66
11 18 38 40 48 52 81 83 109 122 150 208 216 229 259 265
11 18 19 26 70 86 183 216 221 251 293
11 18 28 47 69 80 106 113 145 274 291
11 24 29 107 113 142 193 250 257 263
11 4 7 64 91 106 129 133 251 288
11 31 61 67 73 129 145 197 227 272
11 2 27 86 126 169 196 235 256 272
11 11 26 28 37 50 127 128 249
11 6 29 37 56 97 271 278 299
11 46 59 64 80 95 103 126 280
11 89 145 177 178 195 197 227 266
11 23 38 76 150 221 228 294
11 48 201 232 233 245 261 288
11 77 92 100 145 205 239 256
11 1 41 60 72 89 271 280
11 46 150 180 211 272 295
11 3 14 32 123 224 250
11 56 191 219 250 252
11 149 194 201 286 291
11 7 53 111 223 273
11 62 112 134 171 268
11 47 139 179 194 286
11 129 215 247 259
11 7 111 117
11 87 168 174
11 68 105 265
11 39 126
12 21 40 43 52 109 151 163 187 220 227 289
12 14 21 43 65 157 171 207 282 290
12 1 14 55 102 117 218 263 272 299
12 65 96 148 157 216 237 246 264 278
12 32 120 132 148 161 169 217 232 261
12 20 57 65 66 204 230 252 258
12 36 44 117 123 208 215 257 279
12 14 30 54 144 152 185 197
12 91 97 145 146 212 247
12 18 53 67 166 205 245
12 7 39 45 89 255 277
12 29 49 136 207 218 230
12 76 153 160 226 269 296
12 50 82 110 216 233
12 25 53 106 178 188
12 113 135 203 218 282
12 3 61 102 142
12 26 86 96 200
12 54 181 252
12 44 211 230
13 20 38 39 41 68 76 134 137 158 163 229 261 272 280
13 7 40 46 90 96 129 135 167 168 180 201 272
13 22 75 91 93 111 145 149 150 202 229
13 82 104 143 147 198 200 202 236 256 278
13 82 90 138 166 189 211 223 240
13 29 35 113 116 126 227 250 265
13 87 112 115 125 128 167 188 295
13 0 69 110 177 190 193 252 295
13 17 128 180 202 208 286 297
13 11 32 47 63 143 215 293
13 52 53 69 119 121 155 163
13 20 38 43 137 192 195 204
13 32 218 233 236 266 286
13 30 55 127 144 229 272
13 21 89 122 136 144 224
13 32 96 114 160 186 235
13 23 145 150 163 225
13 111 156 220 223 298
13 18 38 75 176 248
13 38 57 77 110 299
13 8 144 173 235 251
13 48 97 161 179 217
13 198 221 225 244 272
13 51 101 159 201 258
13 60 67 145 228 237
13 91 216 221 251
13 157 205 231 268
13 4 92 287
13 76 138 268
13 104 183 222
13 101 235 264
13 107 111
14 49 55 60 70 75 107 143 187 212 232 255
14 62 65 93 118 124 136 138 183 189 212 285
14 13 31 32 58 163 235 239 246 255 295
14 100 106 131 204 214 229 252 276 277
14 83 111 129 200 238 250 267 288
14 27 31 37 53 115 187 190 217
14 33 82 132 153 209 265 268 296
14 55 68 81 85 96 129 138 142
14 11 81 115 130 142 190 249 283
14 9 40 136 150 212 255 256 290
14 13 18 40 48 135 174 199
14 19 138 140 192 200 205 289
14 1 105 135 167 188 236 239
14 75 80 154 176 182 203 231
14 21 22 50 248 263 270 279
14 26 32 57 78 129 141 249
14 16 46 68 207 210 295
14 48 101 175 232 280 295
14 103 141 197 231 249 296
14 10 60 67 142 220 286
14 87 114 179 200 285
14 81 146 150 161 216
14 12 78 185 218 282
14 1 3 82 102 265
14 16 43 60 93 252
14 2 143 171 216 245
14 9 79 159 195
14 7 68 152 197
14 39 157 169 242
14 19 177 185 288
14 13 23 24 73
14 195 234 293
14 18 79 234
14 65 147 247
14 75 89
15 13 36 47 63 169 174 176 181 262 299
15 1 17 24 73 81 131 157 174 272 280
15 27 93 123 182 228 233 237 264 279 290
15 34 71 81 114 115 118 151 256
15 2 124 146 169 170 229 273 290
15 52 97 103 104 123 187 253 298
15 79 85 92 138 222 229 293
15 7 9 17 48 77 100 105
15 121 133 211 227 249 272 280
15 21 69 141 211 255 260 264
15 10 119 122 134 142 210 239
15 26 59 65 190 232 271
15 23 83 169 267 281 288
15 76 150 173 195 217 251
15 82 103 159 168 220 267
15 3 53 123 125 158 173
15 20 117 212 242 262
15 92 168 274 278 289
15 146 187 220 242 264
15 69 104 108 120 228
15 31 33 72 274 283
15 116 133 258 261 287
15 6 70 72 118 200
15 9 34 117 236 267
15 19 131 155 156
15 33 62 147 209
15 130 244 293
15 76 196 259
15 32 148 167
16 42 78 98 102 149 180 235 243 256 277 293
16 21 47 99 109 207 222 234 244 254 264 299
16 85 108 114 136 174 176 192 239 252 274
16 31 111 135 136 177 202 244 245 260
16 67 92 103 106 220 227 232 266 281
16 5 15 33 86 94 151 178 215 234
16 0 23 25 37 81 93 136 248
16 28 92 124 160 168 205 269 276
16 75 96 142 237 242 278
16 52 122 182 202 216 232
16 62 103 156 169 197 261
16 114 172 244 252 294
16 42 118 231 254 265
16 8 73 78 101 180
16 91 145 197 207 295
16 4 52 105 120 257
16 24 72 129 157
16 4 7 70 283
16 107 120 203
16 60 197 277
16 44 60 261
17 11 18 123 126 194 205 211 259 282 291
17 4 12 13 24 31 156 183 190 235 266
17 8 40 70 97 132 202 221 228 276 294
17 23 68 102 118 139 144 199 248 264
17 37 53 115 193 201 226 250 264 290
17 31 32 39 57 116 120 279
17 19 104 125 202 238 243 284
17 77 109 111 203 260 282 293
17 98 103 126 128 194 258
17 5 63 67 87 142 244
17 7 61 80 118 125 261
17 52 116 132 144 245 279
17 51 97 145 172 297
17 132 150 173 283 291
17 161 178 189 263 294
17 87 133 161 256 285
17 44 149 187 232 291
17 30 53 97 109 277
17 78 128 155 207 208
17 47 80 130 162 190
17 88 135 192 196 203
17 30 75 185 196 242
17 13 60 133 154
17 39 115 222 224
17 18 166 178 227
17 89 177 226 245
17 68 70 235
17 79 211 228
17 68 71
17 261 279
17 41 119
17 159
18 5 15 35 42 61 70 85 89 107 108 156 193
18 24 31 47 97 103 107 119 147 187 289
18 39 50 83 89 108 145 157 230 232 277
18 41 46 70 104 125 173 180 197 282 295
18 53 72 81 105 190 206 208 222 243
18 3 50 69 192 205 239 255 259 287
18 17 39 105 128 177 181 203 207 251
18 32 35 92 96 131 160 173 206 278
18 14 52 86 116 123 126 153 227 281
18 95 132 157 159 248 260 270 272
18 47 72 96 98 103 257 269 292
18 27 29 32 63 126 132 174 240
18 24 126 161 169 183 270 286
18 48 62 104 199 222 227 241
18 55 67 95 122 131 139 279
18 10 79 108 210 257 267 288
18 58 78 97 145 191 230 247
18 8 19 21 84 109 166 187
18 20 33 37 102 196 230 263
18 16 120 165 186 209 214 229
18 11 65 68 85 137 258 273
18 12 47 76 121 144 234
18 8 31 56 116 250 297
18 20 28 66 177 178 235
18 17 154 156 173 205 249
18 61 72 98 159 203 214
18 70 83 122 213 275
18 10 15 65 272 297
18 12 20 135 213 249
18 42 81 101 244 274
18 3 86 166 257 268
18 15 106 139 287
18 124 192 256 257
18 55 153 254 264
18 19 25 81
18 18 164 254
18 112 186 297
18 67 111 213
18 45 176
19 19 82 122 137 156 200 202 231 271 289
19 47 90 114 121 135 163 177 184 286 290
19 35 109 129 135 169 175 181 242 253
19 44 81 136 164 167 168 234 239
19 12 23 82 94 156 207 222 244
19 31 52 119 126 153 199 211 240
19 16 32 54 81 82 156 229 241
19 23 24 41 102 149 244 285 289
19 3 13 77 91 182 185 261
19 42 120 124 209 221 278 295
19 99 139 173 184 229 256
19 83 84 92 157 186 196
19 48 56 92 111 275
19 19 75 181 182 235
19 33 78 100 108 298
19 69 166 168 193 241
19 110 111 124 135 147
19 12 237 264 279
19 147 170 180 285
19 28 36 143 280
19 9 46 62 256
19 163 238 251
19 78 99 123
19 105 181 280
19 180 269 287
19 117 157 277
19 110 137 293
19 37 98
19 143
20 22 37 49 87 109 146 171 191 200 209 225 250
20 9 11 56 113 142 184 226 234 257 275 285
20 37 41 47 71 80 93 122 123 180 266
20 21 88 89 95 103 117 128 160 238
20 52 94 105 146 192 229 243 264 298
20 0 74 118 120 190 214 218 249 250
20 3 13 84 106 111 174 192 222 223
20 3 46 95 219 220 243 250 262 290
20 67 80 83 141 177 233 256 290
20 1 40 88 133 155 247 281 295
20 14 23 41 46 104 157 186 240
20 12 56 84 102 141 178 186 285
20 26 34 46 50 103 137 207
20 19 136 144 162 178 201 249
20 3 9 31 68 144 183 199
20 116 140 168 212 239 292 296
20 21 88 103 173 212 290
20 57 87 96 156 201 271
20 64 91 154 246 251 278
20 15 18 52 111 149 265
20 18 37 44 50 127
20 21 37 171 240 245
20 110 183 210 220 299
20 27 199 206 282 285
20 20 95 170 224 229
20 95 121 149 166 271
20 32 222 227 282
20 0 213 261 264
20 21 110 232 252
20 77 90 106 143
20 35 82 266 272
20 77 78 152 194
20 176 200 210 273
20 120 150 206
20 9 80 119
20 168 174
20 123 170
20 34
20 264
20 49
21 7 10 15 27 62 70 77 90 115 166 171 175 197 226
21 7 31 46 52 119 137 154 160 176 177 199 201 212 278
21 9 32 43 147 155 162 189 192 232 275 294 299
21 4 53 100 130 133 143 202 225 228
21 5 11 19 117 239 260 266 279 291
21 42 46 129 153 227 233 274 288 290
21 6 28 64 103 106 125 250 267
21 0 1 32 179 229 248 272 289
21 44 74 80 129 158 205 267 285
21 35 75 76 112 118 185 212
21 8 94 142 158 187 230 256
21 0 151 169 241 258 267
21 72 143 181 187 274
21 25 35 68 126 189
21 117 125 131 227 271
21 70 85 224 230
21 6 7 57 137
21 5 55 67
21 18 33 170
21 63 116 242
21 8 54 172
21 263 284
21 73 110
21 164 271
22 9 19 41 69 110 158 199 202 227
22 27 31 45 72 76 87 150 237 297
22 71 75 114 153 184 194 239 249
22 5 10 103 113 151 153 259 282
22 24 116 143 153 191 217 253 286
22 83 131 143 209 216 262 288
22 47 92 182 197 232 295 296
22 12 19 111 149 169 190 211
22 11 76 88 157 217 240 247
22 25 32 69 149 184 271 293
22 23 99 147 201 222 273
22 66 118 120 141 150 274
22 146 170 177 249 255 268
22 59 78 92 142 157 217
22 5 95 118 150 152 171
22 45 55 107 114 184 221
22 45 49 125 143 245
22 72 184 224 228 271
22 56 122 137 265 269
22 10 17 126 223 253
22 3 4 87 153 191
22 44 52 78 118 274
22 11 116 122 154 256
22 36 64 141 226
22 42 122 123 132
22 162 164 220 237
22 19 107 188 273
22 69 117 129 233
22 90 145 165
22 24 78 249
22 51 125
23 0 1 9 118 122 155 194 215 217 240 277
23 41 109 178 190 222 254 261 273 282 291
23 1 22 44 63 98 114 115 207 217 222
23 55 59 137 141 157 170 194 244 251 272
23 107 136 160 166 168 230 244 248 279
23 21 28 120 124 161 222 243 296
23 95 194 201 220 229 237 253 262
23 7 31 62 130 223 241 280
23 100 110 215 243 259 263 296
23 37 61 74 138 144 157
23 19 98 208 221 287 294
23 79 95 104 113 192 198
23 11 112 174 243 255
23 9 16 44 224 246
23 29 42 67 151 299
23 89 128 132 190 270
23 84 155 270 295
23 78 97 145 172
23 20 258 264 272
23 4 11 179 281
23 111 181 218 244
23 49 253 296
23 31 232
23 38 150
24 30 58 78 92 101 132 182 185 194 221 229
24 4 48 62 92 113 151 170 221 265 298 299
24 3 12 53 58 63 69 113 155 181 214 290
24 41 74 87 135 190 253 277 294 296
24 88 89 127 197 244 267 272 292
24 103 120 144 161 171 242 283
24 25 61 94 141 160 163 255
24 13 30 36 112 149 230 299
24 15 16 68 166 180 183 195
24 64 69 162 222 226 288
24 39 46 70 114 280 299
24 57 67 104 199 221 222
24 50 81 85 97 223
24 13 21 28 70 298
24 109 126 174 256
24 13 29 49 266
24 198 254 275 296
24 87 173 187 237
24 104 116 127 198
24 43 118 138
24 58 150 222
24 20 135 292
24 198 260
25 21 43 76 97 111 115 120 243 251 257
25 4 24 40 79 107 179 222 252 289
25 4 84 116 129 163 181 189 265
25 40 44 65 201 228 251 281 287
25 103 106 153 182 192 227 265 266
25 59 87 170 200 207 265 297
25 6 23 82 99 176 239 288
25 55 97 186 218 231 281
25 1 5 120 191 208 254
25 13 36 46 115 148 214
25 28 105 117 160 271 289
25 60 62 177 211 260 294
25 4 67 136 255 278
25 57 71 74 198 271
25 21 116 156 218 270
25 27 30 118 211 232
25 14 37 160 256 265
25 4 26 32 70 73
25 100 127 161 277
25 12 151 211 280
25 144 232 243 271
25 7 15 75 159
25 60 157 176 235
25 97 245 248 250
25 24 197 205
25 64 191 283
25 47 146
25 248 254
25 79
26 0 21 32 56 76 180 189 195 214 229
26 6 51 140 169 188 200 216 246 255 264
26 14 34 70 124 155 207 214 225 265 292
26 0 58 112 118 123 152 253 293 299
26 5 17 47 125 143 155 206 255 286
26 7 150 162 167 186 223 239 298
26 7 84 173 190 210 232 263 273
26 44 48 117 198 207 253 281 296
26 80 135 157 189 214 224 236 252
26 98 116 129 192 219 233 286
26 28 30 42 67 83 105 254
26 17 41 142 150 231 252 279
26 9 39 58 133 156 178 270
26 3 29 174 190 222 273 281
26 1 123 203 210 253 262
26 112 130 148 251 256 266
26 31 84 209 231 291 299
26 62 80 142 209 230 277
26 38 63 137 163 183 254
26 20 55 78 101 125 183
26 16 76 98 144 179
26 0 232 239 243 259
26 110 169 197 237 278
26 5 17 85 98 248
26 113 197 237 252
26 31 37 122 207
26 72 79 199
26 123 173 248
26 25 91 280
26 94 118 290
26 233 266
27 4 29 34 63 109 114 133 187 238 261 287
27 2 44 85 102 108 118 133 135 190 198 289
27 11 40 53 94 113 115 137 211 236 276
27 6 33 41 56 70 128 161 253 262 273
27 5 131 160 198 210 236 248 262 279
27 50 77 87 104 127 136 223 241
27 5 152 167 184 197 244 251 282
27 26 40 45 55 76 167 273 289
27 21 46 103 157 177 247 275 293
27 20 61 74 113 137 161 204 249
27 23 45 106 118 149 150 212 239
27 2 43 149 151 155 200 209 217
27 163 191 198 216 230 249 266 274
27 18 43 53 73 91 133 154
27 32 33 118 119 120 184 204
27 40 88 100 121 136 142 223
27 26 27 188 230 270 286 288
27 20 26 32 76 109 129 241
27 82 91 97 192 199 211 230
27 4 17 36 51 79 203
27 88 176 210 224 225 255
27 14 57 79 153 171 182
27 18 32 82 97 136 188
27 7 108 126 170 190 223
27 23 57 65 130 282
27 9 84 86 126 132
27 68 100 124 147 293
27 7 114 170 253
27 98 120 143 189
27 17 194 288 295
27 95 157 252
27 109 136 240
27 40 165 214
27 47 56
27 226 288
28 15 25 37 76 92 94 108 116 139 262 263
28 18 20 48 75 112 178 201 203 221 265 283
28 78 88 114 171 181 188 200 212 237 281
28 3 26 62 122 134 179 228 246 295
28 58 142 172 180 198 200 245 255
28 1 16 22 26 91 178 256 265
28 9 19 90 91 178 224 230 234
28 80 104 140 169 242 248 265 299
28 27 43 56 198 214 267 271
28 53 65 124 128 138 155 238
28 6 64 85 112 123 247 267
28 42 140 163 207 209 210 257
28 23 85 179 206 261 289
28 99 115 210 230 246 259
28 124 129 150 205 230 272
28 28 71 108 261 291
28 5 23 97 158 262
28 110 158 206 209 225
28 118 251 262 268
28 128 146 177 184
28 113 255 289
28 200 289 295
28 62 204
28 69
29 24 47 55 114 122 171 172 173 178 196 265 282
29 14 38 68 74 85 172 185 194 225 250 271 282
29 18 78 81 88 115 124 154 165 215 242
29 26 57 58 99 103 141 163 165 167 275
29 78 83 112 124 126 196 211 274 278
29 43 150 171 251 277 286 293 296
29 12 59 76 102 132 142 220 242
29 2 11 76 119 143 144 151 265
29 7 9 34 74 89 124 233 291
29 53 80 96 157 158 219 299
29 7 9 112 130 145 261 297
29 0 8 34 83 139 159 264
29 4 66 112 203 216 222 237
29 74 142 158 196 202 215 259
29 33 89 203 239 251 252
29 131 187 196 213 217 237
29 29 93 139 227 239
29 80 111 135 187 193
29 16 25 90 133 235
29 8 23 71 228
29 66 178 218 222
29 61 215
29 99 113
30 2 58 98 104 118 140 169 208 225 241
30 31 44 100 125 127 148 183 192 225 275
30 118 126 134 190 218 226 249 265 271
30 66 81 108 111 131 193 207 274 278
30 18 46 153 229 231 255 266 287 297
30 40 58 63 189 218 241 287 292
30 47 88 94 99 130 160 234 295
30 160 178 245 252 285 288 291
30 22 95 105 114 142 233 297
30 26 82 114 177 260 269 293
30 4 16 101 224 230 235
30 48 97 188 243 256 276
30 26 27 198 207 238 270
30 68 134 231 240 266 279
30 21 38 47 162 242
30 78 93 225 255 262
30 78 104 189 200 285
30 30 84 194 294 298
30 168 170 182 262 282
30 77 125 152 253
30 21 162 266 278
30 40 186 262
30 4 35
30 74 95
30 80 269
30 48 288
30 97
31 0 13 70 75 150 151 174 182 221 235 260
31 27 140 153 169 181 200 243 250 268
31 19 124 169 193 219 248 278 291
31 25 46 66 86 106 119 146 290
31 14 63 71 140 205 259 260 297
31 29 47 98 121 185 244 275 292
31 50 52 56 60 78 84 254
31 35 93 162 166 224 232 241
31 61 62 63 73 179 219 261
31 14 22 104 107 159 198 223
31 68 135 239 243 249 290 291
31 10 100 120 197 237 267 295
31 38 49 99 101 118 255 295
31 32 61 118 202 230 280
31 47 61 89 113 148 231
31 6 85 99 146 162 253
31 4 21 85 183 196 226
31 16 53 133 186 241
31 45 137 157 237 245
31 1 119 166 188 215
31 50 128 158 165
31 72 136 221 230
31 130 169 197 238
31 28 119 124 142
31 109 121 219 245
31 19 159 174 189
31 49 83 163 214
31 6 165 208
31 33 194 218
31 112 142
31 120
32 22 47 58 97 119 213 228 250 251 263 272
32 45 108 115 124 130 152 162 176 182 214 252
32 21 39 43 146 151 204 211 219 223 266
32 9 12 29 70 96 170 171 203 289 294
32 4 13 57 130 143 202 219 222 224 227
32 32 56 110 132 147 175 242 256 276
32 13 62 79 84 94 146 164 184 236
32 11 19 38 53 90 132 152 182
32 64 91 112 141 169 183 206 266
32 127 183 192 196 207 238 243 273
32 68 83 89 164 173 195 211 219
32 79 108 118 142 160 233 286 296
32 1 32 97 113 135 197 198 270
32 43 90 148 169 225 262 279 288
32 21 88 118 151 176 256 294
32 13 55 120 133 169 208 290
32 28 54 72 80 119 192
32 18 29 159 199 261 277
32 28 115 154 171 178 181
32 82 126 152 207 238 247
32 8 152 180 205 285 290
32 38 92 155 173 212 227
32 30 33 167 176 237 274
32 136 162 210 237 249
32 38 40 53 237 281
32 115 205 241 265 283
32 144 150 202 206 244
32 63 80 169 176 243
32 127 218 259 276 286
32 25 134 216 240
32 25 112 220 229
32 24 80 157 275
32 66 76 102 111
32 91 150 192 193
32 64 200 209 294
32 82 191 215
32 91 94 183
32 175 187 284
32 131 155 225
33 59 78 95 97 105 122 140 142 147 160 221 224 246 261
33 17 36 42 44 119 137 159 174 197 229 254 261 279
33 11 43 76 103 137 176 181 193 219 255
33 44 51 62 116 129 149 280 288 290 294
33 3 7 24 75 101 141 143 196 271
33 55 58 80 95 125 196 227 230 290
33 13 16 33 69 115 131 204 263
33 47 119 139 145 177 221 227 293
33 138 142 154 178 181 188 250 257
33 1 99 156 201 230 260 281
33 9 69 165 174 227 231 240
33 48 185 196 240 261 271 284
33 17 21 44 76 173 289 290
33 15 63 120 182 274 287 288
33 24 59 161 187 215 254
33 3 54 63 70 91 288
33 18 97 102 153 183 286
33 27 44 50 61 118 250
33 81 155 216 229 246 270
33 54 66 106 175 280
33 37 77 82 197 247
33 116 165 170 249 280
33 22 24 150 191 210
33 30 134 144 187
33 135 174 183 249
33 80 151 171 280
33 18 78 158 164
33 4 27 106
33 43 103
33 60 293
34 88 127 140 145 167 175 185 206 243 270
34 17 102 134 176 184 197 204 268 295
34 17 70 73 110 113 148 160 187 257
34 52 62 84 146 227 246 282 292
34 19 33 36 161 200 240 298
34 55 81 136 154 171 225 226
34 34 107 134 135 152 222 224
34 35 106 129 132 161 248 266
34 81 145 155 159 181 204 294
34 42 82 86 100 169 238 285
34 1 162 202 215 258 267
34 12 70 151 197 211 248
34 12 69 93 101 105 153
34 18 46 113 147 233 294
34 126 134 150 201 207 291
34 34 38 41 170 226 272
34 2 12 94 165 176 244
34 79 126 130 177 228
34 14 56 64 147 177
34 83 90 215 243 252
34 39 123 177 230 241
34 38 177 231 252 274
34 57 63 94 186
34 18 58 180 218
34 9 126 231 243
34 19 104 121 210
34 23 146 285 291
34 171 198 256 273
34 103 112 122
34 110 157 178
34 157 182 298
34 48 128 257
35 3 33 42 53 54 138 143 156 160 162 229 237 255 278 292
35 1 2 8 71 144 221 250 259 262 276 288 298
35 4 43 73 124 165 175 224 269 274 275
35 1 33 52 59 90 116 128 215 237 285
35 13 38 64 193 237 246 278 288 299
35 15 102 111 125 135 151 185 193 266
35 18 44 45 53 116 187 209 266 280
35 24 38 59 77 78 198 230 291
35 30 67 73 81 130 171 203 204
35 64 76 82 116 150 189 246 282
35 47 135 179 246 250 252 263 270
35 11 89 110 152 221 223 232
35 21 118 138 217 233 254 289
35 27 46 72 122 204 260 299
35 1 72 76 113 230 242 279
35 20 35 146 150 235 249 251
35 3 17 109 207 235 254 284
35 91 131 153 186 255 292
35 26 44 68 130 206 283
35 32 118 132 165 201 203
35 38 44 130 189 217 233
35 23 47 79 90 235
35 3 7 118 219 225
35 47 202 209 280 289
35 62 81 153 187 281
35 10 103 186 188 206
35 70 151 200 215 290
35 28 66 116 141 246
35 1 23 58 100 153
35 25 182 197 220
35 199 209 271 279
35 4 192 294
35 11 52 134
35 10 97 266
35 196 212 249
35 9 12 130
35 23 42 125
35 191 284
36 6 32 36 50 60 70 118 124 137 160 202 226 267
36 9 43 46 65 87 90 127 172 181 185 195 200
36 16 53 58 60 83 115 217 227 236 245 249
36 27 53 97 136 152 181 184 188 209 251
36 19 33 42 48 71 81 130 173 250 269
36 11 29 42 82 84 99 153 284 295
36 19 148 154 160 179 190 192 229
36 6 123 160 164 167 169 184 190
36 15 19 59 168 200 216 232
36 36 78 117 121 168 225 230
36 10 164 202 235 243 244 259
36 38 74 86 114 194 210 293
36 14 33 89 103 176 191 249
36 19 39 131 144 185 201 202
36 76 81 87 97 152 268 289
36 1 12 27 80 223 226 291
36 106 108 130 137 147 152
36 7 21 152 172 253 294
36 100 102 146 165 231 277
36 48 100 181 219 238 284
36 87 103 117 128 288 294
36 14 25 210 212 287
36 111 133 171 182 278
36 34 138 234 245 278
36 52 100 107 159
36 23 58 110 146
36 18 42 121 212
36 36 68 98 292
36 11 253 254
36 48 77 292
36 61 245
36 46 205
36 78 256
36 199
37 11 16 20 42 57 116 118 202 257
37 43 82 153 172 201 211 219 283 284
37 29 58 64 73 120 135 220 278
37 2 91 92 174 208 241 272 278
37 86 103 119 143 153 211 249 297
37 87 110 125 151 187 195 243
37 10 15 142 157 189 232 235
37 25 42 94 188 245 287 293
37 31 59 87 93 126 238 286
37 48 78 148 156 165 191 222
37 33 92 114 145 255 267 268
37 16 48 73 89 104 167 184
37 53 112 158 199 216 217
37 73 88 151 172 249 253
37 16 104 124 136 189 216
37 42 121 141 181 186 263
37 3 22 41 46 84 228
37 49 56 178 190 223
37 8 80 85 97 197
37 46 107 184 290
37 135 141 205 286
37 115 148 216 225
37 13 110 111 115
37 21 84 121 151
37 39 69 146 174
37 104 108 240
37 49 69 240
37 13 122
38 1 17 22 40 51 158 188 228 246 285
38 5 12 18 97 165 191 232 243 248
38 131 139 144 153 160 203 224 258 276
38 6 8 17 21 63 202 226 276
38 9 130 210 222 223 251 294
38 82 150 185 189 252 254 287
38 98 108 142 155 178 180 286
38 5 61 109 174 241 282
38 80 124 183 229 293 294
38 76 135 177 179 198 279
38 42 74 86 92 135 180
38 84 94 101 188 211 223
38 49 135 144 178 194 262
38 11 123 170 241 272 277
38 7 10 162 172 187 252
38 36 101 102 137 231 260
38 8 27 182 229 263
38 47 49 67 194 298
38 39 50 145 216 227
38 10 27 86 157 265
38 31 84 221 229 260
38 42 60 123 163 164
38 71 176 213 290
38 10 156 158 167
38 63 153 216 242
38 7 67 167 282
38 26 266 270
38 181 231
38 188
39 3 30 41 94 100 160 180 216 234 239
39 20 81 84 95 186 192 198 241 249
39 47 67 103 162 180 227 238 281 283
39 76 80 114 129 200 226 237 262
39 17 33 61 72 84 152 187 259
39 153 161 170 216 217 218 235 275
39 1 28 140 186 187 192 211 245
39 13 14 33 56 154 166 235 238
39 2 46 74 90 125 186 284
39 13 56 58 92 134 151 153
39 16 21 88 114 127 165 216
39 4 109 156 158 163 212 252
39 23 81 109 184 242 271 280
39 117 142 145 195 265 269 284
39 25 96 98 142 172 235 298
39 130 142 168 177 205 233 252
39 24 25 51 63 168 283
39 70 90 123 259 274 281
39 21 85 107 270 280
39 92 106 120 257 268
39 61 80 134 215 296
39 40 123 226 264
39 40 152 221 242
39 99 147 156 199
39 11 83 121 219
39 69 101 188 248
39 17 181 203
39 39 181 242
39 56 150 180
39 67 165 286
39 181 268
39 195
40 23 37 61 66 74 105 114 137 185 200 226 235 257 264 277
40 11 15 54 157 204 220 226 228 235 239 240 258
40 0 43 47 107 117 152 183 187 265
40 14 15 37 49 62 72 204 238
40 23 32 82 95 101 125 150 256
40 58 66 100 184 193 209 235 246
40 21 71 72 100 185 241 248 290
40 7 39 102 236 237 267 281
40 77 104 188 207 241 263 273
40 21 32 64 101 159 235 291
40 0 4 31 72 169 242 294
40 53 73 114 130 168 173
40 7 23 35 95 127 285
40 86 118 167 170 205 280
40 24 117 131 226 276 289
40 96 120 140 186 287 294
40 7 43 185 212 220 259
40 24 74 98 223 297
40 83 121 127 285 297
40 32 36 52 195 284
40 137 157 211 233
40 3 55 173
40 82 146 230
40 110 175 286
40 228 277 288
40 132 297
40 246
41 14 62 92 104 106 122 144 184 195 222 242 255 270 274 286
41 12 58 86 107 108 113 168 212 220 272 277
41 30 39 55 119 133 170 187 207 225 261
41 9 19 40 82 114 132 177 182 289 293
41 6 134 151 204 227 248 252 289 294
41 17 31 50 157 212 215 226 247 260
41 7 33 108 126 144 162 230 236 281
41 55 81 136 199 207 242 264 267 276
41 27 51 52 150 199 209 232 248 256
41 111 136 139 146 169 182 236 272
41 22 28 30 66 68 119 173 264
41 2 6 73 101 127 170 200 261
41 24 111 119 152 176 200 214 229
41 36 85 91 110 137 150 200 266
41 1 3 65 135 186 247 256 275
41 11 14 115 220 235 244 289 296
41 13 108 132 199 261 264 269 270
41 0 103 125 133 181 209 264
41 56 78 115 196 210 217 233
41 52 66 68 91 93 230
41 29 32 137 153 182 294
41 42 47 71 93 260 268
41 65 92 185 248 252 288
41 12 18 30 98 260 284
41 52 148 159 217 219 286
41 24 33 103 140 148 202
41 5 70 89 136 185
41 14 77 105 107 297
41 45 52 62 73 104
41 13 51 154 254 270
41 80 122 202 218 243
41 74 81 105 212 291
41 38 51 129 146
41 18 48 73 297
41 49 260 264 298
41 80 219 249 296
41 6 35 63 130
41 129 137 196
41 18 210 221
41 45 191
41 183 211
42 7 15 58 113 146 159 227 228 265 271
42 11 29 54 85 101 137 187 211 231 268
42 27 46 62 68 90 101 104 137 232 244
42 64 66 122 145 154 177 197 221 263
42 21 58 133 167 182 209 216 254
42 11 117 131 172 205 241 243 270
42 16 17 106 165 177 225 259 284
42 32 48 114 115 124 151 171 182
42 54 123 170 223 228 245 296
42 18 28 103 110 112 258 278
42 187 196 208 212 215 292 294
42 139 175 221 237 239 249 287
42 34 67 127 155 182 190 194
42 87 107 188 202 210 280 298
42 69 98 124 159 187 243 252
42 31 104 112 180 184 189
42 111 132 155 182 199 226
42 22 43 45 47 51 177
42 11 220 227 260 288 294
42 113 141 147 155 253
42 41 63 120 231 260
42 20 57 212 218 283
42 58 144 157 189 235
42 11 183 205 249 255
42 18 21 225 269
42 60 261 265 299
42 28 64 129 297
42 14 155 210 230
42 86 102 169 192
42 119 249 267 281
42 99 176 201 246
42 64 123 209
42 153 189 242
42 125 282
43 51 53 62 101 107 118 128 214 221 263
43 9 39 115 141 173 175 268 275 293 299
43 0 15 47 76 102 131 163 224 243 280
43 5 18 118 150 172 219 251 275 298
43 126 143 153 170 182 208 278 297
43 32 62 90 103 184 226 248 261
43 22 60 107 172 174 181 226 291
43 98 106 147 156 167 217 227 276
43 125 197 220 230 236 244
43 1 78 127 180 271 285
43 25 67 190 192 210 281
43 81 132 186 220 279
43 5 18 23 187 290
43 35 122 179 230 266
43 12 113 165 224 264
43 83 205 213 268
43 6 56 150 271
43 56 178 194 199
43 5 24 151
43 94 169 287
43 56 156
43 255
44 19 87 93 108 141 146 162 184 233 276
44 35 71 105 114 123 136 180 201 213 255
44 6 32 84 133 154 241 250 276 294
44 1 19 116 140 143 145 187 224
44 16 29 32 52 110 122 176 245
44 76 131 150 154 179 188 268
44 82 108 149 170 257 262 277
44 65 71 76 203 226 241 278
44 16 28 35 44 45 268 289
44 11 35 98 168 186 223 283
44 175 201 218 220 261 278
44 6 38 95 103 211 290
44 12 53 110 182 249 260
44 6 44 78 125 144 239
44 37 129 184 218 258 294
44 3 25 36 199 236 276
44 54 63 91 188 229 234
44 41 78 83 190 205
44 16 33 209 242 244
44 17 18 138 177 241
44 48 191 216 222 297
44 124 133 143 226 281
44 13 246 248 254 291
44 75 110 131 144
44 50 136 141 296
44 140 183 199 214
44 51 83 136
45 0 12 64 164 171 219 254 274
45 33 34 60 96 108 112 274 294
45 4 68 86 148 170 259 274 292
45 66 116 144 148 190 224 263 283
45 26 32 58 140 144 182 248 271
45 17 71 91 217 254 278 286
45 20 122 157 225 233 264 265
45 7 10 13 31 96 168 266
45 1 7 30 45 48 80 132
45 140 167 194 229 234 259 282
45 27 46 73 81 104 290 295
45 72 179 222 237 270 288
45 154 155 162 213 255 261
45 30 34 116 266 267 274
45 3 17 31 186 227 246
45 82 126 271 292 296
45 101 195 229 259 262
45 66 112 272 280 289
45 18 99 114 174 287
45 32 56 83 114 261
45 95 153 171 225 247
45 1 81 102 276
45 43 216 292 299
45 71 98 291
45 157 218 219
45 35 173
45 194
46 1 6 71 91 105 140 170 207 230 289
46 21 79 123 138 189 194 209 213 221
46 9 168 214 256 264 274 287 289 299
46 75 131 147 167 175 184 235 257 270
46 59 89 109 171 186 187 198 258
46 54 64 132 148 178 237 259 264
46 15 69 72 112 125 145 181 299
46 53 108 111 131 194 221 280
46 2 46 72 75 98 157 235
46 106 140 169 201 257 284
46 26 170 173 231 245 248
46 37 58 75 229 238 287
46 20 63 90 116 171 286
46 45 56 80 122 205 260
46 116 126 158 227 228 252
46 41 134 187 218 282
46 76 86 95 101 263
46 168 177 196 225
46 28 32 193 219
46 23 161 178
46 24 32 115
46 152 196 224
46 7 159
47 16 41 66 80 87 116 134 220 233 239 268
47 0 20 93 129 131 170 194 205 287 288 296
47 15 37 68 108 140 141 187 226 233 282
47 0 13 16 68 115 188 290 294 296
47 20 44 230 239 248 265 276 278 295
47 17 36 66 83 190 244 287 299
47 19 21 57 60 160 230 234 253
47 22 28 81 152 179 254 259 290
47 11 17 58 98 102 185 210 235
47 12 16 22 61 93 137 243
47 2 57 131 149 225 263 273
47 100 132 155 259 266 269 277
47 4 43 190 206 215 218 278
47 15 21 26 69 126 140 229
47 27 37 54 90 96 164 168
47 112 116 144 228 254 262
47 62 93 186 204 244 298
47 84 147 153 185 189 261
47 42 118 152 166 215 279
47 25 104 129 180 259 266
47 79 91 97 119 132 253
47 14 107 121 153 202
47 26 120 142 146 152
47 36 93 146 213 261
47 20 96 154 166 255
47 16 70 180 247 257
47 42 68 242 249
47 204 249 259 285
47 85 88 240
47 72 76 162
47 96 139
47 9 167
47 93 96
48 2 8 54 64 87 93 135 156 157 192 232 238 244 267
48 48 56 105 127 179 212 242 256 290
48 10 27 33 135 228 271 287 293
48 7 9 60 85 115 119 193 217
48 43 57 69 112 193 205 222
48 13 29 58 75 119 178 184
48 4 58 159 237 255 268 275
48 96 151 185 208 214 235 290
48 77 84 86 117 150 254 292
48 84 140 158 170 197 228 256
48 43 60 128 148 186 276
48 26 100 189 246 258 262
48 9 31 46 109 111 256
48 28 165 187 222 224 240
48 59 72 80 93 170 234
48 37 99 114 143 254
48 55 95 142 163 266
48 39 100 159 167 234
48 2 12 25 126 204
48 132 152 239 268
48 49 109 161 277
48 142 167 239 277
48 51 100 194 232
48 69 174 208 251
48 74 160 190 257
48 191 217
48 143
49 57 73 96 100 128 155 170 177 178 205 213 241 282 293
49 83 94 118 156 159 176 258 275 291
49 29 35 65 146 162 186 253 261 293
49 10 15 26 105 132 145 254 297 298
49 17 36 47 50 166 210 225 237 291
49 14 20 63 102 105 142 230 232 253
49 3 30 148 164 169 176 257 274
49 143 199 206 213 216 236 254 286
49 40 144 157 220 276 289 290
49 18 24 113 191 212 231 295
49 10 68 110 134 155 239 294
49 58 153 195 207 234 281
49 45 71 98 104 164 274
49 168 206 212 238 244 259
49 18 36 135 196 197 262
49 54 138 146 160 164
49 51 83 166 167 265
49 4 95 106 161 232
49 39 60 135 185 236
49 94 203 208 212 250
49 113 116 279 292
49 26 30 213 252
49 79 158 221 270
49 26 62 95 272
49 31 62 298
49 69 116 293
49 60 110 275
49 89 192 248
49 239 294
49 143 207
49 16 273
49 212 228
50 0 62 93 95 103 124 126 184 264 276 296
50 15 31 72 78 84 97 172 187 215 260
50 3 32 43 53 97 127 207 224 234 241
50 17 30 70 74 106 200 225 233 272
50 36 43 44 97 117 162 176 234 265
50 86 143 169 220 222 261 273 291 299
50 70 197 213 237 261 277 291
50 110 111 135 156 178 270 276
50 33 44 86 244 251 268 296
50 184 186 189 236 263 273 277
50 137 158 189 197 226 235
50 7 85 161 203 217 265
50 54 80 131 178 214 285
50 77 142 144 183 254 277
50 45 103 152 159 241
50 18 41 67 125 200
50 1 42 179 245
50 167 182 217 274
50 56 161 250 281
50 66 229 232 252
50 72 139 239
50 230 274 290
50 133 180
51 15 33 48 93 110 123 159 186 215 219 226 228 259
51 34 59 90 102 203 231 252 257 261 276 286 287
51 26 30 98 127 129 186 187 206 208 214
51 26 110 165 189 216 241 275 282 299
51 22 76 88 102 119 134 160 203
51 59 85 179 180 195 254 257 264
51 24 49 74 146 149 198 237
51 111 116 138 144 145 170 238
51 4 24 154 173 193 220 279
51 46 50 141 248 258 269 275
51 60 98 171 180 184 256
51 0 9 22 124 205 245
51 39 83 173 184 201
51 1 96 104 276 290
51 80 117 201 278 284
51 96 155 201 210
51 59 97 105 287
51 123 167 197 236
51 68 120 180 276
51 47 178 205 275
51 57 94 256
51 74 155 182
51 146 283 292
51 41 54
51 34 175
51 154 197
51 237 260
52 7 35 77 81 115 132 136 165 182 232 236 271
52 1 4 30 86 93 99 194 266 280
52 15 28 53 99 112 148 170 173 250
52 15 59 119 136 168 197 210 211 215
52 56 140 157 173 196 202 225 239 240
52 15 28 42 71 105 143 187 216 282
52 19 38 42 56 88 150 209 236 283
52 17 80 98 115 177 194 291
52 3 66 123 136 181 208 238
52 54 86 155 158 220 283 299
52 40 81 108 139 165 269 295
52 21 95 106 211 231 248 277
52 3 40 103 106 229 263 295
52 30 31 38 148 160 281
52 35 54 97 157 164 183
52 16 78 86 124 258 283
52 38 130 138 197 262 295
52 19 44 107 116 131 165
52 26 72 85 149 283
52 80 154 236 258 288
52 65 100 119 169 203
52 33 57 65 292
52 93 94 165 278
52 9 17 64 174
52 35 51 80 206
52 66 91 147 216
52 162 247 281
52 27 63 149
52 169 247
52 113 271
52 33 128
53 80 92 96 101 104 123 143 164 204 239
53 7 22 40 62 115 131 160 214 285
53 5 20 198 227 242 247 262 271 293
53 6 61 96 104 146 161 181 202 283
53 48 62 76 126 134 161 171 198
53 9 27 36 63 81 101 197 273
53 62 86 91 136 159 230 283 286
53 91 120 147 196 229 235 287
53 85 120 164 205 226 236
53 106 126 135 206 251 263
53 9 50 246 263 264 282
53 3 57 82 127 172 222
53 16 121 172 202 248 278
53 73 149 151 235 285 286
53 43 107 128 196 236 260
53 4 109 121 191 270 274
53 2 81 115 125 217 234
53 9 107 133 201 221
53 76 106 134 189 234
53 73 83 97 217 262
53 14 16 130 192 237
53 62 63 146 153 172
53 52 108 130 244 294
53 107 166 219 282
53 162 164 185 218
53 25 35 54 243
53 81 130 152 192
53 29 95 116 134
53 145 187 223
53 107 162 290
53 24 209 224
53 71 171
54 2 10 44 97 162 164 175 179 197 261
54 7 9 67 84 131 161 219 231 244 267
54 12 31 40 41 131 133 135 162 190 242
54 17 27 54 71 98 205 207 261 271
54 0 29 32 73 196 198 224 248 289
54 5 41 47 66 149 173 200 263 276
54 34 56 63 76 88 186 216 227
54 5 81 115 184 187 196 217 252
54 60 107 130 150 170 182 183 244
54 31 34 57 92 112 157 210 278
54 2 14 39 101 137 212 226 261
54 24 138 195 226 227 254 266
54 21 83 129 143 224 269
54 72 131 161 191 246 261
54 8 57 64 116 125 218
54 103 125 145 226 247
54 9 42 66 93 166
54 106 147 166 217 295
54 32 53 69 114 206
54 25 175 177 229 230
54 8 126 211 254 283
54 46 61 214 219
54 63 128 185 192
54 74 105 165 239
54 141 145 167
54 35 64 232
55 36 42 59 106 118 260 271 283 295 299
55 4 57 104 131 136 137 163 176 186 217
55 0 42 81 106 121 167 191 239 260 281
55 27 32 33 53 69 174 191 210 254
55 17 77 79 81 96 123 199 200 214
55 91 122 144 156 179 181 212 272
55 101 176 187 195 226 249 260 264
55 44 96 100 103 129 139 200
55 7 46 78 116 194 233 277
55 55 74 101 144 145 182 289
55 72 76 88 96 147 232 280
55 51 78 94 161 167 181 194
55 68 136 172 196 206 266 282
55 84 102 103 110 151 240 247
55 92 106 140 149 161 231
55 34 126 149 161 187 200
55 51 61 154 233 296
55 36 42 77 144 227
55 0 72 78 152 236
55 10 80 163 164 187
55 64 78 162 207 231
55 8 134 196 285
55 40 129 199 246
55 131 155 261 298
55 43 120 179 181
55 129 171 267 280
55 80 178 186
55 93 204 263
55 175 187 241
55 53 172 208
55 195 213 264
55 129 152 248
55 157
56 86 102 127 168 194 197 221 249 261 267 274 291
56 76 100 104 136 153 184 193 225 258
56 32 75 88 106 120 141 143 179 201
56 90 92 97 236 252 261 268 293
56 11 29 42 77 121 152 199 232
56 54 55 74 75 101 154 274 293
56 13 133 177 203 207 212 223 294
56 42 119 147 156 170 203 252
56 10 25 117 120 241 285 289
56 125 129 140 142 155 185 195
56 23 43 105 109 156 194 263
56 1 30 82 143 149 173 200
56 8 109 113 144 201 257 270
56 20 22 52 101 197 288
56 12 139 208 214 236 269
56 49 154 176 216 227 233
56 27 88 89 110 114 117
56 10 26 50 55 184 278
56 4 30 121 139 175 267
56 6 25 44 202 261 290
56 30 37 43 66 151
56 21 22 128 140 176
56 15 56 121 142 297
56 73 136 188 219 262
56 18 37 159 253
56 60 135 287 298
56 35 78 271 299
56 94 109 183
56 130 212 287
56 169 251 266
57 17 37 82 100 105 114 118 130 206 238 296
57 43 77 81 131 149 173 222 244 297
57 11 43 48 108 110 165 175 243 254
57 26 28 55 165 201 242 249 266 272
57 9 46 155 165 180 200 290 299
57 13 18 64 71 207 209 235 292
57 89 104 177 189 200 232 247 277
57 30 127 152 176 253 283 296
57 25 99 108 124 219 245 254
57 34 44 64 121 200 220 249
57 13 96 197 262 275 284
57 24 136 157 220 266 272
57 36 39 78 187 207 219
57 1 58 202 232 235 297
57 4 113 180 222 248
57 11 85 149 251 280
57 46 70 89 148 185
57 46 172 258 291 296
57 145 178 188 244 256
57 34 160 186 225 248
57 64 108 122 171 183
57 1 15 88 120 165
57 59 64 96 233
57 57 77 285 292
57 6 156 186 247
57 120 121 203 220
57 89 110 176 189
57 22 82 106 206
57 164 194 202
57 141 143 167
57 30 52 120
57 105 186 268
57 163 295
57 35 164
58 34 49 165 196 217 221 227 230 262 269 284 287
58 10 22 65 87 104 138 145 180 192 209
58 0 20 80 121 153 154 209 238
58 4 18 60 145 222 228 247 296
58 39 48 78 161 168 198 228 289
58 5 19 68 91 115 126 228 242
58 102 125 187 190 195 232 270
58 18 23 26 77 113 211 214
58 47 116 159 165 208 290 299
58 43 82 85 136 165 223 285
58 12 24 208 218 226 247 278
58 88 97 106 114 174 279 281
58 65 77 163 202 228 263 296
58 11 62 121 171 173 175 177
58 57 110 149 207 231 284 289
58 90 103 112 152 235 269
58 61 137 196 238 255 283
58 2 114 174 192 274 294
58 28 79 99 154 219 262
58 45 93 96 163 221
58 49 76 149 259 261
58 96 125 162 208 271
58 27 57 103 119 175
58 67 163 187 267
58 28 158 180 254
58 46 88 107 161
58 66 184 252 256
58 88 217 223
58 66 173 287
58 53 105 260
58 37 120 165
59 6 15 61 103 113 114 163 190 209 231
59 9 38 44 48 97 196 207 218 248 275
59 36 74 88 93 99 129 203 204 261 298
59 60 63 96 122 165 175 206 254 273 285
59 26 52 75 161 183 193 263 291 299
59 19 58 93 95 101 135 234 235 264
59 37 54 115 136 148 168 178 248 292
59 47 65 79 126 162 194 234 275
59 56 159 211 217 221 226 255
59 3 37 78 98 137 167 171
59 68 72 112 139 143 219 277
59 10 40 73 172 196 260
59 33 54 76 89 111 124
59 104 122 153 162 200 271
59 6 37 107 115 129 297
59 102 151 169 185 275
59 37 65 72 90 285
59 22 118 206 248 290
59 54 82 215 237 288
59 6 53 227 238 251
59 29 72 124 125 237
59 197 245 271 299
59 29 98 203 243
59 172 248 268 272
59 46 73 167 247
59 38 57 178 272
59 106 252 290
59 29 127 161
59 91 171 210
59 111 146 288
59 176 193
59 129 162
60 15 66 76 81 85 91 115 125 157 162 169 185 203 228
60 0 13 23 58 193 196 202 207 231 240 243 268
60 49 58 69 78 90 139 188 204 210 258 275
60 11 68 70 96 196 199 231 266 271 273
60 28 81 93 196 253 254 262 265 268 293
60 14 120 130 137 153 174 178 226
60 12 16 57 65 146 152 253 275
60 62 82 86 191 194 228 251 253
60 10 16 24 146 227 234 293
60 35 43 46 50 51 169 276
60 29 104 111 124 154 215 261
60 33 36 40 97 114 201 285
60 28 92 109 147 196 231 251
60 50 107 155 192 204 256
60 14 73 160 259 294 298
60 34 51 110 114 133 270
60 109 147 167 218 235 273
60 138 143 160 247 260 277
60 35 44 67 173 242
60 91 104 108 109 164
60 1 28 93 191 198
60 19 104 157 213 234
60 39 104 186 234 279
60 103 156 196 238
60 28 145 147 195
60 11 26 106 281
60 41 57 64 200
60 1 88 103 149
60 133 150 226
60 75 166 234
60 81 213 258
60 18 55 143
60 9 147 158
61 2 57 99 113 143 161 178 188 197 229 239 284
61 47 68 117 214 223 228 252 265
61 3 26 122 178 201 239 263 269
61 13 30 34 85 124 212 238 276
61 59 104 166 179 187 239 255 258
61 20 43 57 72 95 129 296
61 11 12 40 116 138 158 224
61 21 31 71 136 171 185 258
61 29 100 108 119 219 223 235
61 42 124 139 170 177 206 227
61 6 18 124 132 168 272 282
61 0 19 27 47 107 193 208
61 18 79 180 205 231 248 264
61 39 72 82 129 161 207
61 113 126 143 176 211 270
61 17 18 23 189 225 262
61 43 64 117 156 166 299
61 23 32 55 108 141 167
61 73 102 193 280
61 18 21 40 164
61 93 133 176 270
61 23 76 85 142
61 42 49 89 286
61 21 86 232
61 25 94 255
61 40 59 187
61 87 129 280
61 12 88 128
62 7 20 66 82 109 112 156 171 180 215 254 287
62 17 60 82 102 141 152 160 213 219 220 249
62 16 22 38 45 94 144 163 236 240 252 279
62 11 36 77 86 97 155 184 234 243 288
62 96 139 182 197 208 222 235 269 274 275
62 44 50 59 68 90 100 102 121 242 283
62 8 28 39 160 170 193 216 232 236 263
62 49 88 111 193 211 216 273 287
62 33 38 72 78 170 236 260
62 34 45 72 74 132 163 222
62 58 133 134 165 174 250 257
62 110 185 208 234 267 274 280
62 32 48 98 128 192 211 247
62 87 164 221 223 243 264 292
62 3 115 155 180 234 256 262
62 89 109 130 240 272
62 16 56 104 116 202
62 0 5 19 220 223
62 42 153 171 270 286
62 22 101 196 263 280
62 11 81 107 181
62 55 93 130 178
62 67 135 183 255
62 32 156 190
63 13 58 66 70 71 114 181 198 256 264 287
63 101 105 125 128 133 145 164 244 275
63 15 38 74 98 177 225 242 285
63 32 61 80 81 148 186 221
63 62 63 81 99 122 146 191
63 75 147 205 217 235 260
63 33 40 42 112 149 274
63 139 144 151 217 220 263
63 8 27 110 120 238 299
63 6 39 64 74 144 189
63 0 156 166 242 248
63 34 67 163 193 248
63 93 231 239 256 275
63 55 111 142 149 204
63 81 129 246 276 287
63 130 154 284 293 296
63 88 148 152 188 192
63 152 159 160 265
63 24 82 116 171
63 100 113 123
63 199 200
64 31 59 103 146 164 180 210 241 243 256
64 9 10 134 179 194 204 224 231 261 281
64 40 49 92 182 186 191 237 275 289 298
64 30 32 71 82 96 119 126 197 278
64 10 38 52 69 99 161 174 250 263
64 69 72 116 120 146 236 262 279
64 3 75 88 114 132 133 181 236
64 34 51 155 157 175 270 286 291
64 9 58 127 128 259 260 283
64 85 102 158 163 249 266 267
64 25 73 123 151 166 177 252
64 78 87 199 227 231 239
64 39 65 130 131 218 299
64 29 41 55 89 208 267
64 14 92 143 176 200 266
64 29 33 52 80 98
64 7 67 101 233 258
64 37 95 122 238 261
64 54 76 112 261 284
64 4 59 80 207
64 47 108 258 274
64 42 74 150 250
64 78 124 126 151
64 11 12 158 297
64 18 78 125 272
64 54 123 289
64 111 199 200
64 159 183
65 17 28 93 118 158 190 197 206 250 264 286 287
65 37 75 94 136 145 166 190 203 215 237 298
65 69 73 90 145 156 201 222 224 225 276
65 17 42 115 118 141 256 277 285
65 1 35 109 112 161 169 178 221
65 41 60 167 171 225 242 255 268
65 19 36 63 66 95 121 190 214
65 9 10 116 193 246 256 258 266
65 194 229 234 253 257 270 274 296
65 132 145 187 237 254 282 286
65 29 32 35 78 132 199 245
65 11 42 44 46 69 74 274
65 4 73 175 196 207 267 272
65 67 70 73 226 252 272 286
65 103 104 142 151 215 293
65 14 32 37 49 83 265
65 49 123 130 204 246 272
65 145 160 167 225 232 237
65 11 31 60 82 215 226
65 38 43 56 111 151 265
65 6 72 98 101 165 205
65 68 99 109 180 265
65 31 165 199 229 263
65 88 116 195 197 274
65 22 154 183 200 213
65 46 138 167 228 277
65 9 69 153 208
65 43 152 190 249
65 112 115 298
65 23 190 249
65 104 223
65 6 27
66 44 64 71 72 100 125 215 235 252 269
66 15 31 59 67 107 108 168 207 234
66 9 52 66 79 142 143 231 264 270
66 36 46 59 71 121 125 198 199 277
66 32 78 166 203 205 223 262 289
66 25 84 108 117 128 148 187 294
66 7 21 92 101 118 170 222 247
66 14 37 38 107 143 161 173
66 7 98 124 125 183 239 278
66 94 108 128 192 199 226 289
66 16 27 52 56 93 295
66 16 30 132 207 230 259
66 44 62 86 149 216 282
66 50 177 219 224 232 266
66 8 75 166 195 208 261
66 74 114 117 232 241 295
66 13 89 100 160 231
66 13 118 156 218 234
66 9 108 120 128 178
66 39 81 219 252
66 5 162 269
66 38 164 202
66 118 189 291
66 23 183
66 94
67 52 75 118 132 142 154 175 189 234 243 258 279 284 298
67 3 11 12 23 91 122 194 254 268
67 2 18 22 25 43 164 181 203 242
67 9 26 65 82 93 99 193 243 259
67 13 51 105 115 124 163 171 184 289
67 62 91 144 150 155 188 216 270
67 59 82 90 108 127 144 180 272
67 18 36 130 138 165 199 262 280
67 20 95 157 165 247 262 292
67 7 25 34 52 125 142 275
67 7 121 126 239 256 286 293
67 137 174 186 217 219 249 262
67 65 137 164 176 180 254 266
67 14 26 102 177 211 273 290
67 35 100 117 191 231 241 253
67 64 78 87 142 209 257 282
67 53 94 207 240 271 275 297
67 53 133 220 283 295 298
67 8 40 85 86 143 197
67 42 46 61 193 212 284
67 36 140 166 212 230 298
67 41 84 138 177 213 237
67 30 110 216 228 242
67 10 16 38 73 269
67 35 56 63 71 130
67 4 7 49 235
67 25 78 141 290
67 2 80 222 291
67 46 193 194 244
67 158 244
67 113 282
68 3 9 60 137 168 188 203 219 252 254 268 279
68 52 78 93 148 153 182 222 269 290 299
68 12 34 102 167 173 174 271 273 291 295
68 5 14 34 40 74 75 136 141 186 291
68 7 28 97 182 185 213 246 249 286
68 21 36 37 56 70 123 149 257 266
68 8 33 66 142 158 166 183 195 227
68 42 55 63 68 143 179 185 258 269
68 104 111 144 218 219 231 263 287 288
68 10 98 118 129 206 238 258 261
68 73 112 124 190 216 253 257
68 84 104 113 146 172 212 287
68 54 83 123 142 229 239 241
68 71 134 178 190 209 225 250
68 70 86 137 140 213 233 273
68 51 54 59 131 208 252 279
68 27 72 101 143 146 155
68 10 15 37 40 140 229
68 54 159 231 232 277
68 93 94 138 140 275
68 39 55 82 187 291
68 71 105 207 240 284
68 164 203 205 223 249
68 25 112 178 185
68 11 22 41 190
68 58 263 267 278
68 9 37 119 282
69 22 36 37 42 47 63 94 121 128 141 223 232 259 268
69 12 47 71 111 133 164 166 174 255 268 274 299
69 5 16 26 128 156 218 250 262 298
69 21 41 46 129 178 208 217 236
69 44 70 93 196 202 228 246 295
69 19 53 55 90 185 187 207 249
69 11 35 78 165 258 264 292
69 141 215 223 241 243 251 269
69 40 67 82 96 146 148
69 35 36 57 107 158 185
69 5 100 104 192 267 273
69 49 74 109 209 216 277
69 10 60 98 170 199 228
69 77 96 243 250 265
69 28 35 194 277 290
69 15 30 128 153 189
69 18 53 119 136 140
69 98 121 123 214 224
69 128 182 240 266
69 192 208 232 280
69 64 163 281 289
69 17 138 197
69 37 144
70 30 48 56 58 76 97 104 108 121 129 159 209 289
70 15 26 32 91 100 102 120 129 177 209 268 283
70 81 84 90 93 103 108 154 176 183 184
70 7 34 89 146 194 195 253 274 275 279
70 87 105 117 130 143 204 236 284 285
70 55 141 154 185 201 205 226 228 273
70 30 78 156 160 167 240 262 298
70 51 99 132 176 188 209 233 240
70 42 104 112 121 189 218 228 268
70 119 160 185 202 248 254 256 288
70 16 43 91 123 130 223 246 262
70 52 74 154 164 191 236 266
70 20 221 226 237 254 260 297
70 34 105 148 169 172 279 280
70 48 55 101 114 178 206 226
70 12 31 44 112 122 238 289
70 176 190 211 213 239 242 285
70 76 139 149 166 212 222 244
70 10 16 95 120 122 258 270
70 53 95 96 112 141 198 228
70 11 26 200 221 245 246
70 7 120 128 132 151 236
70 12 116 121 148 203 209
70 7 17 59 70 94 125
70 37 70 96 136 141 288
70 60 96 147 148 232 247
70 17 197 199 281 285
70 73 96 222 230 234
70 69 92 109 221
70 5 60 155 292
70 52 64 102 171
70 25 84 204
70 8 51 199
70 92 96 104
70 109 241
70 129 161
70 77 86
71 8 9 39 46 75 81 133 242 249 263 273
71 48 60 104 125 139 173 187 193 201 250
71 14 71 88 126 159 179 246 252 292
71 1 29 42 172 215 235 244 289 298
71 25 105 133 156 234 242 248 296
71 6 12 14 15 19 34 55 299
71 44 47 100 114 127 141 158 246
71 23 91 138 148 149 181 281
71 28 91 115 146 246 265 288
71 0 56 63 122 194 243 262
71 1 49 53 152 257 275 285
71 6 8 64 78 89 242
71 13 25 80 101 112 127
71 30 146 224 251 276 292
71 43 86 201 208 218
71 1 65 127 145 233
71 194 250 260 277 288
71 12 22 156 273
71 17 21 77 286
71 161 233
71 86 111
72 7 22 42 48 50 51 89 107 124 165 194 237 240 250 280
72 87 93 110 128 131 170 179 207 210 231 247 264
72 33 54 59 84 91 94 110 130 161 210 249
72 8 41 44 94 128 194 235 257 264 275
72 25 61 66 71 77 97 124 131 211
72 31 84 85 90 108 122 153 252 260
72 35 79 80 101 102 166 219 239 296
72 111 150 170 177 180 201 265 285
72 26 30 50 111 130 162 249 251
72 32 38 61 77 149 163 224 294
72 54 62 100 102 120 156 259 274
72 81 95 107 209 229 262 263 271
72 17 48 52 87 123 199 202 236
72 1 47 110 138 218 232 266 286
72 9 47 64 82 134 182 245
72 10 84 172 215 230 262 265
72 30 71 196 222 263 272
72 55 60 100 210 218 241
72 93 146 236 243 261
72 20 45 106 153 166
72 2 37 39 141 263
72 120 180 232 294
72 44 91 190 260
72 26 59 104 193
72 84 135 262 277
72 79 178
72 132 240
72 141
73 15 77 90 138 151 152 161 179 189 221 261 262 271 281 292
73 27 43 64 80 90 146 154 156 186 242 251 258
73 23 34 42 59 81 102 158 202 243 280 285
73 22 31 38 94 124 144 212 248 252 292
73 32 37 41 73 76 79 116 166 193 211
73 44 81 114 133 171 176 206 218 278
73 34 62 77 94 95 125 129 131 156
73 0 39 44 51 101 140 198 252 285
73 3 16 59 65 76 122 159 280
73 116 138 147 190 201 220 229 295
73 53 73 137 185 212 256 278 289
73 50 79 89 106 226 258 260
73 2 68 82 95 144 214 287
73 45 112 128 202 261 284 294
73 20 108 121 204 245 246 288
73 4 71 151 157 202 278
73 5 70 134 137 256 266
73 31 69 89 155 174 288
73 4 24 34 129 247 254
73 2 29 48 128 227 263
73 48 171 198 267 290
73 15 78 174 193 254
73 174 230 255 257 272
73 29 75 84 131 244
73 36 146 188 244 297
73 5 60 74 91 103
73 91 154 156 169 184
73 3 125 176 186
73 180 194 218 256
73 178 196 215
73 110 129 217
73 220 258 288
73 169 198
73 62 163
74 13 49 67 69 72 121 131 175 201 217 238 282
74 58 60 73 97 105 140 167 178 180 204 268 297
74 16 27 38 56 70 95 111 142 152 272 287
74 93 113 119 159 173 216 249 251 279
74 31 210 220 230 248 271 273 285
74 31 46 89 115 139 171 226 278
74 1 37 63 142 146 161 180 242
74 3 44 99 102 218 257 260 265
74 81 83 93 146 152 230 267 299
74 8 26 103 169 199 278 285
74 96 137 168 175 203 278 281
74 134 138 176 234 251 272 288
74 14 21 118 123 201 227 236
74 31 44 51 127 150 193 293
74 1 16 21 104 107 228 275
74 20 27 87 230 244 276
74 19 118 164 215 219 241
74 91 120 135 146 189 227
74 21 37 72 231 245 262
74 5 10 44 154 241 266
74 51 102 138 162 191 262
74 41 65 98 123 159 238
74 36 67 83 114 205 286
74 101 127 133 138 144 251
74 20 73 107 274 280
74 1 24 31 202 250
74 114 142 170 244 284
74 36 128 134 135 203
74 28 57 63 155
74 2 80 158 212
74 83 171 251 297
74 30 33 45 70
74 114 117 202
74 161 216 274
74 75 202 270
74 112 114 252
75 36 55 142 148 179 195 236 243 247 249
75 17 20 43 138 171 176 216 269 273 297
75 44 93 181 195 208 225 248 256 294 297
75 5 63 121 132 202 219 229 278
75 74 88 99 119 122 177 285 289
75 14 24 59 83 131 178 203
75 23 26 82 107 169 243 259
75 51 107 167 179 181 243 258
75 47 65 117 120 143 149 211
75 21 54 80 244 245 247 292
75 19 36 50 80 240 265 283
75 34 88 107 129 174 206
75 17 32 50 113 115 163
75 37 78 143 164 188 258
75 68 79 98 131 142 220
75 8 58 114 130 150 251
75 49 79 96 183 239 272
75 28 130 157 215 224 236
75 37 184 204 210 221 295
75 45 73 92 185 281
75 31 49 131 156
75 11 68 251 293
75 7 28 56 58
75 105 122 190 278
75 38 71 89 259
75 126 227 275 292
75 109 121 158 228
75 70 177 218 242
75 95 131 141 225
75 79 85 134 249
75 66 97 132 133
75 194 291 295
75 3 13 223
75 244 250 293
75 61 127
75 59 173
76 5 10 24 45 112 225 232 243 265 272
76 50 65 138 153 185 201 206 215 280
76 3 6 29 94 135 169 191 218 253
76 4 32 80 110 153 201 246 279
76 42 46 79 85 96 100 108 252
76 38 80 92 97 159 169 217 236
76 1 11 49 97 100 170 181
76 8 17 65 203 207 261 264
76 10 85 92 102 136 167 261
76 13 24 146 180 252 271 299
76 15 34 79 154 186 187 294
76 61 87 88 147 192 256
76 55 64 111 198 263 277
76 31 75 184 190 233 260
76 3 27 41 97 162 165
76 28 34 48 248 252 260
76 44 81 151 173 175 289
76 33 34 79 92 201
76 108 143 221 226 253
76 93 189 196 289 294
76 85 86 174 231 291
76 35 141 195 268 282
76 56 83 84 182
76 5 198 298
76 126 162 257
76 61 138 213
76 109 220 294
76 23 193
76 148 203
76 14 134
76 284
77 44 49 61 64 65 67 89 117 133 248 279
77 71 105 116 120 140 158 168 179 224 288
77 12 130 167 190 202 217 222 243 260 262
77 27 52 77 139 149 160 275 277 296
77 58 59 137 155 190 193 210 251 274
77 30 34 44 54 79 143 146 283
77 10 23 33 76 157 207 236 287
77 9 24 38 139 169 188 206 221
77 139 172 185 197 239 253 272
77 17 145 156 162 233 245 246
77 63 120 185 192 254 256 275
77 18 21 52 88 216 275
77 25 27 89 91 189 212
77 81 124 147 195 260 286
77 3 19 101 274 285
77 43 61 122 236 237
77 29 39 202 249 291
77 57 74 185 191 235
77 62 126 130 198 268
77 86 123 132 242 262
77 50 53 168 213 253
77 17 126 192 217
77 47 48 151 286
77 192 272 284
77 108 247
77 42 43
78 51 54 61 67 78 210 212 213 280 284
78 31 33 107 129 204 206 215 246 284 298
78 34 49 50 52 155 157 165 214 294
78 61 110 137 153 190 200 210 218 220
78 3 74 114 140 145 185 209 240 244
78 56 99 153 169 187 217 252 290
78 7 17 116 125 150 212 278 280
78 41 92 122 163 173 215 259 272
78 58 76 156 171 205 228 255 282
78 16 27 30 72 130 146 224
78 31 52 54 91 101 185 198
78 15 32 130 263 279 287
78 13 146 196 206 238 286
78 0 9 26 124 182 244
78 10 113 174 188 233 275
78 8 55 95 204 212 276
78 38 90 125 212 265 270
78 24 51 84 166 234 264
78 37 98 134 154 187
78 4 104 181 219 225
78 34 102 113 212 244
78 122 216 278 282 291
78 128 171 183 191 252
78 64 95 143 194 223
78 23 71 81 272
78 79 125 217 239
78 46 122 185 189
78 41 101 265
78 67 165 182
78 91 149 236
78 75 296
78 281
78 25
79 5 10 39 48 119 207 237 238 256 269 280 281
79 19 73 83 85 86 95 129 209 253 266 282
79 6 25 39 52 75 85 100 140 194 196 227
79 4 31 57 71 123 140 152 242 277 285
79 5 109 115 155 180 200 221 228 280 287
79 32 53 72 121 126 179 195 209 250 282
79 11 27 36 72 76 87 154 177 255
79 20 25 59 68 82 131 166 253 298
79 27 75 89 173 180 268 277 278
79 15 34 35 65 165 233 254 277
79 0 79 90 100 120 148 197 299
79 8 20 36 175 207 256 277
79 79 94 156 246 259 277 292
79 39 88 130 188 231 236 263
79 2 34 57 101 147 185 186
79 118 123 137 156 253 280
79 23 163 198 250 278 293
79 16 105 162 218 228 251
79 76 171 259 267 290
79 59 194 206 210 276
79 7 37 47 177 179
79 6 32 49 104 253
79 11 19 115 138 141
79 8 69 123 143
79 41 103 108 157
79 50 140 214 239
79 73 118 169 297
79 43 239 257
79 154 277
79 163
80 11 27 41 44 64 97 102 146 159 233 256
80 6 29 46 119 132 201 253 257 291 294
80 59 76 82 124 153 154 190 218 247 292
80 27 37 39 44 138 160 165 219 227 291
80 32 54 123 151 179 199 229 253 277
80 72 74 96 124 135 161 179 229
80 50 102 190 191 196 235 249 271
80 13 23 24 90 195 249 297
80 18 25 112 150 155 166 212
80 21 34 50 124 140 191 234
80 1 91 96 130 145 185 245
80 14 46 48 148 149 165 262
80 28 55 63 209 221 234 295
80 12 23 40 188 249 268 298
80 65 143 154 195 250 275 294
80 88 156 193 232 243 244 296
80 57 94 162 239 278 295
80 53 66 89 187 211 271
80 6 20 47 52 160 234
80 26 141 146 233 258 271
80 38 133 225 259 270 284
80 119 215 222 289 294
80 31 55 73 110 242
80 109 192 211 220 276
80 155 188 196 222 282
80 29 137 241 256 292
80 231 243 265 272 293
80 4 127 209 263 268
80 89 248 255 256
80 42 131 137 163
80 154 157 202 285
80 24 196 214 273
80 164 192 258
80 28 199 270
80 85 218
80 173 207
80 7 235
80 243 265
81 4 28 71 89 94 96 162 170 213 223 262 297 298
81 24 30 37 43 52 81 132 187 190 206 240 274
81 11 16 37 54 57 103 112 129 168 180 288
81 18 27 53 83 117 169 177 207 224 251 290
81 36 141 155 159 185 201 227 245 255 280
81 22 40 89 134 143 154 159 216 267 292
81 54 61 80 93 120 130 137 147 259
81 58 97 111 153 174 204 234 242 250
81 8 35 43 104 114 146 160 195 238
81 12 35 56 154 194 197 248 271
81 44 57 94 98 110 185 232 287
81 17 86 90 99 134 158 194 276
81 30 99 109 146 183 222 223 248
81 3 50 89 100 127 183 192
81 24 26 36 88 103 204 247
81 0 1 63 177 207 212 267
81 11 108 151 205 280 293
81 58 139 151 210 244 284
81 50 69 98 178 277 286
81 62 100 101 115 213 245
81 11 14 98 147 167 278
81 71 168 208 210 212 289
81 56 81 111 116 184 238
81 26 38 164 172 214 292
81 76 109 144 165 224 248
81 53 65 138 195 198 237
81 78 148 214 220 283
81 75 86 112 133 204
81 55 116 125 160 254
81 12 28 38 64 107
81 29 96 129 221 298
81 21 124 281 286
81 44 84 237 248
81 141 155 234 240
81 109 126 127
81 36 93 137
81 49 119 142
81 74 179 295
81 87 106
81 96 255
82 50 144 161 179 188 199 203 257 264 277 284 292
82 21 54 57 60 144 158 181 207 240 283
82 68 102 137 148 153 172 206 297
82 32 86 119 120 169 190 263 277
82 12 24 77 115 164 197 239
82 123 129 206 215 231 254 288
82 26 37 114 173 205 231 289
82 39 126 135 140 186 217 246
82 5 105 128 175 200 220 230
82 19 69 110 224 226 285
82 83 95 100 140 214 299
82 28 129 170 191 212 272
82 14 58 85 130 144 157
82 23 82 121 227 260 284
82 57 135 215 217 228
82 28 56 217 226 245
82 4 73 221 287 288
82 17 86 89 171 236
82 14 155 237 266 285
82 36 52 112 184 215
82 4 58 131 132 176
82 35 110 113 118 236
82 89 168 174 201 286
82 18 105 183 210
82 103 155 177 218
82 97 140 208
82 11 170
82 29 156
83 5 10 24 30 56 105 119 137 139 168 228 242
83 33 35 64 70 90 102 124 155 161 167 179
83 0 23 49 53 161 193 200 241 244 269
83 36 78 81 145 186 219 227 258 282
83 16 84 95 105 145 171 197 282 285
83 43 107 191 215 223 235 246 263
83 82 118 130 144 183 191 205 226
83 13 22 48 67 73 133 244 263
83 4 10 31 44 94 126 164 206
83 43 81 175 205 234 263 271 286
83 80 88 100 133 199 279 294
83 59 128 131 213 221 269
83 115 128 155 227 243 288
83 4 11 32 72 130 294
83 38 41 48 113 156 271
83 50 72 109 115 258 279
83 7 60 91 182 236 298
83 37 83 99 228 298
83 34 87 112 168 270
83 51 93 199 201 288
83 117 147 233 245 269
83 6 100 121 176
83 26 106 198 235
83 45 168 234 267
83 8 137 171
83 45 141 271
83 52 53 244
83 53 91
83 3 127
83 111 160
84 11 13 104 115 120 132 133 134 155 175 288
84 51 90 106 147 164 212 220 223 246 247
84 28 66 181 190 216 217 231 232 259
84 35 51 97 115 165 205 270 285
84 43 138 155 241 249 259 273 286
84 15 32 122 133 134 235 280
84 34 198 231 254 261 264 290
84 27 55 138 196 206 252 283
84 24 65 106 152 225 269 280
84 88 135 204 209 252 266
84 1 50 197 268 274 284
84 11 21 60 120 154 184
84 93 120 208 222 228 252
84 29 73 111 190 284
84 14 16 122 230 299
84 77 94 127 217
84 228 238 273 289
84 187 252 272 295
84 216 286 295
84 139 201 266
84 9 146
84 152 153
85 8 83 107 121 123 197 201 273 280 282 288
85 13 19 56 86 87 152 177 235 290 296
85 23 40 84 89 144 224 247 269
85 70 111 118 189 232 252 265 287
85 4 24 46 54 70 198 212 238
85 23 48 63 115 130 180 229 240
85 38 56 104 141 167 179 263 281
85 17 36 48 108 116 136 268 298
85 56 116 157 166 227 229 299
85 15 78 122 175 181 236 243
85 23 44 71 107 181 260
85 32 165 166 172 183 287
85 61 81 87 89 219 247
85 124 131 195 278 280 283
85 16 106 214 255 272
85 36 75 146 170 263
85 126 178 212 264 274
85 101 117 152 165 253
85 28 97 188 197 275
85 10 48 148 224 271
85 79 100 157 192 259
85 28 80 105 142
85 72 88 181 275
85 112 135 177 208
85 58 73 169 219
85 61 70 196 256
85 150 268 283 290
85 54 96 139 213
85 2 163 244
85 150 155 298
85 188 200 237
85 7 93 195
85 80 127 219
85 10 102 264
85 262
86 42 132 140 147 199 223 227 246 257 266 288
86 51 101 136 155 191 231 234 254 270 271 286
86 44 60 65 74 104 136 215 263 271 298
86 23 24 45 56 69 132 260 275 278
86 11 24 66 106 173 209 212 255 299
86 36 62 81 85 115 119 147 230 257
86 35 40 43 62 72 85 101 129 238
86 45 99 115 118 183 239 256 284 292
86 27 156 162 182 223 225 267 285
86 5 27 78 106 163 245 253 265
86 2 34 43 49 224 229 230 255
86 4 13 62 70 86 90 110 138
86 43 67 74 98 157 203 263 269
86 58 65 92 124 151 280 293
86 17 29 52 151 207 233 241
86 68 104 176 186 212 289 298
86 7 27 138 164 195 226 242
86 82 102 165 166 227 233 273
86 28 153 162 200 262 273
86 73 117 154 201 238 263
86 47 158 164 187 191 250
86 37 59 231 279 281
86 57 108 161 177 295
86 53 113 116 170 214
86 8 76 134 235 276
86 57 96 162 214 260
86 29 108 201 273 274
86 70 129 189 205 279
86 3 74 96 110 138
86 9 89 199 231 245
86 25 110 160 183
86 13 79 88 256
86 89 117 188 236
86 65 219 257 276
86 61 95 203 279
86 44 64 78
86 138 172
86 29 251
86 141 173
87 9 37 104 116 141 211 229 247 269 294 297
87 4 21 36 84 102 107 145 169 204 277
87 25 37 41 43 92 112 136 200 287
87 22 30 45 118 137 168 172 178 244
87 24 29 39 44 47 141 227 253 299
87 6 58 73 82 104 151 188 193 208
87 0 3 5 44 51 55 65 238
87 1 88 109 156 176 217 273
87 60 150 160 204 227 245 259
87 75 154 156 163 192 209 260
87 16 65 122 131 153 243 273
87 22 35 71 171 223 235 265
87 23 65 84 86 125 161 176
87 6 67 118 154 177 282
87 49 126 190 220 235 281
87 62 255 256 276 291 295
87 25 158 182 206 277
87 2 33 195 217 225
87 47 63 96 262 284
87 45 168 244 247
87 28 141 243 291
87 63 76 170 270
87 111 209 265
87 245 277
87 113 243
87 143
88 9 47 71 92 139 150 157 163 170 177 226 238 297
88 20 25 58 86 111 214 255 273 278
88 12 114 121 157 160 215 224 235 241
88 45 52 83 160 169 231 253 291 297
88 64 65 103 171 176 194 244 258
88 36 106 127 131 144 202 257 261
88 12 24 103 145 188 262 276 298
88 16 30 34 50 66 85 201 216
88 86 87 101 237 246 269 283
88 140 166 177 211 218 262 263
88 25 63 77 190 201 234 267
88 47 53 129 168 174 258
88 190 205 207 232 233 246
88 20 109 186 188 233 249
88 66 82 205 211 243 271
88 84 117 125 127 226 250
88 53 78 136 167 192 291
88 29 50 92 112 223
88 64 117 135 139 284
88 26 58 83 101 258
88 33 49 104 181 227
88 10 28 148 200 227
88 59 80 102 202 293
88 26 119 148 156 293
88 14 78 122 197 290
88 0 94 126 277
88 29 73 119 138
88 11 120 211 247
88 67 70 91 115
88 113 118 247 259
88 6 117 173 246
88 90 95 262
88 15 162 175
88 141 168 223
88 21 85 102
88 90 230 286
89 17 22 25 31 37 44 66 95 141 169 181 218 245 257 283 287 289
89 27 38 53 60 85 125 190 204 219 236 294
89 7 14 39 41 62 97 100 115 268
89 37 59 114 121 125 137 272 294
89 31 70 115 133 198 233 250 286
89 32 63 173 197 221 235 239 285
89 8 15 21 157 197 256 276
89 78 115 220 237 265 284 298
89 30 163 205 213 254 272 295
89 50 172 205 211 286 297
89 54 64 68 76 124 246
89 43 106 146 174 177 299
89 2 10 87 130 160 264
89 133 158 232 253 281
89 105 148 176 210 247
89 145 196 215 244 299
89 20 22 139 216 231
89 58 68 106 221 241
89 23 112 157 193 297
89 41 96 259 293
89 84 177 192 233
89 23 50 250 252
89 85 197 258 281
89 139 288 294
89 17 32
90 75 95 126 132 152 194 234 245 248 285
90 15 45 82 102 120 268 271 281 292
90 0 23 38 107 117 130 201 220 295
90 52 56 186 214 245 252 261 280
90 46 51 56 187 236 247 282 293
90 13 38 97 108 113 135 252 293
90 46 48 49 58 67 85 112 249
90 23 78 103 109 143 245 267
90 41 100 102 134 155 284 287
90 50 67 83 157 167 189 240
90 79 211 212 229 232 274 290
90 4 156 221 223 245 246 249
90 0 29 36 154 209 229 261
90 49 92 97 149 168 172 219
90 5 57 160 173 223 238
90 27 36 90 138 155 197
90 15 77 90 178 210 260
90 0 93 117 127 147 193
90 3 23 31 32 129 267
90 22 73 167 206 271 286
90 94 131 187 237 261
90 164 172 195 222 226
90 21 80 191 223
90 19 181 211 271
90 19 73 183 193
90 7 132 137 237
90 86 116 156
90 50 244 263
90 57 132 191
90 131 218 223
90 159 170 250
90 50 168 190
90 22 61
90 97 151
90 225
90 223
91 5 12 74 126 129 245 254 261 273 275 285
91 27 29 67 97 155 166 184 207 265 275
91 15 27 80 151 160 161 165 264 272
91 12 89 114 153 162 204 219 267 273
91 26 126 127 168 181 184 232 283 297
91 42 56 64 112 135 157 235 296
91 35 50 105 127 193 194 235 296
91 58 62 70 82 135 208 264 281
91 26 129 172 198 268 271 276 294
91 43 53 71 78 162 178 260 286
91 21 46 78 82 134 168 254 282
91 0 15 81 85 108 134 252 277
91 8 63 81 115 129 253 282
91 116 149 188 196 209 242 296
91 57 79 84 98 196 261 272
91 47 108 125 244 251 268 287
91 7 29 110 183 224 264
91 11 24 123 157 244 260
91 41 134 139 163 209 261
91 40 51 114 222 266
91 86 176 206 235 252
91 6 124 176 184 204
91 23 58 67 155 196
91 1 119 196 237 261
91 30 54 63 164 198
91 41 98 211 270
91 30 274 290 292
91 43 48 192 233
91 23 42 63 213
91 59 210 249
91 107 160 286
91 36 171
91 172 177
91 143 196
92 22 133 157 171 187 200 205 249 251
92 32 151 154 156 170 185 215 286
92 52 107 133 143 146 155 204 214
92 12 18 75 76 115 220 249 285
92 66 89 103 161 165 187 241 261
92 6 83 141 160 228 260 270
92 0 37 172 181 234 238 255
92 42 177 180 187 217 247 256
92 32 61 81 212 236 271 288
92 38 50 86 189 282 291
92 18 49 66 216 223 224
92 62 103 139 143 239 280
92 70 93 228 290 298
92 19 122 166 174 289
92 162 211 221 229 249
92 67 87 113 201 276
92 6 15 119 204 285
92 101 198 271 295 298
92 19 62 271 272
92 4 68 132 157
92 23 118 135 281
92 1 116 125 225
92 44 53 183
92 48 225
92 20 283
93 49 74 120 131 191 218 221 236 292
93 77 94 107 165 180 226 237 264
93 124 128 152 240 242 262 282
93 70 93 139 147 250 275 286
93 45 109 150 212 238 246 284
93 23 127 174 192 195 216 244
93 79 92 107 132 237 238 298
93 31 125 156 162 178 273
93 41 50 57 76 254 296
93 60 107 133 161 286 294
93 72 81 126 129 166 299
93 11 29 71 259 286
93 31 137 149 159 259
93 21 58 79 134 233
93 44 56 136 208 294
93 34 53 76 240 292
93 25 52 60 69 242
93 0 43 124 214 225
93 94 126 150 213 218
93 51 76 141 232 233
93 63 149 243 255 291
93 119 159 190 249
93 103 137 231 263
93 30 215 224 289
93 36 51 54 146
93 70 116 235 281
93 69 246 272
93 86 290
93 255 276
93 34
94 16 54 94 101 153 155 164 190 214 244 265 286 289
94 8 17 22 47 76 115 120 218 264 275 287
94 18 27 41 56 59 153 215 236 274 283
94 56 70 95 142 189 190 196 259
94 18 21 52 95 146 177 185 201
94 5 68 103 186 193 207 227 244
94 31 51 81 208 263 282 296
94 9 29 30 132 174 184 226
94 56 115 119 139 182 206 253
94 98 105 138 175 213 277
94 8 75 92 115 167 286
94 21 129 152 216 220 275
94 37 108 117 122 156 226
94 85 154 182 217 248
94 135 146 210 260 286
94 40 115 117 171 199
94 65 79 113 125
94 12 22 46 195
94 136 248 256 297
94 64 166 200
94 27 155 202
94 67 138 254
94 102 180 222
94 34 197
94 185 240
94 160
95 8 27 28 51 147 152 182 189 196 197 236 275
95 44 66 82 87 89 148 153 167 169 249 291
95 20 79 82 127 140 169 217 238 282
95 14 51 66 128 155 188 215 218
95 15 49 159 160 164 177 222 266
95 17 45 109 116 134 178 191 274
95 35 44 151 152 224 274 287 291
95 3 133 174 190 194 267 286 289
95 25 55 70 110 201 283 291
95 79 89 99 132 219 229 253
95 5 31 50 138 194 221 279
95 45 107 108 177 253 272
95 35 49 190 211 234 242
95 53 65 194 252 286 299
95 19 171 185 207 263 271
95 35 99 162 163 255 291
95 185 206 208 264 284
95 136 150 208 266 294
95 36 128 173 181 228
95 32 54 57 122 293
95 50 125 189 227 293
95 28 150 153 197
95 67 77 113 133
95 64 130 197 232
95 178 179 231 257
95 110 173 205
95 62 67 174
96 2 12 34 87 92 94 141 148 151 171 178 205
96 19 66 74 121 132 154 199 202 277 294 299
96 18 26 34 79 91 125 151 152 286
96 40 102 109 127 154 171 228 235 236
96 38 59 107 128 131 165 167 218 250
96 8 11 14 129 156 196 204 228 231
96 9 104 118 159 191 207 232 285
96 51 55 135 230 265 283 288
96 43 46 118 131 135 267
96 138 156 203 232 238 249
96 26 73 205 247 251 255
96 47 53 92 223 248
96 87 108 113 135 290
96 58 145 182 183 239
96 10 130 131 157 251
96 47 60 255 258 262
96 130 142 156 171 230
96 64 86 205 277 292
96 24 122 128 198 221
96 90 127 133 182 284
96 51 249 255 292
96 24 102 261 268
96 48 65 145
96 102 211
96 213 226
96 198 290
96 31
97 34 51 59 77 85 91 99 101 161 198 245 258 289
97 23 48 66 78 88 120 136 160 181 215 281
97 3 25 52 89 135 183 228 242 256 270
97 47 54 64 94 107 108 163 220 259 269
97 53 58 64 118 233 238 263 273 281 287
97 30 33 135 139 144 272 275 287 292
97 7 8 43 128 145 222 276 291
97 14 35 50 114 127 135 237 269
97 17 91 113 125 170 238 243
97 40 104 111 197 218 279 291
97 21 40 112 248 251 258 298
97 44 99 157 193 235 237 267
97 9 12 123 167 214 224 225
97 70 72 128 212 242 244
97 47 120 138 147 262 278
97 43 75 139 211 245 298
97 108 109 181 242 266 286
97 63 74 133 180 187 217
97 153 199 235 256 273 290
97 121 135 191 194 222 255
97 1 4 36 155 189
97 19 81 172 200 247
97 23 59 67 173 267
97 12 88 182 197 205
97 27 42 60 170 281
97 2 32 51 106 151
97 4 94 208 212 227
97 14 31 65 191
97 79 167 223 292
97 49 72 139 231
97 107 158 290
97 74 75
97 297
98 14 29 38 39 78 97 117 127 201 211 273 281
98 38 51 68 133 140 193 218 239 260
98 20 51 79 91 93 95 154 201 243
98 14 34 131 162 180 237 249 261
98 18 143 146 177 237 268 288
98 116 132 151 166 199 204 292
98 19 77 84 86 142 223 285
98 37 57 99 161 213 225 257
98 15 21 46 48 83 143 178
98 73 74 129 164 199 297
98 66 112 155 168 176 181
98 30 55 119 178 194 195
98 23 141 151 176 217 296
98 29 58 93 163 214 291
98 42 86 120 152 190
98 13 60 103 116 202
98 23 32 113 201 292
98 24 115 141 162 221
98 109 205 216 227 236
98 57 144 179 197 274
98 8 136 187 209 246
98 35 130 173 182 209
98 72 111 191 238
98 7 66 101 113
98 55 61 188 282
98 46 201 248 276
98 90 123 171 201
98 92 179 238
98 62 230 285
98 5 65 105
98 43 76 208
99 5 6 143 157 167 172 178 183 192 195 198 221 247 268 290
99 7 9 29 36 83 104 118 169 189 244 251 298
99 8 16 23 26 62 71 120 135 220 225
99 4 12 51 63 72 73 115 145 229 299
99 1 2 84 102 170 197 214 220 241
99 99 155 182 233 239 258 284 297
99 106 164 177 189 200 251 267 297
99 35 109 120 157 180 195 247 286
99 27 59 115 120 130 141 154 291
99 167 169 201 211 252 253 275 295
99 64 69 74 203 205 241 258
99 9 99 157 256 265 274 292
99 1 60 125 146 207 219 243
99 84 108 147 213 220 228 263
99 2 6 10 36 110 165
99 102 153 173 207 247 284
99 151 203 219 227 241 284
99 51 69 101 224 232
99 6 100 168 202 209
99 22 51 124 185 188
99 53 66 116 126 143
99 59 82 216 245 246
99 101 107 123 154 194
99 64 71 77 250 289
99 94 230 254 284 296
99 26 32 175 222 269
99 22 213 226 246
99 44 65 233 256
99 19 85 149 180
99 127 180 284 285
99 153 199 265
99 1 157 183
99 28 78 201
99 70 72 197
99 92 267
99 148 205
99 159 191
99 224
100 25 26 88 135 174 180 212 220 243 245 259
100 67 75 91 104 108 130 148 221 263
100 81 84 149 206 222 242 255
100 19 28 33 70 191 283 289
100 118 132 143 204 214 289
100 17 32 33 59 234 296
100 23 37 185 239 259 299
100 25 38 43 55 162 292
100 53 108 140 157 225 286
100 43 80 111 178 198 240
100 32 54 114 168 259
100 18 42 49 53 276
100 0 16 36 59 78
100 52 108 169 242 269
100 148 185 289 293 296
100 43 92 178 278
100 55 101 126 262
100 89 170 193 230
100 50 94 95 243
100 69 79 174
100 83 131 213
100 69 109 141
100 52 162 272
