266 3868
996 0 1 2 3 4
980 5 6 7 8 9 10 11
996 0 1 2 3 4
961 12 13 14 15 16
980 5 6 7 8 9 10 11
959 17 18 19 20 21 22 23
279 0 3 4
980 5 6 7 8 9 10 11
838 0 7 8 16
959 17 18 19 20 21 22 23
759 0 3 4 12 13
1184 0 1 2 7 8 16
1450 0 7 8 16
995 14 15 16
451 0 3 4
1364 0 16 24 25
980 5 6 7 8 9 10 11
448 3 4 17 18 26 27
710 14 15 16
938 0 22 23 24 28
1081 0 7 8 9 10 11
1400 5 6 9 10 11
378 3 4 26 27
380 3 4 5 6
775 26 27 29 30
451 0 3 4
1364 0 16 24 25
1081 0 7 8 9 10 11
536 5 6 7 8 16
652 3 4 7 8 25 31
673 14 15 24 32
755 3 4 33 34 35 36 37
831 0 3 4 38 39
870 14 15 24 32
769 16 22 23 26 27
279 0 3 4
110 0 24 32
469 0 3 4
696 16 17 18 26 27
148 38 39 40 41
652 3 4 7 8 25 31
777 22 23 34 35 40 41
1036 16 24 25 26 27
610 3 4 33 36 37 38 39
793 3 4 5 6 38 39
791 0 1 2 7 8 24 32
697 0 29 30
607 42 43 44 45 46 47 48 49 50 51 52
555 0 3 4 40 41 51 52
929 0 1 2 24 28 38 39
847 0 24 32 53 54
961 0 7 8 46 47 50 55 56
750 0 7 8 50 57 58
521 0 7 8 31 32 50
602 0 16
821 0 3 4 34 35 59 60
840 0 3 4 24 49
410 17 18 31 49 50 51 52
742 3 4 17 18 31 32 34 35 48 49
935 3 4 17 18 48 49
575 5 6 50
980 5 6 7 8 9 10 11
664 7 8 46 47 48 49 50
663 3 4 40 41 46 47 48 49 61 62
781 33 36 37 38 39 50
123 40 41 51 52
817 31 40 41 49 50 51 52 61 62
877 26 27 40 41 46 47 50 51 52
248 40 41 51 52 63 64
523 3 4 22 23 31 49 65 66
1149 31 32 44 45 51 52 55 56
441 24 25 31 32
702 24 25 31 49 50
496 31 32 59 60 65 66
703 31 34 35 42 43 49 50 51 52
394 31 32 42 43 61 62
726 42 43 63 64 65 66
328 3 4 48 49
952 24 28 31 32 48 49
665 3 4 33 36 37
811 34 35 40 41 57 58
839 31 40 41 44 45 49 50 51 52
653 40 41 48 49 50 51 52 65 66
395 26 27 50 51 52
747 26 27 29 30
517 31 32 53 54
556 28 33 36 37 38 39 51 52 67
767 28 33 36 37 38 39 67
610 3 4 33 36 37 51 52
890 0 12 13 46 47 50
807 5 6 7 8 46 47 50 51 52
971 34 35 40 41 46 47 48 49 50
1022 0 24 25 38 39 50
1158 38 39 48 49 50 55 56
440 17 18 31 49 50 51 52
992 26 27 46 47 50 51 52 55 56
978 17 18 38 39 48 49 50 51 52
1014 31 49 50 51 52 59 60
936 46 47 48 49 50 51 52 55 56
1136 31 49 50 51 52 55 56
1229 31 34 35 43 49 50 51
732 12 13 26 27 50 57 58
1176 12 13 26 27 31 32 50
902 0 31 32 50 59 60
624 26 27 31 32 50
1208 0 24 25 50
450 5 6 7 8 50
1194 26 27 46 47 50 51 52
878 40 41 48 49 50 51 52 61 62
1335 48 49 50 51 52
1082 26 27 46 47 50 59 60
1211 16 26 27 48 49 50
776 0 3 4 31 32 34 35
794 0 3 4 40 41 44 45 46 47
520 3 4 31 44 45 49
911 3 4 12 13 26 27
783 3 4 5 6 46 47
695 0 3 4 40 41 51 52
881 3 4 25 31 51 52
593 0 3 4 7 8 59 60
356 3 4 48 49
501 3 4 26 27 63 64
993 24 31 32 49 61 62
534 24 32 48 49 61 62
494 24 32 48 49
1132 24 28 31 32 48 49
748 0 7 8 16 59 60
913 31 32 49 61 62 67
778 16 33 36 37 51 52
831 16 48 49 59 60 65 66
575 16 26 27
678 26 27 50 57 58
570 0 3 4 40 41 46 47
942 0 3 4 40 41 65 66
899 0 1 2 7 8 31 32 50
812 0 28 33 38 39 67 68
938 0 22 23 24 28
971 0 24 31 32 49 50
743 0 3 4 18 48 49 69
1251 0 7 8 11 68
602 0 16
821 0 3 4 34 35 59 60
885 0 24 25 38 39 50
964 0 7 8 46 47 50
955 17 18 31 49 50 51 52
641 16 17 18 48 49
696 16 17 18 26 27
445 5 6 38 39 50
1400 5 6 9 10 11
1162 28 46 47 48 51 52 55 56
902 26 27 46 47 50 51 52 55 56
148 38 39 40 41
1075 16 36 37 51 52 70
560 31 32 40 41 44 45 51 52
611 14 15 24 32 51 52
698 24 26 27 31 32 49 50 51 52
421 31 32 51 52 53 54
402 31 32 53 54
822 31 32 48 49 50 51 52 65 66
669 7 8 25 31 50 51 52
886 24 28 31 49 51 52
667 31 49 50 51 52 59 60 65 66
714 34 35 42 43 46 47 48 49 50
639 31 42 43 49 50 51 52 61 62
751 42 43 51 52 53 54 65 66
714 3 4 34 35 42 43 48 49
526 3 4 24 25 48 49
582 28 33 36 37 38 39 67
739 16 33 36 37 49 67
632 31 49 50 51 52 55 56 65 66
732 34 35 40 41 48 49 50 51 52
645 3 4 31 40 41 49 61 62
847 31 32 40 41 53 54 65 66
771 26 27 33 50 68
747 26 27 29 30
517 31 32 53 54
369 16 33 36 37 51 52
1160 33 36 37 50
835 16 26 27 68 70
814 16 36 37 51 52 70
1012 0 24 25 46 47 50
704 14 15 46 47 50 51 52
978 26 27 42 43 46 47 50 51 52
1016 26 27 40 41 46 47 50 51 52
769 0 38 39 40 41 50 51 52
953 48 49 50 51 52 55 56 65 66
926 0 18 31 49 50 51 52 69
1115 25 46 47 48 50 51 52
947 38 39 48 49 50 51 52 55 56
834 31 49 50 51 52 59 60 65 66
524 48 49 50 51 52
887 25 31 50 51 52 53 54
1157 40 41 48 49 50 51 52
618 5 6 7 8 22 23 50
527 0 7 8 31 32 50
915 0 7 8 31 32 50 51 52
568 31 32 48 49 50
961 0 28 31 50 51 52
941 0 28 31 40 41 50 51 52
1061 0 24 32 48 49 50
1092 12 13 46 47 48 49 50
1148 0 46 47 50
992 26 27 46 47 50 51 52 55 56
1056 0 7 8 50 51 52
1178 31 32 34 35 48 49 50
1244 31 42 43 49 50 65 66
1257 34 35 40 41 48 49 50
803 0 3 4 34 35 42 43
717 3 4 40 41 44 45 48 49 51 52
774 3 4 17 18 31 32 48 49
720 3 4 34 35 40 41 46 47 48 49
749 3 4 38 39 40 41 48 49
726 3 4 31 40 41 49 51 52
536 3 4 22 23 31 49 65 66
789 3 4 48 49 59 60
734 3 4 31 49 55 56 65 66
441 33 49 67 68
1107 24 31 32 34 35 49
895 0 18 24 31 32 49 69
88 24 49
993 24 31 32 49 61 62
744 7 8 16 36 37 70
633 16 26 27 49 51 52 67
786 16 36 37 51 52 70
857 0 16 59 60
832 16 40 41 48 49 65 66
633 34 35 40 41 57 58
594 0 3 4 31 32 34 35
582 0 3 4 34 35 59 60
555 0 3 4 59 60
779 0 1 2 33 50 68
863 0 1 2 7 8 24 32
812 0 28 33 38 39 67 68
938 0 22 23 24 28
971 0 24 31 32 49 50
873 0 18 31 32 48 49 50 69
1078 0 7 8 16 33 68
637 0 7 8 16
658 0 31 32 50
646 0 24 32
1358 0 16 24 49
679 7 8 17 18 31 49 50 51 52
483 7 8 16 17 18 48 49
477 17 18 26 27 46 47 50
536 5 6 7 8 16
980 5 6 7 8 9 10 11
664 7 8 46 47 48 49 50
663 3 4 40 41 46 47 48 49 61 62
469 42 43 46 47 53 54
754 8 16 33 36 37 51 52 71
862 31 34 35 40 41 49 50 51 52
648 3 4 40 41 48 49 51 52 61 62
297 26 27 46 47 50 51 52
977 16 24 25 26 27 51 52
700 51 52 53 54 57 58
40 22 23
487 22 23
617 31 32 34 35 42 43
1050 31 32 42 43 53 54 65 66
847 7 8 24 25 31 32
663 7 8 31 49 50 51 52
667 31 49 50 51 52 59 60 65 66
762 31 32 34 35 42 43 53 54
662 22 23 42 43 61 62
661 3 4 42 43 48 49 65 66
908 40 41 48 49 50 51 52
1155 16 33 48 49 68
598 3 4 7 8 48 49
701 36 37 38 39 50 70
823 31 32 53 54 55 56 65 66
639 40 41 44 45 46 47 48 49 50 51 52
906 16 40 41 48 49 61 62
263 14 15 16
622 26 27 33 50 51 52 68
1020 16 26 27 49 67
744 53 54 57 58
659 33 68 69 71 72 73
847 0 16 33 68
896 33 36 37 38 39 50
602 68 69 70 71 72 73
799 36 37 50 51 52 70
855 11 26 27 68
890 0 12 13 46 47 50
807 5 6 7 8 46 47 50 51 52
992 26 27 46 47 50 51 52 55 56
1227 26 27 40 41 46 47 50
937 38 39 40 50 51 52 74
956 31 49 50 51 52 55 56 65 66
849 0 24 32 48 49 50 51 52
936 12 13 26 27 46 47 50 51 52
936 12 13 26 27 46 47 50 51 52
504 25 31 50 51 52
804 42 43 48 49 50 51 52 61 62
959 31 34 35 40 41 49 50 51 52
1188 26 27 50 51 52 55 56
1229 31 34 35 43 49 50 51
764 17 18 48 49 50 57 58
570 12 13 26 27 31 32 50
1013 5 6 31 32 50 51 52
889 31 32 50 55 56 75 76
911 31 49 50 59 60 61 62
536 0 7 8 50
1327 25 46 47 48 50
1406 26 27 46 47 50
1017 31 40 41 44 45 49 50 51 52
1139 46 47 48 49 50 51 52
1046 31 49 50 59 60 65 66
1280 26 27 42 43 46 47 50
1146 31 40 41 49 50 61 62
744 3 4 31 34 35 42 43 49
542 0 3 4 33 44 45 51 52 68
830 3 4 17 18 26 27 31 32
710 0 3 4 40 41 46 47
749 3 4 38 39 40 41 48 49
582 3 4 26 27 40 41 46 47 51 52
488 3 4 22 23 25 31 65 66
648 3 4 26 27 46 47 59 60
497 3 4 16 26 27 48 49 51 52
412 3 4 26 27
1086 16 48 49 68 70
993 24 31 32 49 61 62
1149 24 26 27 32 51 52
473 24 25 31 32
647 24 25 28 31
861 0 7 8 16 51 52
263 26 27 51 52 77 78 79
916 49 67 74 80
984 32 34 35 48 49 67
775 26 27 29 30
931 5 6 16 51 52
844 16 33 36 37
663 40 41 51 52 57 58
558 0 3 4 44 45 46 47
578 74 75 76 77 78 79 80
779 0 1 2 33 50 68
740 0 1 2 7 8 46 47 50
812 0 28 33 38 39 67 68
110 0 24 32
914 0 24 49 50
385 0 24 32 69 73
363 0 7 8 46 47 50
719 0 7 8 24 25 31 32 50
499 0 46 47 50
852 0 3 4 31 32 34 35
885 0 24 25 38 39 50
964 0 7 8 46 47 50
943 17 18 31 32 53 54
848 7 8 17 18 31 32 48 49 50
1310 11 17 18 26 27 68
816 16 18 26 27 42 52 81 82 83
525 12 13 26 27 50
808 3 4 7 8 12 13 73 83
850 3 4 5 6 31 32 44 45
443 24 25 46 47 48 49 50 51 52
725 34 35 40 41 46 47 48 49 50 51 52
701 26 27 29 30 46 47
325 38 39 51 52 53 54
1165 16 33 36 37 51 52
693 3 4 34 35 40 41 48 49 51 52
898 16 40 49 51 52 67 74
266 3 4 26 27 51 52
961 16 26 27 49 51 52 67
605 3 4 25 31 51 52 53 54
1163 16 18 48 49 51 52 83
577 81 82 83 84 85 86 87 88 89
888 31 32 44 45 84 85
912 31 32 44 45 84 85
362 25 31 50 51 52
752 31 49 50 84 85
876 28 31 49 51 52 67
836 31 32 48 49 50 59 60 65 66
686 3 4 31 34 35 42 43 49
854 42 43 44 45 57 58
562 31 32 42 43 44 45
826 42 43 48 49 50 65 66
933 38 39 40 41 48 49 50
635 28 33 38 39 48 49 67 68
1021 16 24 25 48 49
665 3 4 33 36 37
612 3 4 48 49 55 56 65 66
746 34 35 40 41 46 47 48 49 50
662 31 40 41 49 50 51 52 61 62
726 40 41 51 52 53 54 65 66
938 26 27 40 41 46 47 50
1036 16 24 25 26 27
396 46 47 53 54
848 16 26 27 42 52 53 54
892 16 33 48 49 68
628 33 68
825 36 37 38 39 50 70
694 0 11 51 52 68
378 0 7 8 46 47 50
859 0 7 8 46 47 50 51 52
932 0 42 43 46 47 50
1203 26 27 46 47 50 55 56
1046 0 24 38 39 49 50
550 38 39 48 49 50
465 0 50 51 52
717 0 7 8 17 18 31 32 50 51 52
767 34 35 40 41 46 47 48 49 50 51 52
947 0 38 39 50 51 52
987 31 32 48 49 50 51 52 65 66
917 0 42 43 50 51 52
1001 31 40 41 44 45 49 50 51 52
956 34 35 40 41 48 49 50 51 52
1161 18 48 49 50 51 52 83
953 22 23 31 49 50
603 5 6 7 8 50 57 58
1121 12 13 31 32 48 49 50
741 31 32 48 49 50 65 66 84 85
889 31 32 50 55 56 75 76
999 31 32 34 35 40 41 48 49 50
885 31 32 40 41 48 49 50 61 62
936 50 59 60 75 76
1052 17 18 26 27 31 32 50 51 52
1148 46 47 48 49 50 55 56
1158 38 39 48 49 50 55 56
881 31 40 41 49 50 51 52 61 62
1133 12 13 26 27 50 51 52
779 26 27 50 51 52 57 58
1220 34 35 42 43 48 49 50
1147 50 55 56 75 76
620 3 4 14 15 18 83
768 3 4 34 35 36 37 70
746 3 4 31 44 45 49 51 52
551 3 4 24 25 73 81 82 83
380 3 4 5 6
635 3 4 5 6 7 8 46 47
707 3 4 40 51 52 74
831 3 4 18 26 27 51 52 83
435 3 4 46 47 48 49 84 85
648 3 4 26 27 46 47 59 60
497 3 4 16 26 27 48 49 51 52
412 3 4 26 27
1086 16 48 49 68 70
993 24 31 32 49 61 62
708 24 25 31 32 51 52 53 54
1114 24 28 38 39 48 49
1050 16 24 26 27 49
806 0 46 47 77 78 79
837 0 31 32 62 77 78
668 0 28 33 51 52 67 68
674 29 30 48 49 65 66
852 16 26 27 40 41 51 52
717 16 26 27 51 52 59 60
859 16 40 41 75 76
783 55 56 57 58
594 0 3 4 42 43 61 62
827 73 77 78 79 83 90 91
801 0 3 4 59 60 65 66
1099 0 1 2 16 24 25
1158 0 1 2 77 78 79
707 0 7 8 33 50 68 92 93
770 0 11 68
872 0 24 28 46 47 92 93 94 95
810 0 24 32 90 91 94 95
1028 0 7 8 16 24 49
603 0 3 4 33 68 69 73
743 0 3 4 18 48 49 69
523 0 7 8 50 92 93
719 0 7 8 24 25 31 32 50
499 0 46 47 50
1044 0 22 23 50
850 0 3 4 40 41 44 45 46 47
1088 0 24 32 34 35 92 93
1187 0 24 28 46 47
1061 0 7 8 50 92 93
662 3 4 7 8 17 18 31 49
729 17 18 19 20 21 48 49 50 90 91
790 17 18 19 20 21 48 49 50 51 52
525 17 18 28 38 39 48
1310 11 17 18 26 27 68
956 38 39 40 41 81 82 83 89
753 18 19 20 21 51 52 81 82 83
953 40 41 44 45 51 52 81 82
513 12 13 31 32 53 54
849 12 13 16 26 27 90 91 94 95
1029 12 13 16 26 27 51 52 83 89
445 5 6 38 39 50
615 5 6 69 93
775 42 43 44 45 46 47 90 91 92 93 94
616
858 3 4 40 41 44 45 46 47 48 49 90
768
863 24 28 31 32 48 49 90 91
623 28 38 39 48 90 91 94 95 96 97
139 32 48 59 60 61 62 90 91
1040 16 33 36 37 49 67 90 91
448 40 41 90 91
669 34 35 40 41 90 91 92 93
517 26 27 50 90 91
529 24 25 26 27 31 32 50 90 91
746 14 30 63 64 90 91
752 90 91 92 93 98 99 100 101
782 3 4 48 49 90 91 98 101
1046 3 4 25 31 90 91 94 95
679 7 8 50 73 83 90 91 96 97
919 34 35 42 43 83 90 91 93
1075 24 28 46 47 48 49 90 91
524 25 46 47 48 50
615 34 35 40 41 46 47 92 93
895 3 4 24 26 27 46 47 49
579 3 4 33 36 37 38 39
643 38 39 40 41 51 52 53 54
123 38 39 92 93 94 95
788 16 33 36 37 49 51 52 67
898 40 41 51 52
851 3 4 31 40 41 44 45 49 51 52
932 16 40 49 51 52 67 74
653 38 39 40 50 51 52 74
511 14 15 16 51 52
454 24 25 26 27 31 32 50 51 52
1120 14 30 51 52 63 64
1039 42 43 51 52 53 54
1174 16 25 48 51 52 98 101
615 51 52 73 77 78 79 83
615 51 52 55 56 65 66 83 93
963 19 20 21 90 91 94 95 96 97
867 3 4 7 8 73 83 96 97
996 31 32 34 35 48 49 50 96 97
872 3 4 31 44 45 49 96 97
678 55 56 90 91 92 93 94 95
1030 24 25 50 73 83 92 93
632 31 32 34 35 92 93
483 31 32 44 45 92 93 94 95 96 97
703 59 60 61 62 92 93
288 84 85
808 46 47 65 66 84 85 94 95
812 31 32 90 91 94 95
881 3 4 31 32 34 35 48 49
946 31 32 48 49 50 61 62 96 97
752 31 32 75 76 77 78 79
841 24 25 31 32 44 45 92 93
590 31 49 50 84 85
901 7 8 24 31 32 49
700 31 32 59 60 65 66 90 91 94 95
807 50 59 60 75 76 92 93
739 34 35 42 43 48 49 50 51 52
741 31 42 43 44 45 49 50 51 52
761 31 32 42 43 53 54 65 66
573 42 43 50 51 52 75 76
422 19 20 21 48 49 50 96 97
701 33 48 49 50 51 52 68
780 7 8 16 48 49
667 33 36 37 38 39 50
1020 31 49 50 55 56 65 66
580 3 4 55 56 75 76
804 16 34 35 40 41 48 49
691 40 41 61 62 90 91 92 93 94 95
963 31 40 41 49 50 65 66
938 3 4 40 41 75 76
792 26 27 46 47 50 55 56
330 26 27 40 41 46 47 50
682 24 26 27 32 92 93 94 95
800 55 56 63 64
659 51 52 53 54 84 85 98 101
673 28 31 53 54 96 97
1169 33 68 69 71 72 73
825 33 36 37 38 39 50 51 52
736 16 33 36 37
877 36 37 38 39 50 70
876 7 8 16 36 37 70
908 28 46 47 48 50 76 96
807 12 13 26 27 46 47 50 90 91
870 17 18 46 47 48 49 50 90 91
857 5 6 7 8 46 47 50 51 52
1227 26 27 46 47 50 51 52 59 60
679 40 41 46 47 48 49 50 61 62
971 26 27 40 41 46 47 50
761 0 38 39 42 43 50 90 91
835 38 39 40 41 48 49 50 51 52
846 38 39 48 49 50 84 85
605 0 38 39 50 59 60
581 50 51 52 55 56 75 76
582 0 3 4 40 41 44 45 46 47
641 0 3 4 38 39 40 41
977 0 3 4 74 77 78 79 102
733 0 1 2 33 50 51 52 68
902 0 1 2 51 52 69 89
907 0 33 50 68 69 73 92 93
663 0 28 33 67 68 92 93
974 0 50 51 52 68 70
1020 0 24 28 90 91 92 93 94 95
385 0 24 32 61 62 92 93
1261 0 69 81 82 89
617 0 24 32 69 73
560 0 16 18 48 49 69
703 0 7 8 40 50 51 52 103 104 105
779 0 3 4 7 8 33 68
1080 0 7 8 74 77 78 79 80
821 0 38 39 40 50 103 104 105
646 0 50 57 58
840 0 3 4 34 35 59 60
1073 0 24 32
332 0 3 4 24 49
1011 0 51 52 69 93 102 103
676 17 18 31 32 90 91 94 95
967 17 18 31 49 50
570 7 8 17 18 48 49 50 51 52
930 17 18 46 47 48 49 50
698 81 82 84 85 98 99 100 101
722 40 41 51 52 81 82 83 89
980 3 4 18 26 27 81 82 83
1223 22 23 34 35 41 81 82 102
838 34 35 59 60 81 82
831 11 12 13 26 27 68
943 12 13 48 49 50 51 52 98 101
805 12 13 28 31 90 91 94 95
708 12 13 38 39 83 93 94 95
480 5 6 28 46 47 48 50 51 52
628 3 4 5 6 44 45 51 52
867 104 105
839 3 4 74 102 104 105
699 44 45 46 47 104 105
331 42 43 69 74 90 91 93 102
723 22 23 42 43 44 45 90 91
800 24 32 48 49 90 91
846 28 38 39 48 49 67 90 91
405 28 48 57 90 91 105
787 25 38 39 48 50 90 91
949 16 33 36 37 90 91
794 33 36 37 50 90 91
702 40 41 44 45 46 47 90 91 92 93 94
1091
1006 3 4 40 74 90 91
805 14 15 31 32 50 90 91
764 16 26 27 33 68 90 91
409 9 10 11 26 27 90 91
568 38 39 42 43 53 54 90 91 98 101
582 38 39 90 91 92 93 94 95 98 101
881 46 47 90 91 94 95
1003 31 32 90 91 94 95
592 69 73 83 90 91 93
455 83 90 91 93 94 95 96 97
738 50 74 90 91 102
472 24 25 46 47 48 49 50
672 28 46 47 48 96 97
916 40 41 44 45 46 47 90 91 92 93 94
480
961 26 27 46 47 50 92 93
812 28 46 47 48 90 91 94 95 106 107
1075 38 39 40 50 74
433 38 39 42 43 53 54
479 38 39 40 41 90 91 94 95
725 38 39 42 43 83 90 91 93 94 95
758 16 33 36 37 51 52
971 40 41 44 45 46 47 51 52
642 38 39 40 51 52 103
756 14 30 51 52 92 93 102 103
1114 3 4 26 27 51 52 92 93 102 103
905 16 24 26 27 49 51 52
807 38 39 51 52 53 54 98 101 106 107
1114 51 52 84 85 98 99 100 101
568 16 48 49 51 52 98 101
648 7 8 50 51 52 73 83 92 93
825 51 52 61 62 83 93 96 97
387 41 51 52 102 108 109
795 90 91 92 93 94 95 96 97 98 101
498 38 39 92 93 94 95 96 97 98 101
670 81 82 83 89 96 97
598 90 91 96 97 102 103
664 22 23 34 35 96 97
744 44 45 51 52 96 97
860 31 32 61 62 90 91 94 95 96 97
939 34 35 90 91 92 93 94 95 106 107
852 44 45 46 47 90 91 94 95 106 107
862 22 23 44 45 106 107
962 57 58 92 93 94 95
816 18 19 20 21 51 52 83 92 93
865 3 4 74 92 93 102
610 3 4 25 31 34 35 92 93
519 44 45 84 85 92 93
780 3 4 25 31 61 62 92 93
401 22 23 42 43 65 66
288 46 47 53 54 65 66 84 85
584 57 84 85 98 101 105
934 57 59 60 65 66 105
1050 31 32 42 43 53 54
643 31 32 90 91 94 95
746 31 32 34 35 59 60
621 31 32 61 62 106 107
684 31 32 42 43 53 54 65 66
836 3 4 25 31 44 45 51 52
609 25 31 69 83 89 90 91 93
812 31 33 49 50 51 52 68
725 31 32 53 54 59 60 61 62
697 31 32 48 49 50 59 60 65 66
850 42 43 92 93 102 103
364 34 35 42 43 57 58
765 42 43 44 45 90 91 92 93 94 95
735 31 32 42 43 53 54 61 62
763 31 32 42 43 48 49 50 65 66
682 38 39 48 49 50
632 28 31 48 49 50 51 52
484 7 8 16 33 48 49 68
735 7 8 48 49 50
621 33 36 37 50 51 52
512 31 49 50 51 52 55 56 65 66
734 40 41 108 109
1099 31 34 35 40 41 49 50 51 52
733 0 3 4 34 35 42 43
964 0 3 4 106 107
840 0 3 4 42 43 61 62
546 0 1 2 16 24 25
1028 0 33 50 68 69 73 92 93
1358 0 33 50 68
1137 0 24 28 57 105
384 0 16 24 49
695 0 7 8 16 24 49
602 0 16 24 49
947 0 69 73 77 78 79
909 0 7 8 50 96 97
977 0 7 8 24 25 50
637 0 16
943 0 50 57 105
935 0 3 4 44 45 59 60
579 0 24 25 31 32 50
585 0 7 8 16
908 17 18 31 32 53 54
1109 17 18 28 48 57 105
525 81 82
655 40 41 63 64 66 81 82 110
1104 81 82 102 103 106 107
723 81 82 108 109
422 12 13 26 27 50
917 12 13 38 39 110 111
623 12 13 69 74 93 102
890 3 4 5 6 44 45 46 47
598 42 43 98 101 104 105
619 34 35 42 43 104 105
901 3 4 42 43 74 90 91 102
832 31 32 42 43 61 62 90 91
657 24 25 48 49 50 90 91
613 15 16 29 48 49 90 91
723 25 28 31 48 69 90 91 93
660 46 47 48 49 50 90 91
556 36 37 38 39 50 70 90 91
690 40 90 91 92 93 103
787 14 30 31 32 90 91 110 111
868 24 26 27 32 50 73 90 91 92
1054 24 26 27 46 47 49 50 90 91
912 12 13 63 64 90 91 110 111
896 25 31 50 53 54 90 91
1097 25 31 69 90 91 93 98 101
1013 90 91 110 111 112 113
1046 66 90 91 98 101 106 107 110
1055 7 8 50 73 83 90 91
459 83 90 91 93 108 109
577 34 35 59 60 83 90 91 93
689 34 35 42 43 83 90 91 93
535 69 74 90 91 93 102
469 28 40 41 46 47 48 90 91
1108 40 41 44 45 46 47 92 93
754 24 26 27 46 47 49 50
594 42 43 46 47 66 110
790 14 30 38 39 83 89 90 91
890 38 39 55 56 90 91 110 111
562 8 16 33 36 37 51 52 71
266 40 41 51 52 102 103 104 105 108 109
971 40 41 44 45 51 52 57 58
646 40 50 51 52 74
770 14 30 51 52 69 73 83 93
872 3 4 26 27 51 52
1072 16 24 26 27 49 51 52
894 42 43 51 52 63 64 66 110
880 25 31 50 51 52 53 54
1117 25 31 51 52 69 93 98 101
986 51 52 110 111 112 113
619 51 52 66 98 101 106 107 110
840 7 8 50 51 52 73 83
744 51 52 83 93 108 109
414 50 51 52 74 102
452 83 86 87 88 89 112 113 114 115
724 31 32 34 35 48 49 50 112 113
780 3 4 31 44 45 49 112 113
731 92 93 96 97 98 99 100 101
868 31 32 94 95 96 97
407 66 90 91 94 95 96 97 110
747 7 8 50 73 83 96 97
689 86 87 88 96 97 110 111 114 115
828 31 32 34 35 90 91 96 97 110 111
760 22 23 44 45 96 97
1071 31 49 50 51 52 61 62 96 97
820 51 52 102 103 106 107 108 109
745 31 34 35 49 50 106 107
939 44 45 57 58 106 107
1035 31 32 44 45 106 107
869 84 85 92 93 94 95
940 3 4 7 8 73 83 92 93
871 18 19 20 21 51 52 83 92 93
633 16 18 26 27 42 52 83 92 93
502 50 51 52 74 92 93 102
616 31 32 34 35 92 93 94 95 96 97
846 44 45 46 47 92 93 94 95 96 97
576 31 32 61 62 92 93
922 22 23 55 56 65 66
947 31 32 65 66 84 85 90 91 110 111
761 31 32 34 35 84 85
599 42 43 57 83 89 90 91 105
794 40 41 57 65 66 105
933 31 32 94 95 106 107
699 31 32 66 90 91 94 95 110
1003 31 32 40 41 44 45 51 52
637 31 32 61 62 92 93 94 95 96 97
811 31 32 42 43 65 66 90 91 94 95
823 3 4 25 31 34 35 92 93
741 24 25 28 31 92 93
867 3 4 31 44 45 49 51 52
720 28 31 49 67 90 91
956 31 32 59 60 65 66 92 93 94 95
795 46 47 50 59 60 75 76
604 42 43 92 93 102 103 108 109
889 31 32 34 35 42 43 110 111 114 115
379 31 32 42 43 44 45 92 93 94 95
714 31 32 42 43 61 62 92 93 94 95
562 31 32 42 43 65 66 90 91 94 95
842 42 43 50 75 76
682 48 49 50 96 97
1017 3 4 34 35 42 43 48 49
727 24 25 38 39 48 49 50
881 28 38 39 48 49 67
819 36 37 50 51 52 70
552 16 48 49 55 56 65 66
279 40 41 86 87 88 90 91 110 111
910 31 32 34 35 40 41 51 52 110 111
819 22 23 40 41 44 45
1020 116 117 118 119 120 121
1099 0 3 4
438 0 3 4 108 109
595 0 1 2 77 78 79 120 121
883 0 1 2 24 28 31 32
552 0 1 2 16 24 25
450 0 33 50 68 92 93
692 0 16 33 68
961 0 24 28 38 39 92 93 94 95
754 0 16 24 25
764 0 46 47 69 89
1264 0 18 31 32 69 110 111 114 115
1219 0 7 8 46 47 50 55 56
854 0 7 8 77 78 79 120 121
1147 0 7 8 24 31 32 49 50
1286 0 40 41 46 47 50
702 0 28 31 50 92 93
825 0 3 4 34 35 42 43
742 0 24 32 108 109
974 0 24 28 31 32
35 0 77 78 79
655 17 18 31 32 110 111 114 115
735 3 4 17 18 31 32 34 35 48 49
722 17 18 38 39 48 49 50
1054 81 82
786 63 64 66 81 82 110
990 51 52 69 73 81 82 83 89
636 22 23 34 35 41 81 82 102
889 31 32 34 35 81 82
1104 12 13 26 27 50 120 121
426 12 13 31 49 50 98 101
761 12 13 51 52 110 111
39 12 13 57 83 89 105
628 12 13 69 74 93 102
837 5 6 50 51 52
530 3 4 5 6 31 32 34 35
713 104 105
671 3 4 74 102 104 105
706 40 41 44 45 46 47 104 105
764 3 4 31 49 66 110 114 115
889 59 60 66 83 93 110 114 115
664 74 77 78 79 102 114 115
827 3 4 31 44 45 49 114 115
558 34 35 106 107 114 115
524 59 60 65 66 114 115
1157 7 8 46 47 48 49 50
356 46 47 48 49 50 96 97
920 14 15 46 47 50 96 97
685 3 4 24 26 27 46 47 49
480 46 47 51 52 55 56 110 111
1168 38 39 40 103 104 105
643 38 39 51 52 53 54 55 56
123 38 39 53 54 84 85
755 38 39 42 43 53 54
828 38 39 51 52 55 56 110 111
566 16 33 36 37 49 51 52 67
839 40 41 51 52
1194 22 23 40 41 44 45 51 52
959 40 51 52 57 103 105
910 14 30 31 32 51 52 66 110
729 18 26 27 31 32 50 51 52 92
504 11 26 27 51 52 68
948 16 26 49 51 52 67 121
419 46 47 51 52 53 54 55 56
727 28 31 51 52 53 54 106 107
996 51 52 59 60 98 101
821 51 52 57 58 110 111
826 51 52 81 82 83 89
752 7 8 51 52 73 77 78 79 83
729 34 35 51 52 59 60 83 93
454 3 4 51 52 74 102
320 34 35 51 52 92 93 102 103 112 113
457 44 45 46 47 92 93 94 95 112 113
795 22 23 44 45 112 113
498 92 93 94 95 96 97
730 81 82 83 89 96 97
622 51 52 96 97 102 103
398 22 23 34 35 96 97
1086 44 45 51 52 96 97
860 3 4 31 49 61 62 96 97
850 81 82 83 86 87 88 89 106 107
939 44 45 46 47 106 107
1199 106 107 108 109
829 57 58 92 93 94 95
502 3 4 18 26 27 83 92 93
550 31 32 34 35 92 93 94 95 96 97
732 44 45 51 52 55 56 92 93
826 61 62 84 85 92 93
821 22 23 55 56 65 66
947 46 47 48 49 50 65 66 84 85
521 31 32 61 62 84 85
1048 34 35 42 43 57 105
440 31 32 53 54 106 107
718 31 32 94 95 106 107
933 31 32 92 93 94 95
587 31 32 34 35 106 107
339 31 32 44 45 84 85
807 31 32 40 41 65 66
814 25 31 40 50 51 52 92 93 103
710 3 4 24 25 31 49
461 3 4 31 49
1021 7 8 31 49 77 78 79
662 31 32 51 52 59 60 65 66 110 111
510 3 4 59 60 75 76
754 34 35 42 43 92 93
874 16 34 35 42 43 48 49
589 22 23 42 43 61 62
424 31 32 42 43 65 66
715 42 43 46 47 50 75 76
526 48 49 50 106 107
626 3 4 48 49 120 121
1171 24 32 48 49
956 24 25 31 32 48 49 50
339 3 4 24 25 48 49
966 16 48 49
818 16 33 36 37
804 55 56 65 66 92 93 94 95
326 22 23 34 35 40 41
673 40 41 44 45 46 47 92 93 94 95
567 31 32 40 41 61 62 92 93 94 95
605 31 40 41 49 50 65 66
391 14 30
834 14 15 24 32
895 26 27 31 32 50
550 3 4 26 27 33 68
369 26 27 77 78 79
884 55 56 63 64 66 110
808 40 41 51 52 53 54
558 42 43 53 54
668 16 33 36 37 51 52
796 33 36 37 38 39 50
644 16 36 37 51 52 70
736 0 3 4 44 45 46 47
812 0 3 4 51 52
713 0 3 4 44 45 46 47
701 0 1 3 4 70 122 123
708 0 1 16 50 122 124 125
811 0 1 3 4 116 117 122
488 0 1 16 33 49 67 68 122
710 0 1 33 50 68 122
761 0 1 24 31 32 49 50 122
340 0 1 29 30 122
907 0 1 2 24 32
872 0 1 2 3 4 7 8
771 0 16 26 27 33 50 51 52 68
546 0 7 8 16 33 68
472 0 33 50 51 52 68
692 0 24 28 46 47 92 93 94 95
1038 0 24 32 38 39 53 54
896 0 16 24 49
686 0 69 89 96 97
1034 0 18 31 32 69 110 111 114 115
1081 0 69 83 89 93 96 97
1275 0 7 8 18 31 32 50 92
1039 0 3 4 7 8 96 97 102 103
1262 0 7 8 16 24 25
911 0 7 8 9 10 11
976 0 38 39 40 41 50
920 0 50 84 85
1285 0 7 8 16 116 117
932 0 3 4 44 45 92 93
558 0 16 33 49 67 68
1011 0 24 25 50
757 0 24 28 92 93
967 0 3 4 7 8
898 17 18 31 49 50
678 17 18 31 49 50
422 1 17 18 46 47 48 49 50 122
934 17 18 46 47 48 49 50
930 17 18 26 27 50 92 93 120 121
966 81 82 84 85 98 101
1134 42 43 81 82 98 101
782 16 25 48 81 82 98 101
1128 40 41 51 52 81 82 83 89
1143 51 52 55 56 81 82 102 103
1020 40 41 66 81 82 110
949 44 45 81 82 84 85
558 11 12 13 26 27 123
598 12 13 16 48 49 98 101
727 12 13 19 20 21 51 52 110 111
961 12 13 51 52 69 73 83 89
566 3 4 5 6 7 8 51 52 102 103
725 5 6 36 38 39 50 51 52 126
790 3 4 5 6 51 52 102 103
440 5 6 51 52 69 83 89 93
817 84 85 98 101 104 105
878 98 101 104 105 106 107
248 44 45 104 105 106 107
630 40 41 66 110 114 115
589 83 93 108 109 114 115
825 40 41 65 66 83 93 114 115
533 74 77 78 79 102 114 115
455 44 45 84 85 114 115
577 102 103 104 105 114 115
845 61 62 92 93 114 115
336 3 4 44 45 46 47 48 49 96 97
781 28 46 47 48 96 97
864 40 41 44 45 46 47 92 93
895 26 27 46 47 50 106 107
579 46 47 53 54 106 107
931 14 30 46 47 66 110
824 38 39 40 103 104 105
1075 38 39 40 41 51 52 53 54
433 38 39 92 93 94 95
780 38 39 83 84 85 89
947 36 37 51 52 69 70 93
297 16 36 37 51 52 70
697 40 41 44 45 46 47 51 52
539 38 39 40 41 51 52 110 111 127 128
594 31 32 40 41 51 52 61 62
642 26 27 46 47 50 51 52
454 26 27 51 52 77 78 79 120 121
895 24 26 27 46 47 49 50 51 52
959 16 26 51 52 121
923 38 39 51 52 53 54 98 101 106 107
727 42 43 51 52 53 54
844 48 49 50 51 52 98 101
1012 19 20 21 51 52 96 97 110 111
697 51 52 81 82 83 89
889 7 8 51 52 73 77 78 79 83
961 34 35 51 52 83 84 85 93
1016 50 51 52 74 92 93 102
616 34 35 92 93 102 103 112 113 114 115
771 44 45 46 47 92 93 94 95 112 113
943 44 45 46 47 112 113
737 16 48 49 96 97 98 101
902 3 4 31 49 66 96 97 110
254 38 39 83 93 94 95 96 97
1057 31 32 34 35 92 93 94 95 96 97
466 34 35 36 51 52 96 97 126
622 51 52 61 62 92 93 96 97 102 103
627 11 122 123 124 125 129
623 11 68 124 125
726 16 124 125
997 81 82 83 86 87 88 89 106 107
1016 83 86 87 88 89 106 107 114 115
542 34 35 36 51 52 106 107 126
1214 51 52 106 107 110 111 127 128
1050 92 93 94 95 106 107
480 18 26 27 50 83 92 93
696 34 35 92 93 96 97
845 44 45 46 47 55 56 92 93
524 24 25 31 32 44 45 92 93
922 3 4 22 23 25 31 65 66
1057 31 32 65 66 84 85 92 93 94 95
825 34 35 84 85 92 93
794 57 83 89 105 114 115
1149 40 41 57 65 66 105
847 31 32 110 111 112 113
1003 31 32 34 35 48 49 50 51 52
724 31 32 61 62 92 93 94 95 96 97
774 31 32 65 66 92 93 94 95
850 1 25 31 50 122
859 24 25 28 31 92 93
960 3 4 31 34 35 42 43 49
720 7 8 31 49 50
956 16 48 49 59 60 61 62
2884 31 32 53 54 59 60 65 66
594 42 43 69 74 93 102
881 31 32 34 35 42 43 110 111 114 115
852 31 32 42 43 44 45 92 93 94 95
817
766 0 3 4 42 43 65 66
247 0 3 4 92 93 102 103
662 0 1 11 122 123 130 131
1033 0 1 40 41 122 123 132 133
476 0 1 16 33 50 122 134 135
578 0 1 3 4 122
1133 0 1 31 49 50 122 133
819 0 1 16 48 49 122 133
794 0 1 55 56 122 133
740 0 1 3 4 24 49 122
1012 0 1 16 33 122 131
852 0 1 2 77 78 79 120 121
976 0 1 2 28 48 112 113 133
976 0 1 2 7 8 46 47 50
890 0 1 28 67 92 93 122
811 0 1 11 33 68 122 123
271 0 16 33 49 67 68
786 0 16 33 49 67 68
829 0 3 4 68 70
901 0 50 130 133 134 135
848 0 16 132 133 134 135
1114 0 3 4 25 31 133
1168 0 16 28 48 124 125 133
551 0 16 48 49 131 132 133
1056 0 24 25 28 31 50
521 0 24 25 69 93
784 0 69 89 112 113
561 0 18 31 32 69
761 0 31 32 69 93 94 95
1081 0 7 8 31 32 50
917 0 7 8 11 33 68 123
955 0 7 8 55 56 133
668 0 7 8 24 49 133
1018 0 7 8 9 10 11
1190 0 33 38 39 50 131
1073 0 50 131 132
890 0 36 38 39 50 96 97 126
1051 0 16 50 132 134 135
656 0 69 93 120 121
897 0 1 50 122
840 0 3 4 33 68
1006 0 28 31 106 107 133
957 0 40 41 133
696 0 24 32 38 39 94 95
697 0 3 4 24 49
420 0 7 8 50
912 0 3 4 131 132
500 17 18 46 47 50 132 134 135
496 3 4 17 18 26 27 31 49 133
765 17 18 46 47 48 49 50
696 1 17 18 48 49 122 133
503 17 18 28 48 51 52
773 17 18 36 126
743 3 4 17 18 26 27 51 52 102 103
606 16 17 18 26 27
926 40 41 66 81 82 110
771 66 81 82 98 101 106 107 110
549 66 81 82 84 85 98 101 110
619 7 8 73 77 78 79 81 82 83
838 41 81 82 102 108 109
1030 34 35 81 82 84 85
952 12 13 26 27 31 32 50
666 12 13 26 27 51 52 123 126 136
765 12 13 48 49 50 51 52 98 101
440 12 13 16 26 27 51 52 110 111
1117 12 13 19 20 21 83 89 114 115
898 5 6 7 8 50 120 121
879 5 6 7 8 11 123 135 136
847 5 6 46 47 50
422 5 6 28 31 50 92 93
724 1 3 4 5 6 122
809 5 6 26 27 50 133
336 5 6 7 8 50 51 52
919 42 43 98 101 104 105
726 46 47 94 95 104 105
559 31 32 61 62 104 105
880 42 43 66 110 114 115
845 16 18 26 27 83 114 115
685 11 74 102 114 115 131
457 44 45 57 105 114 115
481 59 60 66 110 114 115
1104 44 45 96 97 114 115
663 46 47 48 49 50 51 52 116 117
911 46 47 48 49 50 51 52 131 132
469 28 46 47 48 106 107
423 28 46 47 48 106 107
391 3 4 40 41 46 47 48 49 61 62
547 26 27 46 47 50 92 93 116 117
889 42 43 46 47 53 54
445 3 4 36 37 38 39 130 131 132
663 36 38 39 42 43 126
615 14 30 38 39 51 52 110 111
698 38 39 84 85 98 101
471 38 39 81 82 83 89
657 36 37 38 39 50 51 52 130
331 3 4 36 37 51 52 70
935 25 31 36 50 51 52 126
696 34 35 40 41 51 52 92 93
641 40 41 44 45 51 52 57 105
503 40 51 52 103 104 105
908 16 40 51 52 74 131 132
971 14 15 31 32 50 51 52
959 16 26 27 50 51 52 70 134 135
300 3 4 26 27 33 51 52 68
701 16 26 27 48 49 51 52 133
872 16 24 26 27 49 51 52
1143 16 26 49 51 52 67 121
487 46 47 51 52 53 54
959 24 25 31 32 51 52 53 54
798 25 31 51 52 69 93 98 101
956 38 39 40 41 51 52 110 111
969 51 52 59 60 66 110
730 19 20 21 51 52 83 89 96 97
889 18 38 39 48 49 50 51 52 83
917 42 43 51 52 61 62 83 93
910 51 52 74 77 78 79 102
127 31 32 34 35 53 54 112 113
452 44 45 46 47 92 93 94 95 112 113
325 31 32 44 45 92 93 94 95 112 113
887 31 44 45 49 50 112 113
829 96 97
684 31 32 94 95 96 97
503 83 89 96 97 114 115
859 50 74 96 97 102
582 34 35 57 58 96 97
635 44 45 46 47 48 49 50 51 52 96 97
558 31 32 61 62 96 97
675 38 39 96 97 110 111 127 128
668 1 50 51 52 122 124 125
780 28 48 51 52 124 125 133
852 7 8 9 10 11 124 125
633 0 3 4 31 32 44 45
636 0 3 4 51 52
755 0 3 4 34 35 59 60
660 0 1 11 122 123 130 131
761 0 1 3 4 122 123 132
638 0 1 11 36 50 51 52 122 135
650 0 1 16 50 122 132 134 135
610 0 1 3 4 120 121 122
1023 0 1 16 122 132 133 134 135
1102 0 1 16 48 49 122 131 132 133
650 0 1 94 112 113 122 133 137
663 0 1 24 46 47 49 50 122
868 0 1 24 28 31 32 122
977 0 1 16 24 25 122
413 0 1 51 52 122 123 126 136
818 0 1 2 33 38 39 50 68
682 0 1 2 28 38 39 40 41 48 133
685 0 1 2 51 52 69 89
902 0 1 11 122 123
929 0 19 20 21 33 50 68 92 93
441 0 7 8 33 50 68
313 0 16 33 68
1037 0 28 33 67 68 92 93
758 0 38 39 50 68 70
866 0 3 4 130 131 132 133 134 135
861 0 16 70 133 134 135
1018 0 28 31 112 113 133
938 0 59 60 61 62 92 93 133
992 0 42 43 61 62 92 93 133
1071 0 28 48 57 133 138
436 0 34 35 40 41 92 93 133
755 0 22 23 24 28
873 0 24 32 92 93 94 137
989 0 11 24 25 123
680 0 51 52 69 89
521 0 24 25 69 73 133
725 0 18 31 32 48 49 50 69
745 0 59 60 69 93 94 137
721 0 7 8 36 42 43 50 51 52 126
358 0 7 8 31 32 50
907 0 7 8 33 50 68
1066 0 7 8 48 49 50 133
997 0 7 8 24 25 50 92 93
658 0 7 8 11 123
1204 0 50 51 52 130 131
1054 0 7 8 16 33 131
1106 0 50 92 93 131 132
851 0 36 38 39 50 51 52 126
1016 0 50 112 113
1157 0 50 92 93 139 140 141
1083 0 46 47 50 116 117
1080 0 3 4 34 35 92 93
962 0 1 50 51 52 122
902 0 33 68 69 93
1114 0 28 31 40 41 51 52 133
1358 0 28 40 41 48 51 52 133
923 0 53 54 133
886 0 24 32 38 39 94 137
924 0 24 25 69 93
957 0 16 24 49
813 0 69 93 94 96 97 137
369 0 69 93 94 106 107 137
410 0 7 8 50 96 97
635 0 3 4 131 132
790 11 17 18 19 20 21 36 51 52 135
575 16 17 18 132 134 135
935 17 18 31 49 50 51 52
760 17 18 28 31 92 93
873 17 18 19 20 21 48 49 50 51 52
926 17 18 48 49 133
550 17 18 28 48 57 105
814 17 18 36 37 38 39 50 132
434 17 18 26 27 50 120 121
1025 11 17 18 26 27 123 135 136
982 3 4 25 31 66 81 82 110
947 16 26 27 51 52 81 82 83 89
697 51 52 81 82 102 103
982 42 43 81 82 98 101
553 44 45 51 52 81 82
608 42 43 81 82 127 141
481 12 13 26 27 51 52 53 54 133
636 12 13 69 73 92 93 98 101
513 12 13 94 95 128 139 140
519 12 13 36 38 39 51 52 94 126 137
490 12 13 94 128 137 139 140
767 12 13 51 52 110 111
1032 12 13 81 82 83 89
821 12 13 102 103 104 105
1479 3 4 5 6 7 8 31 49 133
956 1 2 5 6 118 119 133
903 5 6 16 26 27 50 51 52
588 3 4 5 6 120 121
548 5 6 11 68
979 5 6 11 26 27 123 133
719 5 6 7 8 50
759 25 31 50 51 52 98 101 104 105
864 84 85 98 101 104 105
802 104 105 108 109
835 104 105 128 137 139 140 142
727 31 49 55 56 66 110 114 115 133
625 16 18 48 49 83 114 115
1047 34 35 59 60 83 93 114 115
637 34 35 42 43 83 93 114 115
1056 41 61 62 92 93 102 114 115
443 16 44 45 70 114 115 134 135
360 55 56 66 110 114 115
680 44 45 114 115 138 143
737 55 56 65 66 114 115
675 24 25 46 47 48 49 50 51 52
372 28 46 47 48 84 85
502 40 41 46 47 48 49 50 51 52 61 62
632 26 27 46 47 50 51 52 116 117
658 46 47 53 54 84 85
481 46 47 94 112 113 137
920 46 47 59 60 66 110
629 36 37 38 39 50 51 52 70
916 38 39 40 41 110 111 114 115 127 128
450 38 39 53 54
587 38 39 48 49 50 98 101
1165 38 39 51 52 53 54 94 106 107 137
223 38 39 48 49 94 133 137
191 38 39 83 89 114 115
958 36 37 51 52 69 93 130 131 132
814 16 33 36 37 51 52
827 36 51 52 96 97 126
596 51 52 55 56
473 16 34 35 40 41 48 49 51 52
910 40 41 48 49 50 51 52 61 62
648 40 51 52 103 105 143
776 0 3 4 34 35 92 93
835 0 3 4 81 82
1002 0 3 4 108 109
782 0 3 4 128 137 139 140 142
247 0 3 4 31 32 137 142
778 0 1 50 70 92 93 122 123
1039 0 1 40 41 46 47 50 122
713 0 1 28 31 50 106 107 122
693 0 1 3 4 122
801 0 1 25 31 122 133 144
757 0 1 16 25 48 122 133
822 0 1 24 25 50 92 93 122
562 0 1 31 32 53 54 122 144
828 0 1 24 32 122 131 132
575 0 1 2 50 120 121
271 0 1 2 28 31 96 97 133
824 0 1 2 69 93
929 0 1 2 7 8 77 78 79
770 0 33 50 57 68 105
670 0 16 33 68 131 132
659 0 28 38 39 67 68 130
1041 0 33 38 39 50 68
909 0 11 68
722 0 16 130 131 132 133 134 135
1018 0 38 39 50 132 133 134 135
683 0 25 31 133 144
1114 0 38 39 42 52 110 111 133
1168 0 3 4 25 28 31 48 133
1000 0 34 35 40 41 92 93 133
1081 0 3 4 24 25 28 31
725 0 24 25 69 93
750 0 69 89 112 113
754 0 16 18 33 69 134 135
582 0 11 18 36 69 135
763 0 3 4 26 121 144 145 146
965 0 7 8 50 57 58
764 0 7 8 77 78 79 120 121
735 0 3 4 7 8 31 49 133
1019 0 7 8 48 49 133 144
1066 0 7 8 16 48 49 133
997 0 7 8 24 31 32 49 50
827 0 7 8 123 126 136
1031 0 50 92 93 130 131
867 0 7 8 16 33 131
915 0 50 92 93 131 132
914 0 36 38 39 42 43 50 126
976 0 50 57 138
1054 0 28 31 50 84 85
901 0 50 96 97 120 121
1057 0 1 28 46 47 67 122
1130 0 16 33 49 67 68
1019 0 25 31 69 93 133
1050 0 16 48 49 131 132 133
956 0 11 26 27 123 133
1223 0 24 32 44 45 92 93
1164 0 24 49 133
1080 0 69 73 83 93 144
618 0 31 32 53 54 144
578 0 44 45 92 93 144
938 0 7 8 55 56 133
825 0 126 131 136
935 17 18 128 139 140
724 17 18 31 49 133
930 17 18 48 49 50 128 139 140
862 7 8 17 18 48 49 50
856 3 4 17 18 48 49
773 3 4 17 18 36 37 132
633 17 18 36 37 69 93 132
917 17 18 26 27 31 49 50 133
1048 81 82 98 101 106 107
947 66 81 82 98 101 106 107 110
763 14 15 16 18 81 82 83
1143 42 43 81 82 98 99 100 101
987 34 35 42 43 81 82
953 42 43 81 82 127 141
500 12 13 26 27 123 126 136
856 12 13 16 48 49 98 101
1041 12 13 31 49 94 133 137
852 12 13 81 82 83 89
864 3 4 5 6 7 8 120 121
961 3 4 5 6 118 119
564 5 6 19 20 21 50 92 93
710 3 4 5 6 44 45 92 93
965 5 6 7 8 16 48 49 133
668 5 6 7 8 31 32 50
646 14 15 16 18 83 104 105
874 38 39 40 41 94 104 105 137
623 31 32 44 45 104 105
336 3 4 46 47 48 49 116 117
1100 29 30 46 47 48 49
826 34 35 40 41 46 47 48 49 50
837 3 4 46 47 147 148
418 46 47 53 54 112 113
538 46 47 106 107 110 111
931 36 37 38 39 132 144
1177 3 4 38 39 40 74
680 38 39 98 101 106 107
533 38 39 42 43 94 137
1064 38 39 83 84 85 89
1075 16 36 37 51 52 130
882 16 36 37 51 52 70 131 132
817 3 4 25 31 36 51 52 126
331 16 36 51 52 132 135
1000 16 33 36 37 51 52
673 31 32 34 35 40 41 48 49 50 51 52
643 31 40 41 49 50 51 52 61 62
682 40 51 52 103 104 105
705 7 8 16 40 51 52 74
1111 14 15 50 51 52
914 46 47 50 51 52 147 149
509 16 26 27 51 52 144 147 148
536 3 4 26 27 51 52 116 117
248 16 26 27 33 51 52 68
885 16 25 26 27 48 51 52 133
725 3 4 24 26 27 49 51 52
507 26 27 51 52 96 97 123 126 136
780 40 41 51 52 63 64
659 40 41 46 47 51 52 53 54
750 51 52 53 54 139 141 150
388 51 52 92 93 98 101
1021 48 49 50 51 52 96 97 98 101
934 36 38 39 51 52 94 126 137
1143 31 32 51 52 66 94 96 97 110 137
702 51 52 94 128 137 139 140
776 31 32 51 52 55 56 66 94 110 137
1083 48 49 51 52 55 56 94 133 137
902 38 39 40 41 51 52 110 111
825 31 32 51 52 66 94 106 107 110 137
1149 51 52 63 64 66 110
1062 51 52 83 89 106 107
663 16 18 33 51 52 83 134 135
543 51 52 83 93 94 96 97 137
894 40 41 51 52 65 66 83 93
835 51 52 74 102 144
620 0 3 4 44 45 59 60
755 0 3 4 128 139 140
790 0 3 4 31 32 44 45
761 0 1 33 50 92 93 122 123
772 0 1 28 46 47 48 50 96 97 122
443 0 1 16 50 122 132 134 135
1102 0 1 50 92 93 120 121 122
637 0 1 16 122 132 133 134 135
1012 0 1 28 48 112 113 122 133
1142 0 1 122 144
1019 0 1 16 24 25 122
732 0 1 46 47 50 122 131 132
924 0 1 28 67 92 93 122
340 0 1 2 16 33 68
775 0 1 2 24 28 92 93
827 0 1 2 7 8 59 60 133
890 0 1 71 72 122 144
672 0 7 8 16 33 68
633 0 68 69 93 130 131 132
727 0 33 68 69 71 72 93
1037 0 3 4 68 70
665 0 28 38 39 67 130 133 134 135
417 0 3 4 33 133 134 135
857 0 7 8 16 33 133 134 135
839 0 28 31 112 113 133
1088 0 14 30 42 52 133
971 0 28 48 112 113 133
995 0 16 25 26 27 48 133 144
824 0 24 28 105 143
886 0 24 32 34 35 92 93
363 0 24 31 32 49 50
937 0 57 69 89 138
725 0 18 31 49 50 69
630 0 69 93 94 106 107 137
716 0 7 8 46 47 50
859 0 7 8 50 116 117
977 0 7 8 33 50 68
896 0 7 8 48 49 50 96 97 133
1396 0 7 8 24 25 133
1291 0 7 8 11 131 135 136
1226 0 50 130 131
658 0 33 50 128 131 139 140
845 0 16 70 131
909 0 46 47 50 55 56
1161 0 18 31 32 50 92
1024 0 31 32 50
770 0 7 8 16 148 151
825 0 3 4 31 32 44 45
1097 0 1 77 78 79 122
1364 0 16 132 133 134 135
964 0 48 49 50 96 97 133
1065 0 26 27 50 96 97 133
982 0 42 43 94 133 137
988 0 16 24 25
1067 0 16 24 49 131 132
1128 0 11 24 49 123
1486 0 46 47 69 93 137 142
696 0 46 47 94 137 144
828 0 61 62 92 93 144
650 0 7 8 24 32
659 0 16 33 131
1453 17 18 46 47 50 132 134 135
707 7 8 17 18 31 49 50
280 3 4 17 18 48 49 120 121
503 3 4 7 8 17 18 48 49
770 16 17 18 48 49
698 3 4 17 18 26 27 120 121
748 81 82 98 99 100 101 106 107
980 40 41 66 81 82 110
886 69 73 81 82 83 89 96 97
385 3 4 74 81 82 102
1143 81 82 98 99 100 101 106 107
802 34 35 59 60 81 82
513 59 60 81 82 127 141
691 11 12 13 26 27 123
620 12 13 16 48 49 98 101
978 3 4 12 13 31 49 94 137
723 12 13 81 82 83 89
676 5 6 7 8 50 92 93 120 121
960 3 4 5 6 118 119 120 121
738 5 6 50 57 58
699 3 4 5 6 44 45 46 47
790 3 4 5 6 48 49 133
394 5 6 7 8 50 92 93
440 16 18 26 27 42 52 83 104 105
638 40 41 46 47 94 104 105 137
893 44 45 104 105 106 107
701 46 47 48 49 50
983 3 4 46 47 48 49 131 132
1030 34 35 40 41 46 47 105 143
459 46 47 69 93 147 149
810 26 27 29 30 46 47
532 46 47 94 106 107 137
916 42 43 46 47 66 94 110 137
953 38 39 40 41 92 93 127 141
533 38 39 133 147 148
1075 38 39 92 93 98 101
717 38 39 48 49 94 133 137
1058 18 38 39 48 49 50 83
123 28 33 36 37 38 39 51 52 67
800 16 36 37 51 52 70
837 25 31 36 51 52 126 144
828 31 32 51 52 55 56 65 66
749 40 41 51 52
507 34 35 36 40 41 51 52 126
611 31 32 40 41 48 49 50 51 52 61 62
902 40 51 52 57 103 105
645 22 23 34 35 40 41 51 52
685 3 4 14 15 51 52
503 3 4 51 52 147 149
697 26 27 46 47 50 51 52 55 56
977 26 27 51 52 144 148 151
1009 26 27 33 50 51 52 68 92 93
907 3 4 26 27 33 51 52 68
818 26 27 48 49 51 52 133 144
693 16 24 25 26 27 51 52
763 16 26 27 51 52 70 131
619 11 26 51 52 117 121 123 152
719 51 52 55 56 63 64 66 110
687 11 36 51 52 135 153 154
754 51 52 61 62 82 92 93 153
629 16 51 52 53 54 124 125
968 28 31 51 52 53 54 112 113
666 3 4 25 31 51 52 98 101
894 46 47 51 52 53 54 94 137
778 38 39 51 52 53 54 94 106 107 137
959 51 52 94 106 107 137
836 51 52 94 96 97 137 139 141 150
864 31 49 51 52 94 133 137
473 16 36 37 51 52 70 94 137
744 19 20 21 51 52 96 97 110 111
803 24 25 31 32 51 52 66 110
830 51 52 66 84 85 98 101 110
277 0 3 4 81 82
766 0 3 4 96 97 102 103
913 0 3 4 127 141 155 156
1225 0 1 33 122 123 133
803 0 1 46 47 50 122
605 0 1 16 33 50 122 134 135
584 0 1 16 122 148 151
762 0 1 16 68 122 132
725 0 1 82 122 133 157
783 0 1 53 54 112 113 122 133
1085 0 1 3 4 24 25 122
1315 0 1 24 25 122 133
488 0 1 46 47 94 122 137 144
901 0 1 122 131 132 133
708 0 1 16 49 67 122
749 0 1 2 11 68
1013 0 1 2 24 32
1090 0 1 2 7 8 50 92 93
1087 0 1 74 77 78 79 80 122
1237 0 1 33 50 68 122
727 0 16 33 68 131 132
363 0 7 8 16 68 130
726 0 8 16 68 70 71
365 0 68 69 93 132
785 0 7 8 16 33 133 134 135
906 0 28 31 112 113 133
667 0 59 60 65 66 133 157 158
817 0 133 154 157
1019 0 61 62 82 133 155 156 157
546 0 25 28 31 48 133 144
962 0 6 7 8 50 133 155
1000 0 11 24 28 36 38 39 135
998 0 24 32 38 39 110 111
886 0 16 24 49
874 0 16 69 89 124 125
960 0 16 18 69 70 134 135
751 0 16 18 33 36 37 69
735 0 69 74 77 78 79 93 102
428 0 7 8 50 112 113
775 0 7 8 31 32 50 116 117
859 0 7 8 33 50 68 92 93
1066 0 7 8 82 133 157
977 0 7 8 24 32
1007 0 7 8 46 47 110 111 144
1145 0 7 8 11 131 135 136
832 0 7 8 16 33 131
1078 0 50 130 131
915 0 33 50 92 93 131
1074 0 69 70 93 131
822 0 28 46 47 48 50 112 113
1031 0 50 58 143
929 0 50 96 97 139 141 150
1035 0 3 4 116 117
965 0 3 4 96 97 102 103
656 0 1 46 47 50 122
827 0 33 38 39 50 68
921 0 31 49 133 144
1019 0 7 8 16 48 49 133
1038 0 40 41 133
786 0 53 54 106 107 133
1110 0 24 32 38 39 137 142
1106 0 24 49 133
702 0 69 83 89 93 96 97
766 0 26 27 133 144 157 158
369 0 38 39 83 89 144
578 0 31 32 137 142 144
740 0 77 78 79
916 0 11 123
1068 16 17 18 132 134 135
1180 17 18 31 49 133
697 17 18 82 157 159 160
425 1 17 18 31 32 48 49 50 122
734 17 18 28 48 57 58
956 16 17 18 36 37 132
1033 3 4 17 18 26 27 31 49 133
895 42 43 81 82 98 99 100 101
1126 25 31 66 81 82 110 144
992 38 39 40 41 81 82 83 89
771 16 18 26 27 81 82 83
977 81 82 102 103 112 113
373 81 128 139 140 154
937 59 60 66 81 82 110
576 34 35 81 82 84 85
655 31 32 81 82 137 142
1132 12 13 26 27 133 157 158
634 12 13 82 98 99 100 101 157
824 12 13 92 93 94 137
952 12 13 38 39 110 111
833 12 13 83 93 161 162
715 5 6 7 8 82 133 157
903 5 6 118 119 133 157 158
755 5 6 50 92 93 139 140 141
812 1 5 6 11 122 123 135 136
821 5 6 38 39 48 49 50 133
614 5 6 7 8 50
946 25 31 98 101 104 105 144
549 74 102 104 105 144
1089 42 43 94 104 105 137
673 44 45 84 85 104 105
281 31 32 65 66 104 138
471 7 8 46 47 48 49 50 96 97
904 46 47 48 49 144
237 14 15 46 47 50
837 3 4 26 27 46 47
985 46 47 53 54
668 46 47 48 49 94 137 144
1074 38 39
753 36 38 39 106 107 126
1109 38 39 40 41 92 93 127 141
212 38 39 53 54 82 153
70 38 39 98 101 157 158
663 38 39 48 49 59 60 94 133 137
883 38 39 83 89 106 107
581 51 52
809 51 52 155 156
718 3 4 51 52 74 102 155 156
914 31 34 35 49 50 51 52 155 156
1099 31 32 44 45 51 52 155 156
959 51 52 69 73 92 93 127 141 155 156
654 27 50 51 52 92 93 120 121 155
540 16 25 27 48 51 52 133 155
852 11 27 51 52 123 155
1075 16 49 51 52 67 121 155
862 28 36 37 38 39 51 52 67 130
560 3 4 36 37 51 52 70 145 146
788 36 38 39 51 52 126 155 156
1029 16 33 36 51 52 135
914 31 34 35 40 41 49 50 51 52
617 31 32 40 41 44 45 51 52
807 40 41 51 52 69 73 92 93 127 141
579 11 40 51 52 74 131
514 40 41 51 52 65 66 157 158
647 14 15 51 52 133 155 156
560 24 32 51 52 147 149
650 0 3 4 38 39 83 89
572 4 74 77 78 79 102 163
514 4 18 83 86 87 88 163
743 4 34 35 154 157 163
619 4 17 18 31 32 44 45 163
737 0 3 4 137 142 164 165
718 4 65 66 163 164 165 166 167
553 4 65 66 155 156 163
547 0 4 24 32 163
745 4 17 18 28 31 163
555 4 46 47 48 163 168
643 4 38 39 153 154 163
687 0 4 96 97 133 163
667 4 128 139 140 163
562 0 3 4 59 60
670 4 36 126 163
744 59 60 133 163 169
789 24 32 66 110 163 169
1200 53 54 144 163 169
809 11 123 163 169
862 0 3 4 96 97 102 103
435 0 3 4 61 62 155 156
777 0 3 144 169
942 0 1 33 50 122 123
649 0 1 55 56 122 123 132 133
518 0 1 36 50 51 52 96 97 122 126
757 0 1 50 84 85 122
772 0 1 31 32 50 116 117 122
638 0 1 122 144 148 151
605 0 1 16 122 131 132 148 151
657 0 1 33 50 68 92 93 122
1096 0 1 31 49 122 133 144
787 0 1 16 48 49 122 131 132 133
807 0 1 53 54 112 113 122 133
1123 0 1 11 24 32 117 122 123 161
1013 0 1 16 24 49 122
812 0 1 94 122 137 144 164 165
681 0 1 122 137 142 144 164 165
1085 0 1 16 122 131 132
1091 0 1 28 31 32 67 122
871 0 1 2 7 8 16 33 68
708 0 1 2 4 133 163
847 0 1 2 16 26 27 133
577 0 1 2 31 32 69 89
685 0 1 2 7 8 40 41 133
1090 0 1 74 77 78 79 80 122
1025 0 28 31 33 50 68 92 93
1498 0 7 8 33 50 51 52 68
1008 0 16 33 68
645 0 7 8 16 68 130
633 0 16 68 130 131 132
331 0 16 33 68
631 0 38 39 50 68 132
656 0 3 4 130 133 134 135
758 0 3 4 70 133 134 135
709 0 28 31 51 52 133
662 0 31 133 144 163 168 169
559 0 31 53 54 112 113 133 168
608 0 59 60 61 62 92 93 133
402 0 4 40 41 65 66 133 163
631 0 38 39 42 52 53 54 133
800 0 82 133 153 154 157
965 0 51 52 82 133 137 142 157
904 0 28 48 96 97 133
736 0 31 48 49 50 51 52 133 168
834 0 25 48 50 51 52 133
677 0 7 8 16 48 49 133
728 0 40 41 61 62 92 93 133
919 0 24 28 46 47 92 93 94 95
1114 0 4 24 28 163
313 0 3 4 24 31 49 168
1213 0 24 36 51 52 126 168
755 0 11 24 32 117 123 161
746 0 24 25 69 93
998 0 69 81 82 89
793 0 40 41 51 52 69 89
1052 0 24 25 69 73 133
734 0 3 4 18 31 49 69
701 0 16 18 36 37 69 70
610 0 69 83 89 93 114 115
1078 0 42 43 69 93 127 141
745 0 7 8 36 50 51 52 126 155 156
824 0 7 8 50 57 138
764 0 7 8 50 51 52 120 121
773 0 7 8 16 68 70
761 0 7 8 48 49 50 133
977 0 7 8 42 43 53 54 133
873 0 7 8 24 31 32 49 50
909 0 7 8 31 32 144 166 167
975 0 7 8 42 43 123 126 136
499 0 50 130 131
924 0 33 131 164 165 168 170
1232 0 31 32 70 131 168 170
1031 0 50 131 132 164 165
658 0 46 47 50
1168 0 11 36 38 39 50 135
1177 0 50 51 52 155 156
906 0 50 57 138
992 0 31 32 50
964 0 50 116 117 164 165
907 0 120 121 144
1019 0 3 4 44 45 164 165
773 0 1 50 96 97 122
1031 0 33 50 68
1062 0 33 50 51 52 68
1351 0 33 50 68 92 93
1236 0 31 49 50 96 97 133
926 0 42 43 44 45 92 93 133
942 0 28 48 51 52 133 155 156
971 0 16 27 133 155
1020 0 133 153 158
984 0 94 106 107 133 137
996 0 24 32 65 66 157 158
973 0 24 31 32 49 50
1007 0 69 93 94 95 164 165
1014 0 55 56 69 93 159 160
1119 0 26 27 133 144
926 0 51 52 94 137 144
1184 0 144 159 160
767 0 38 39 137 142 144
681 0 7 8 133 155 156
566 0 131 132 133 157 158
749 0 31 32 168 170 171 172
789 4 17 18 139 140 141 163
1115 17 18 50 51 52 132 134 135
886 17 18 31 32 92 93 94 95
939 17 18 31 49 82 133 157
744 17 18 31 48 49 50 51 52 168
845 17 18 31 49 133
577 7 8 16 17 18 163 169
703 16 17 18 26 48 49 50 51 52 121
803 1 17 18 48 49 50 51 52 122
683 7 8 17 18 48 49 50 164 165
611 17 18 31 32 48 168
569 4 18 19 20 21 83 163
520 4 31 32 163 173 174
677 4 51 52 102 103 155 156 163
581 4 17 18 161 162 163
566 4 17 18 31 32 34 35 163
574 0 4 44 45 51 52 133 155 156 163
619 4 31 44 45 49 133 163
737 0 3 4 31 32 137 142
593 0 3 4 65 66 164 165
737 4 36 65 66 126 163
716 0 4 24 32 163
503 4 17 18 28 31 163
566 0 3 4 175 176 177 178
551 4 38 39 155 156 163
731 4 38 39 40 41 163
490 0 3 4 38 39 179 180
865 4 34 35 40 41 51 52 163
652 4 96 97 98 101 163
721 4 61 62 92 93 163
825 4 31 32 53 54 163
699 4 42 43 163
891 4 26 27 133 163
739 48 133 163 168 169
671 24 32 65 66 163 169
739 18 83 144 163 169
827 16 163 169
802 161 162 181 182 183 184
734 31 32 61 62 181 182 183 184
1124 175 176 177 178 181 182 183 184
597 73 77 78 79 83 90 91
696 0 3 4 164 165 173 174
644 0 3 4 44 45 51 52 155 156
941 0 3 133 169
755 0 1 28 67 90 91 122 123 130
990 0 1 50 51 52 122 123 132 155 156
565 0 1 28 46 47 48 50 51 52 122
541 0 1 50 112 113 122
560 0 1 16 50 122 132 134 135
548 0 1 116 117 122 133
659 0 1 3 4 51 52 102 103 122
476 0 1 25 31 50 51 52 122 133
594 0 1 31 49 50 51 52 122 133 155 156
617 0 1 31 49 50 96 97 122 133
578 0 1 48 49 50 122 133
693 0 1 55 56 122 133
826 0 1 53 54 96 97 122 133
735 0 1 24 32 51 52 94 122 137
1224 0 1 3 4 24 49 122
654 0 1 31 32 53 54 122 144
782 0 1 51 52 83 89 122 144
868 0 1 31 32 50 122 131 132
1036 0 1 11 122 123
815 0 1 2 50 51 52 120 121 155 156
710 0 1 2 28 31 90 91 133
505 0 1 2 16 26 27 42 52 133
636 0 1 2 16 25 48 133
713 0 1 2 42 43 69 89 90 91
512 0 1 2 3 4 7 8
1025 0 1 16 122 171 172
976 0 33 50 51 68 90 91 174
595 0 1 16 33 49 67 68 122
1099 0 33 50 51 52 68 131 132
551 0 16 68 130 131 132
650 0 16 33 49 67 68
633 0 16 68 70
807 0 50 68 92 93 132
728 0 28 33 38 39 67 133 134 135
805 0 33 50 51 52 133 134 135
1051 0 3 4 33 133 134 135
868 0 132 133 134 135 144
669 0 28 31 90 91 133 155 156 167 179
758 0 28 31 40 41 51 52 133 167 179
572 0 28 31 106 107 133
818 0 31 48 49 133 144 168
797 0 31 53 54 96 97 133 168
500 0 59 60 61 62 92 93 133
771 0 4 59 60 65 66 133 163
301 0 16 25 42 48 90 91 133 174
1047 0 16 42 48 49 52 91 133 179
413 0 19 20 21 90 91 133 154 157
402 0 82 133 157 161 162
631 0 28 42 43 48 90 91 133
1002 0 28 48 55 56 90 91 133
877 0 28 48 51 52 133 155 156
706 0 28 48 96 97 133
723 0 31 48 49 50 51 52 133 168
811 0 48 91 133 155 156 168 179
771 0 40 41 48 49 133 168 170
814 0 114 115 133 155 156 173 174
490 0 81 133 154 179 180
1073 0 16 27 90 91 133 155 179 180
851 0 25 31 133 144 167 179
760 0 42 51 52 133 167 174 179
587 0 133 155 156 167 179
863 0 16 26 27 133 167 179
833 0 28 38 39 48 91 133 179
888 0 44 45 51 52 91 133 155 156 179
584 0 3 4 26 27 91 133 179
644 0 51 52 91 110 111 133 179
972 0 42 43 91 133 166 167 179
683 0 91 133 155 156 166 167 179
700 0 24 28 36 90 91 126
804 0 24 28 36 38 39 126
771 0 24 28 58 143
899 0 3 4 24 25 28 31
914 0 24 25 31 50 51 52 168
318 0 24 31 32 48 49 50 168
1156 0 24 32 38 39 53 54
867 0 24 32 51 52 137 142
905 0 24 49 50
1000 0 69 89 114 115
760 0 40 41 69 89 90 167
1050 0 31 32 51 52 69 89 167 179
1057 0 4 69 89 163
1008 0 16 18 69 70 134 135
607 0 18 69 144 163 169
800 0 18 69 164 165 167 179
572 0 42 43 69 93 94 137
604 0 69 90 91 93 102 103
814 0 16 26 121 144
1055 0 22 23 144 179 180
848 0 3 4 25 31 144 167 179
579 0 14 15 16 144 167 179
552 0 28 48 51 52 91 144 179
552 0 16 26 27 91 144 179
817 0 51 52 83 89 91 144 179
734 0 3 4 38 39 83 89
596 0 3 4 90 173 174 180
539 0 3 4 40 41 52 173
594 4 92 93 102 103 163
233 4 83 86 87 88 89 163
589 0 4 34 35 42 43 133 163
555 4 17 18 44 45 51 52 163
530 0 3 4 42 43 61 62
626 4 137 142 163
703 4 31 32 65 66 163 166 167
473 0 3 4 59 60 65 66
485 0 4 59 60 65 66 133 163
593 4 66 75 97 110 163
668 0 4 133 163
683 0 3 4 81 82
667 4 98 101 163 185 186
607 4 42 43 90 91 163
647 4 66 90 91 110 163
556 0 3 4 46 47
632 0 4 38 39 133 163
637 4 51 52 98 99 100 101 163
608 4 34 35 96 97 163
622 4 22 23 163
817 4 31 32 163 166 167
844 4 154 157 163
750 4 61 62 155 156 163
858 4 127 141 155 156 163
614 3 33 68 145 146 169
686 40 41 44 45 133 163 169
719 69 93 163 169 187 188
798 44 45 144 163 169
750 46 47 110 111 179 180 181 182 183 184
820 0 46 47 77 173 174 181 182
928 0 34 35 77 164 165 181 182
858 0 31 32 65 66 77 181 182
914 74 77 90 91 102 181 182
673 0 46 47 77 78 79
633 0 3 4 52 55 56 173
654 0 3 4 44 45 164 165
736 0 3 133 157 158 169
578 0 1 50 51 52 122 123 130
844 0 1 3 4 122 123 132
617 0 1 28 40 41 46 47 48 50 51 52
630
852 0 1 16 50 122 124 125
535 0 1 50 122 164 188 189 190
654 0 1 46 47 50 116 117 122
607 0 1 42 43 94 122 137 151 186
974 0 1 50 51 52 120 121 122 155 156
767 0 1 11 33 68 122 123
584 0 1 31 49 50 51 52 122 133
1096 0 1 122 133 154 157
823 0 1 28 48 84 85 122 133
826 0 1 122 133 153 158
735 0 1 59 60 94 122 133 137
934 0 1 3 4 24 25 122
1184 0 1 16 24 49 122
892 0 1 92 93 94 122 137 144
812 0 1 51 52 83 89 122 144
817 0 1 31 32 50 122 131 132
779 0 1 11 122 123 135 136
488 0 1 16 49 122 170
992 0 1 2 33 68 69 93
896 0 1 2 7 8 16 33 68
895 0 1 2 28 31 40 41 51 52 133
761 0 1 2 28 48 90 91 133
581 0 1 2 24 32
784 0 1 2 46 47 69 89
843 0 1 2 7 8 133
1169 0 1 16 49 122 170 171 172
1013 0 16 26 27 33 50 51 52 68
1003 0 1 28 33 67 68 90 91 122
811 0 7 8 11 33 68 123
799 0 33 68 157 158 168 170
819 0 68 69 93 130
608 0 16 33 68 131 132
620 0 11 68 117 123 132 152
605 0 50 130 133 134 135
788 0 50 70 133 134 135
863 0 133 164 188 189 190
609 0 51 52 59 60 133 164 167 179 188
694 0 28 31 50 133 148 185
780 0 28 31 59 60 90 91 133 167 179
680 0 28 31 51 52 133 155 156 167 179
607 0 28 31 133 138 143
745 0 31 48 49 50 51 52 133 155 156 168
980 0 31 51 52 53 54 133 168
479 0 3 4 31 49 133
500 0 4 44 45 59 60 133 163
628 0 42 90 91 133 154 157 174
563 0 26 27 42 50 52 92 93 133
757 0 34 35 42 43 92 93 133
912 0 19 20 21 133 154 157 189 190
817 0 19 20 21 90 91 133 154 157
427 0 51 52 82 133 157 173 174
780 0 61 62 82 96 97 133 157
1070 0 28 40 41 48 90 91 133 167 179
756 0 28 38 39 48 55 56 133 167 179
1097 0 28 40 41 48 51 52 133 167 179
829 0 28 48 106 107 133
821 0 4 48 133 163 168
913 0 48 133 153 158 168
848 0 48 49 50 51 52 133 155 156
785 0 108 109 133 155 156
857 0 133 179 180 182 183
778 0 16 133 148 179 180 185
919 0 69 73 92 93 133 179 180
767 0 28 31 51 52 133 155 156 167 179
807 0 28 48 90 91 133 155 156 167 179
756 0 44 45 51 52 133 155 156 167 179
984 0 42 43 91 108 109 133 179
915 0 28 38 39 40 41 48 91 133 179
656 0 61 62 91 92 93 133 155 156 179
575 0 26 27 91 133 144 179
650 0 91 133 138 143 179 191 192
674 0 55 56 91 133 166 167 179
874 0 40 41 91 133 166 167 179
794 0 24 28 133 148 185
813 0 24 28 90 91 94 95 185 186
1017 0 24 28 38 39 90 91 94 95
1019 0 24 28 92 93 94 95 185 186
863 0 24 25 28 31 50 92 93
971 0 24 31 32 90 91 168 191 192
755 0 24 154 157 168
721 0 24 31 32 167 168 179
670 0 24 32 38 39 110 111
570 0 24 25 50 51 52
719 0 24 31 32 49 50
569 4 19 20 21 83 89 163
558 4 65 66 83 93 163
666 4 52 55 56 163 173
647 0 3 4 51 52 102 103
637 4 161 162 163
589 4 17 18 31 32 34 35 163
743 0 3 4 44 45 46 47
536 0 3 4 44 45 164 165
254 0 3 4 61 62 155 156
689 4 48 137 142 163 168
503 4 31 32 65 66 163 166 167
448 4 65 66 155 156 163
496 0 4 48 133 163 168
492 4 17 18 163
560 4 12 13 98 99 100 101 163
566 4 163 166 167 185 186
800 4 48 49 90 91 133 163
556 4 26 27 90 91 133 163
683 0 3 4 46 47 179 180
599 4 38 39 53 54 163
730 4 34 35 40 41 51 52 163
604 4 51 52 163 173 174
583 4 138 143 163
721 4 163 164 165 191 192
756 4 31 49 133 163
846 4 48 65 66 163 193
633 4 163 168 170 194
636 133 154 157 163 169
641 53 54 133 163 169
684 24 32 34 35 163 169
809 24 32 44 45 163 169
599 98 99 100 101 144 163 169
854 126 131 136 163 169
745 31 32 166 167 181 182 183 184
745 0 51 52 77 102 103 181 182
816 0 44 45 77 164 165 181 182
882 0 133 179 180 181 182 183 184
1177 0 46 47 77 181 182
597 0 77 78 79 90 91
662 0 3 4 73 83 144
817 0 3 4 34 35 164 165
616 0 3 4 127 128 140 195
683 0 3 55 56 133 169
710 0 1 28 67 90 91 122 123 130
829 0 1 70 122 123 196 197
584 0 1 40 41 122 123 132 133
913 0 1 28 46 47 48 50 106 107 122
685 0 1 50 105 122 143
781 0 1 50 90 91 122 164 188
820 0 1 50 51 52 116 117 122
833 0 1 59 60 94 122 137 151 186
783 0 1 16 122 148 151
1145 0 1 28 33 67 68 92 93 122
678 0 1 51 52 122 133 164 188
797 0 1 28 31 40 41 51 52 122 133
675 0 1 16 48 49 122 133 171 172
807 0 1 122 133 147 186 198 199
823 0 1 16 122 133 194
603 0 1 51 52 94 122 133 137 155 156
895 0 1 24 32 91 122 166 198 199
728 0 1 24 49 50 122 164 165
1012 0 1 122 144 164 165 167 179
1102 0 1 92 93 94 122 137 144
1075 0 1 81 82 83 89 122 144
641 0 1 48 122 127 141 144 193
740 0 1 122 126 131 136
868 0 1 48 122 133 171 172 193
684 0 1 9 55 56 122 197
748 0 1 9 40 41 122 197
1077 0 1 2 33 50 51 52 68
1174 0 1 2 28 31 90 91 133 155 156
863 0 1 2 16 26 27 42 52 133
1012 0 1 2 28 48 84 85 133
924 0 1 2 28 84 85 133 200
646 0 1 2 24 32 198 199
644 0 1 2 18 48 69 193
271 0 1 2 7 8 24 32
965 0 1 48 122 133 171 172 193
736 0 1 71 72 122 144
744 0 16 33 50 68 132 134 135
890 0 1 33 50 51 52 68 122
890 0 16 33 68 131 132
1487 0 33 67 68 168 198 199
713 0 28 67 68 90 91 130 193 200
658 0 33 67 68 157 158 168
626 0 3 4 33 68
938 0 3 4 68 70
731 0 16 68 132
247 0 8 16 33 71 133 134 135
713 0 16 70 131 132 133 134 135
730 0 28 90 91 112 113 133 164 188 200
972 0 90 91 133 164 188 198 199
902 0 51 90 91 133 155 156 164 174 188
1050 0 28 31 42 43 90 91 133
803 0 28 31 69 90 91 93 133 194
289 0 28 31 42 43 51 52 91 133 179
715 0 28 31 96 97 133 198 199
328 0 31 82 133 157 168
832 0 31 55 56 91 133 168 179
732 0 25 31 50 51 52 133
677 0 4 133 163
816 0 4 48 61 62 133 163 193
628 0 42 90 91 133 174
771 0 42 51 52 133 164 174 188
308 0 42 52 91 133 157 158 179
765 0 42 52 114 115 133 173 174
1029 0 31 133 154 157 168 198 199
783 0 13 16 26 27 82 133 157 198
826 0 82 133 157 161 162
1034 0 28 48 133 185 186
620 0 28 48 90 91 133 167 179 193 200
995 0 28 48 90 91 133 193 200
542 0 28 38 39 48 94 95 96 97 133
816 0 28 48 51 52 55 56 91 133 179
908 0 28 48 112 113 133
848 0 3 4 25 31 48 133 168
913 0 48 133 147 168 186
1092 0 48 133 168 198 199
703 0 38 39 48 49 50 133
697 0 42 43 48 61 62 133 193
536 0 90 91 133 155 156 173 174
679 0 51 52 133 155 156 173 174
616 0 40 41 65 66 133 198 199
582 4 18 19 20 21 83 163
628 4 17 18 92 93 163 173 174
650 0 4 52 133 163 173 193 200
565 4 96 97 102 103 163
716 4 17 18 108 109 163
569 0 3 4 34 35 59 60
776 4 44 45 51 52 155 156 163
590 4 17 18 31 32 44 45 163
737 4 128 137 139 140 142 163
621 4 127 128 140 163 195
483 4 31 49 65 66 133 163
547 4 40 41 65 66 163
611 0 4 24 28 163
787 4 17 18 28 31 163
797 0 3 4 12 13
530 0 3 4 185 186
698 4 17 18 48 90 91 163 193
512 4 90 91 98 101 163
668 4 46 47 163 191 192
555 4 38 39 163 191 192
722 0 4 40 41 51 52 133 163
670 4 17 18 51 52 163
762 0 3 4 106 107
797 4 163 164 165 173 174
784 0 3 4 59 60
873 4 34 35 155 156 163
739 151 163 169 186
605 34 35 48 133 163 169 193
814 0 3 133 169
848 69 93 127 141 163 169
787 144 163 169
731 7 8 16 163 169
405 66 110 164 165 181 182 183 184
648 164 165 173 174 181 182 183 184
881 34 35 48 181 182 183 184 193
814 31 32 65 66 181 182 183 184
1124 0 77 90 91 181 182 193 200
638 78 79 183 184
661 31 32 78 79 183 184 198 199
819 0 3 4 92 93 102 103
1167 0 3 4 48 61 62 193
681 0 3 133 169
542 0 1 122 123 130 131 132 133
1014 0 1 33 50 51 52 122 123
1078 0 1 122 123 132 133
819 0 1 11 68 122 146 201
660 0 1 3 4 122 133 146 194 201
630 0 1 28 46 47 48 50 90 91 122 155
666
1225 0 1 50 51 52 55 56 122
772 0 1 19 50 55 56 122 178
676 0 1 28 31 50 96 97 122
1039 0 1 122 151 153 158 186
951 0 1 96 97 110 111 122 151 186
437 0 1 3 4 52 55 56 122 173
617 0 1 16 68 122 132
762 0 1 31 49 122 133 144
987 0 1 16 82 122 133 157 194
702 0 1 16 25 48 122 133
557 0 1 55 56 91 122 133 179
949 0 1 122 133 198 199
895 0 1 24 32 51 52 94 122 137
729 0 1 24 25 122 133
643 0 1 24 28 122 164 165
989 0 1 90 91 122 144 187 188
1239 0 1 110 111 114 115 122 144
624 0 1 92 93 102 103 122 144
847 0 1 48 122 127 141 144 193
738 0 1 122 144 202 203
962 0 1 51 52 122 126 131 136
1031 0 1 122 133 171 172 198 199
1093 0 1 9 10 11 122
1070 0 1 2 3 4 33 68
840 0 1 2 28 31 51 52 133
791 0 1 2 133 154 157
872 0 1 2 42 43 48 133 168
438 0 1 2 16 49 133 200
581 0 1 2 16 24 49
940 0 1 2 16 26 27 144
730 0 1 2 7 8 144 198 199
732 0 1 122 151 171 172 186
949 0 1 122 186 198 199 204
837 0 33 50 68 92 93
929 0 1 28 33 67 68 90 91 122
1008 0 33 48 68 69 93 137 142 193
587 0 28 33 48 67 68 90 91 193
669 0 11 68 123 130 131 132
640 0 9 68 130 197
604 0 11 33 68 122 123 129
697 0 68 70 196 197
968 0 38 39 50 68 132
716 0 28 67 90 91 130 133 134 135
1008 0 33 38 39 50 133 134 135
746 0 50 51 52 132 133 134 135
1051 0 42 43 90 91 133 164 167 179 188
614 0 28 51 52 106 107 133 164 188 200
856 0 112 113 133 164 188
854 0 28 31 48 59 60 90 91 133 168
595 0 28 31 90 133 155 156 167
715 0 28 31 50 51 52 92 93 133 194
617 0 28 31 106 107 133
801 0 3 4 31 48 49 133 168
968 0 31 50 92 93 133 168 194
944 0 31 49 50 133
878 0 4 52 133 163 173 193 200
1078 0 4 48 65 66 133 163 193
548 0 3 4 133 163 169
558 0 133 144 163 169
713 0 42 90 91 133 174 198 199
405 0 42 52 133 147 186
811 0 42 52 92 93 94 95 133
843 0 42 43 48 65 66 133 193
910 0 82 133 157 194 196 197
839 0 82 90 91 133 157 173 174
870 0 44 45 82 112 113 133 157
679 0 28 40 41 48 90 91 133
1020 0 17 18 28 48 90 133 180
492 0 28 38 39 40 41 48 133 167 179
512 0 16 28 48 49 51 52 133 200
539 0 28 48 51 90 91 133 174
469 0 28 48 84 85 133
644 0 48 133 144 163 168 169
657 0 40 41 48 91 133 168 179
590 205 206 207 208 209 210 211 212 213 214
689 4 117 161 163 168 205
743 0 3 4 44 45 96 97
472 4 59 65 66 133 163 214
483 0 3 4 31 32 207 208
676 0 3 4 39 155 156 207
540 0 4 24 28 163
715 4 17 18 28 163 164 165 211
536 4 17 18 48 163 168
895 4 163 168 181 182 183 184 211
737 0 3 4 185 186
527 4 44 45 48 90 91 163 193
535 3 4 90 91 200 212
558 4 46 47 55 56 163
832 0 3 4 38 39 155 156
576 4 38 39 163
490 4 51 52 163 200 206
664 4 51 52 153 154 163
764 4 51 52 53 54 163
643 3 4 96 97 211 212
822 4 92 93 163 173 174
832 0 3 4 209 210
565 4 31 32 53 54 163
805 4 34 35 42 43 163
636 4 44 45 155 156 163
557 4 153 154 163
731 42 133 163 169 174
782 133 163 169 193 200
848 24 25 133 163 169
809 144 163 169 191 192
755 126 131 136 163 169
854 168 181 182 183 184 209 210 211
669 166 167 181 182 183 184 193 200
703 52 73 77 83 173 181 182
839 34 35 48 181 182 183 184 193
582 48 127 141 181 182 183 184 193
739 0 69 93 181 182 183 184
734 0 46 47 77 181 182
810 31 32 78 79 183 184 207 208
1133 51 52 77 78 79 200 212
642 0 3 4 31 32 173 174
835 0 3 4 74 77 78 79 102
633 0 3 4 74 102 205 206
848 0 3 4 42 43 61 62
889 0 3 4 75 97 198 199
653 0 3 133 155 156 169
542 0 1 122 123 130 131 132 133 198 199
1014 0 1 33 50 92 93 122 123
942 0 1 3 4 122 123 132
844 0 1 3 4 122 146 201
1024 0 1 40 41 122 133 146 167 179 201
547 0 1 59 60 122 133 146 201 213 214
518 0 1 28 46 47 48 50 90 91 122 155
639
1318 0 1 50 51 52 55 56 122
518 0 1 19 50 55 56 122 176 177 178
642 0 1 28 31 50 51 52 122
833 0 1 48 116 117 122 133 193
899 0 1 122 144 151 186 211 212
751 0 1 16 122 131 132 148 151
838 0 1 3 4 40 41 52 122 173
742 0 1 11 68 122
773 0 1 3 4 31 49 122 133
987 0 1 59 60 122 133 213 214
832 0 1 16 48 49 122 133 171 172
595 0 1 122 133 147 186
868 0 1 16 122 131 132 133 194
904 0 1 92 93 94 95 122 133
730 0 1 24 28 32 51 52 122 211
573 0 1 24 25 122 133 198 199
915 0 1 24 28 122 164 165
989 0 1 122 144 213 214
1075 0 1 53 54 122 144 209 210
779 0 1 46 47 122 144 191 192
778 0 1 110 111 122 144 164 165
658 0 1 51 52 122 137 142 144
844 0 1 122 131 132 133 157 158
797 0 1 28 122 205 209 210
845 0 1 122 133 171 172 198 199
984 0 1 9 40 41 122 197
993 0 1 2 33 50 68
899 0 1 2 31 133 144 212
1069 0 1 2 42 114 115 133 174
1024 0 1 2 28 48 51 52 133
985 0 1 2 28 48 51 52 133 155 156
575 0 1 2 28 51 52 133 200
666 0 1 2 24 28 164 165
892 0 1 2 69 89 209 210
820 0 1 2 7 8 31 32 50
672 0 1 2 77 181 182
1075 0 1 11 122 123 171 172
756 0 1 9 40 41 122 197
976 0 33 50 57 68 105
1092 0 1 28 33 48 67 68 90 91 122 193
1092 0 16 25 33 68 69 93 211
1288 0 33 48 60 68 193 207 208 213
645 0 28 33 67 68 185 186
713 0 16 33 49 68 170
825 0 67 68 130 157 158 168
685 0 16 33 49 67 68
686 0 33 60 68 213
813 0 60 68 70 213
500 0 16 68 132 171 172
951 0 3 4 130 133 134 135
888 0 8 16 70 71 133 134 135
745 0 132 133 134 135 205 206
331 0 40 41 90 91 133 164 167 179 188
745 0 28 51 52 112 113 133 164 188 200
695 0 51 96 97 133 164 174 188
268 0 31 69 89 114 115 133 212
1026 0 31 77 78 79 133 212
858 0 28 31 133 189 190
942 0 28 31 40 41 90 91 133 167 179
905 0 28 31 51 52 133
481 0 28 31 42 43 51 90 91 133 174
709 0 28 31 90 91 92 93 94 95 133 155
83
994 0 31 133 157 158 168
747 0 31 40 41 133 167 168 179
698 0 31 53 54 133 155 156 168
776 0 31 49 77 78 79 133
805 0 59 60 133 213 214
670 0 4 11 117 123 133 161 163
782 0 4 40 41 65 66 133 163
548 0 42 43 133
545 0 42 48 90 133 167 174 193
653 0 42 90 91 133 157 158 174
641 4 38 39 83 89 155 156 163
721 4 18 42 83 163 174
652 4 92 93 163 173 174
638 4 52 55 56 163 173
652 4 52 83 89 163 173
581 3 4 74 102 118 119
742 4 18 83 161 162 163
569 3 4 34 35 211 212 215 216
668 3 4 31 34 35 212
667 4 44 45 46 47 163 217 218
781 0 4 44 45 92 93 133 163
535 0 4 44 45 59 60 133 163
702 4 137 142 163 168 211 215 216
580 0 3 4 31 32 137 142
688 4 42 127 141 163 174
584 4 31 49 65 66 133 163
731 0 4 40 41 65 66 133 163
754 4 155 156 163 219 220
557 4 75 83 89 97 163
575 4 25 31 133 163 207 208
668 0 3 4 40 41 207 208
823 4 39 153 154 163 207
542 0 4 69 89 163
737 4 17 18 128 139 140 163
542 0 3 4 17 18 48 193
497 4 12 13 163 168 211
649 4 163 185 186 217 218
512 4 163 189 190
487 4 40 41 44 45 90 91 163
710 4 83 89 90 91 163
543 4 46 47 153 154 163
740 4 38 39 40 163 221
550 4 51 52 61 62 155 156 163
608 4 51 52 133 163 194
610 4 112 113 163
724 0 3 4 106 107
697 0 4 106 107 133 163
667 4 34 35 163 215 216
796 0 3 4 128 139 140
768 4 28 31 32 163 211
768 4 42 43 61 62 163
614 4 61 62 155 156 163
686 4 127 141 163 193 200
728 31 133 163 168 169
768 0 3 133 155 156 169
683 3 24 32 169 211 212
801 69 93 137 142 163 169
424 34 35 144 163 169
749 133 163 169 171 172
680 46 47 110 111 179 180 181 182 183 184
701 0 69 73 77 83 93 181 182
741 51 52 77 102 103 181 182 200 212
854 31 34 35 77 181 182 212
778 0 31 32 61 62 77 181 182
721 0 77 181 182 207 208 215 216
981 181 182 183 184
1026 38 39 181 182 183 184 198 199
1107 0 31 32 77 78 79 207 208
1069 0 51 52 77 78 79 193 200
692 0 3 4 173 174 209 210
657 0 3 4 34 35 215 216
786 0 3 4 137 142 215 216
709 0 3 4 42 43 219 220
872 0 3 4 207 208 221 222
814 0 3 24 32 169 198 199
620 0 3 77 78 79 169
1033 0 3 16 131 132 169
942 0 1 28 33 67 92 93 122 123
710 0 1 70 122 123 133 157 158
1036 0 1 122 123 132 144 198 199
676 0 1 122 133 146 154 157 201
474 0 1 50 92 93 122 133 146 194 201
569 0 1 122 144 146 201 213 214
666 0 1 28 46 47 48 50 96 97 122
1235 0 1 50 51 52 122 221 222
662 0 1 19 50 55 56 122 176 177 178
610 0 1 50 90 91 122 164 188
545 0 1 11 116 117 122 123
1033 0 1 98 122 151 177 178 186 221 222
752 0 1 28 122 151 186 189 190 211
594 0 1 122 144 148 151 198 199
650 0 1 3 4 52 55 56 122 173
742 0 1 16 33 68 122
552 0 1 31 49 50 122 133
925 0 1 28 31 84 85 122 133
642 0 1 48 49 50 96 97 122 133
745 0 1 16 48 49 122 133
881 0 1 16 48 49 91 122 133 179
853 0 1 53 54 96 97 122 133
842 0 1 94 112 113 122 133 137
566 0 1 24 28 32 51 52 122 211
637 0 1 24 25 122 133 157 158
1133 0 1 24 28 46 47 122
626 0 1 59 60 122 133 213 214
899 0 1 122 144 167 179 209 210
795 0 1 122 144 215 216 217 218
827 0 1 51 52 122 144 191 192
757 0 1 46 47 110 111 122 144
681 0 1 102 103 114 115 122 144
688 0 1 46 47 50 122 131 132
810 0 1 16 70 122 131
826 0 1 96 97 122 123 126 136
562 0 1 28 51 52 67 122
930 0 1 16 122
832 0 1 2 33 60 68 213
891 0 1 2 28 31 40 41 90 91 133
978 0 1 2 4 133 163
693 0 1 2 28 48 133 223 224
824 0 1 2 133 144 200 212
572 0 1 2 24 28 90 91 193 200
713 0 1 2 69 93
749 0 1 2 18 69 157 158
688 0 1 2 7 8 50 209 210
913 0 1 2 7 8 11 123
672 0 1 122 133 171 172
1081 0 1 29 30 122 198 199
914 0 33 50 51 68 92 93 174
965 0 3 4 33 52 68 173 198 199
640 0 1 16 33 49 67 68 122
700 0 1 33 50 68 122
720 0 33 51 52 68 69 93 137 142
537 0 33 48 68 193 213 220
725 0 28 33 67 68 185 186
704 0 16 25 33 68 170
626 0 28 67 68 92 93 130
524 0 33 67 68 168 198 199
596 4 73 83 144 163
628 4 34 35 83 93 163
655 0 3 4 31 32 173 174
533 0 3 4 52 173 179 180
518 4 28 51 52 102 103 163 200
640 4 34 35 102 163 216
676 4 133 161 163 225
469 0 3 4 34 35 209 210
850 0 4 34 35 42 43 133 163
482 4 44 45 51 52 155 156 163
656 4 17 18 44 45 163 215 216
541 4 61 62 154 157 163
710 4 137 142 163 168 209 210 211
596 4 31 137 142 163 168
296 4 17 18 48 127 141 163 193
785 4 59 65 66 133 163 214
779 4 40 65 66 163 221
733 4 36 126 163 219 220
584 4 163 168 215 216 217 218 226
731 4 25 31 133 163 168 226
740 0 3 4 40 41 168 226
448 4 163 166 167 207 208 215 216
572 4 163 207 208
700 4 40 41 163 207 208
656 4 39 163 187 188 207
631 0 4 26 144 163 227
668 4 17 18 128 139 140 163
629 0 3 4 17 18 48 193
727 3 4 12 13 211 212
556 4 26 27 133 144 163 228
643 4 18 83 144 163 228
737 4 144 163 173 174 228
641 4 163 185 186 191 192
775 4 42 43 44 45 90 91 163
556 4 40 41 44 45 90 91 163
497 4 90 91 163 166 167
668 4 46 47 163 221 222
661 0 4 38 39 40 41 133 163
637 4 51 52 155 156 163 173 174
761 4 51 52 163 200 206
610 0 4 51 52 133 163
670 4 96 97 163
721 4 84 85 163
772 4 163 166 167 209 210
750 4 163 164 165 173 174
709 4 31 32 137 142 163
670 0 4 42 43 133 163
665 4 155 156 163 168 226
605 4 127 141 163 193 200
824 133 134 163 169 229
974 48 133 163 168 169
822 17 18 133 163 169
723 69 93 163 169 187 188
707 144 163 168 169 211
791 77 78 79 163 169
856 28 38 39 181 182 183 184 211
731 66 110 164 165 181 182 183 184
747 92 93 173 174 181 182 183 184
589 77 161 181 182 225
808 0 44 45 77 181 182 215 216
711 0 65 66 77 164 165 181 182
739 168 179 180 181 182 183 184 226
894 31 32 181 182 183 184 207 208
924 48 181 182 183 184 193 207 208
887 0 77 90 91 181 182 193 200
917 0 77 181 182 209 210
1159 32 78 79 183 184 198 199 226
465 46 47 78 79 183 184
702 0 3 4 18 83 157 158
825 0 3 4 74 102 205 206
682 0 3 4 31 32 44 45
575 0 3 4 65 66 155 156
793 0 3 4 42 43 168 226
644 0 3 4 155 156 207 208
879 0 3 133 169 193 200
869 0 1 122 123 130 131 132 133 157 158
736 0 1 32 33 122 123 170 198 199
1098 0 1 60 70 122 123 213
613 0 1 122 123 132 229 230 231
1036 0 1 59 60 122 133 146 201 213 214
657 0 1 40 41 91 122 133 146 179 201
547 0 1 122 133 146 157 158 201 213 214
597 0 1 32 122 170 171 172 198 199
979 0 1 16 50 51 52 121 122 155
611 0 1 16 50 122 124 125
433 0 1 19 50 122 178 221 222
560 0 1 42 43 50 90 91 122 164 188
270 0 1 11 116 117 122 123
545 0 1 55 56 98 122 151 177 178 186
1033 0 1 122 144 151 186 211 212
931 0 1 60 122 148 151 213
600 0 1 120 121 122 205 206
628 0 1 3 4 51 52 102 103 122 155 156
781 0 1 122 133
517 0 1 31 49 50 51 52 122 133 155 156
749 0 1 59 60 122 133
595 0 1 48 49 50 96 97 122 133
1023 0 1 16 48 49 122 133
810 0 1 48 91 122 133 179 193
862 0 1 51 52 53 54 122 133 155 156
611 0 1 122 133 217 218 223 224
900 0 1 51 52 122 133 217 218
1027 0 1 24 32 122 217 218 223 224
953 0 1 24 32 92 93 122 137 142
260 0 1 24 49 50 51 52 122
613 0 1 24 28 31 32 122
807 0 1 55 56 122 133 213 214
310 0 1 26 51 52 122 144 227
643 0 1 122 144 187 188 223 224
1085 0 1 48 94 122 137 144 193
1318 0 1 16 25 122 144 211
1102 0 1 52 122 144 173 198 199
727 0 1 122 229 230 231
812 0 1 70 122 133 134 229 230
685 0 1 122 132 133 155 156 230
882 0 1 16 122 131 132
737 0 1 51 52 122 126 131 136
1042 0 1 16 49 122 205
668 0 1 16 122 171 172
677 0 1 9 55 56 122 197
650 0 1 2 120 121 229 230 231
688 0 1 2 7 8 16 33 68
554 0 1 2 28 31 42 43 90 91 133
548 0 1 2 48 59 133 193 220
685 0 1 2 28 48 90 91 133 155 156
667 0 1 2 16 48 133 232
596 4 83 89 96 97 163
688 0 3 4 18 48 83 193
622 0 3 4 173 174 209 210
542 4 40 52 163 173 221
496 4 102 103 163 168 205 228
639 3 4 74 102 118 119
716 4 83 89 161 162 163
589 4 34 35 163 215 216 217 218
569 4 31 34 35 49 133 163
685 4 40 41 44 45 46 47 163
811 4 44 45 96 97 163
552 4 44 45 59 133 163 214
478 4 61 163 166 167 210
653 3 4 31 32 137 142 211 212
865 4 127 128 140 163 195
484 4 31 32 65 66 163 166 167
578 0 4 42 43 65 66 133 163
706 4 42 43 65 66 163
614 4 65 66 163 187 188
671 0 3 4 179 180 219 220
583 4 163 166 167 168 209 210 226
577 4 59 60 163 168 226
595 4 163 168 221 222 226
700 4 17 18 163 207 208 209 210
656 0 4 42 43 133 163 207 208
631 4 39 83 89 155 156 163 207
668 0 1 2 3 4
629 0 4 163 168 205
727 4 17 18 66 110 163 164 165
556 4 17 18 36 126 163
643 0 4 12 13 133 163
737 4 144 163 173 174 228
641 4 163 185 186 191 192
775 4 42 43 44 45 90 91 163
556 4 40 41 44 45 90 91 163
497 4 90 91 163 166 167
557 4 46 47 163 221 222
668 0 4 38 39 40 41 133 163
661 4 51 52 155 156 163 173 174
637 4 51 52 163 200 206
761 0 4 51 52 133 163
610 4 96 97 163
670 4 84 85 163
721 4 163 166 167 209 210
772 4 163 164 165 166 167
750 4 163 164 165 173 174
709 4 31 32 137 142 163
670 0 4 42 43 133 163
665 4 155 156 163 168 226
605 4 127 141 163 193 200
824 133 134 163 169 229
974 48 133 163 168 169
822 17 18 133 163 169
723 69 93 163 169 187 188
707 144 163 168 169 211
704 77 78 79 163 169
739 28 38 39 181 182 183 184 211
685 66 110 164 165 181 182 183 184
405 92 93 173 174 181 182 183 184
702 77 161 181 182 225
901 0 44 45 77 181 182 215 216
928 0 65 66 77 164 165 181 182
882 168 179 180 181 182 183 184 226
840 73 77 81 82 83 181 182
961 46 47 181 182 183 184 198 199
921 0 77 78 79 168 215 216 226
1015 78 79 183 184
638 78 79 183 184 209 210
465 0 3 4 40 41 52 173
702 0 3 4 34 35 48 193
825 0 3 4 127 128 140 195
682 0 3 4 40 219 220 221
575 0 3 4 16 25 226
793 0 3 4 39 198 199 207
644 0 3 169 229 230 231
879 0 1 122 123 130 131 132 133
869 0 1 122 123 130 131 132 133 157 158
736 0 1 32 33 122 123 170 198 199
1098 0 1 60 70 122 123 213
613 0 1 122 123 132 229 230 231
1036 0 1 59 60 122 133 146 201 213 214
657 0 1 40 41 91 122 133 146 179 201
547 0 1 122 133 146 157 158 201 213 214
597 0 1 32 122 170 171 172 198 199
979 0 1 16 50 51 52 121 122 155
611 0 1 16 50 122 124 125
433 0 1 19 50 122 178 221 222
560 0 1 42 43 50 90 91 122 164 188
270 0 1 11 116 117 122 123
971 0 1 55 56 98 122 151 177 178 186
260 0 1 122 144 151 186 211 212
757 0 1 60 122 148 151 213
786 0 1 120 121 122 205 206
766 0 1 3 4 51 52 102 103 122 155 156
734 0 1 122 133
673 0 1 31 49 50 51 52 122 133 155 156
873 0 1 59 60 122 133
710 0 1 42 52 122 133 198 199
1080 0 1 122 133 157 158
783 0 1 28 40 41 48 90 91 122 133
974 0 1 59 60 122 133 167 179
767 0 1 16 122 132 133 194 230
788 0 1 51 52 122 133 155 156 217 218
1021 0 1 24 32 51 52 122 217 218
744 0 1 24 32 48 122 137 142 193
730 0 1 24 49 50 122 215 216
842 0 1 24 32 122 198 199
731 0 1 40 41 122 133 213 214
652 0 1 26 92 93 122 144 227
1148 0 1 51 52 122 144 187 188
817 0 1 90 91 122 144 191 192
743 0 1 16 49 122 144 211
879 0 1 122 144 159 160
976 0 1 51 52 122 137 142 144
757 0 1 92 93 122 137 142 144
1078 0 1 16 25 70 122 170 230
616 0 1 50 122 132 209 210 230
897 0 1 16 33 122 230
738 0 1 48 122 131 132 133 193
805 0 1 28 122 205 223 224
845 0 1 32 122 170 171 172 198 199
374 0 1 28 67 122 164 165
425 0 1 2 50 120 121
469 0 1 2 92 93 120 227
541 0 1 2 42 43 90 91 133 164 188
668 0 1 2 31 59 60 133 168
809 0 1 2 133 154 157
706 0 1 2 28 48 106 107 133
749 0 1 2 28 51 52 133 200
793 4 163 173 174
509 3 4 74 102 205 212
686 4 23 65 66 163 233
589 4 86 87 88 163 166 167
577 4 34 35 163 164 165
809 4 34 35 48 163 193
560 4 44 45 51 52 163 217 218
677 4 44 45 163 164 165
605 4 61 62 83 89 155 156 163
593 4 137 139 140 141 142 163
793 0 4 48 133 137 142 163 193
484 4 65 66 134 163 229
592 4 65 66 157 158 163
686 4 65 66 163 217 218
657 4 133 163 194 219 220
547 4 75 163 217 218 234
703 4 134 163 168 226 229
590 4 157 158 163 168 226
577 4 16 163 226 232
595 4 17 18 163 207 208 209 210
700 4 163 207 208 209 210
656 4 42 43 163 207 208
631 0 3 4 39 155 156 207
668 0 1 2 4 133 163
629 0 4 133 163
625 0 3 4 17 18 164 165
709 4 17 18 36 126 163
683 0 4 12 13 133 163
697 4 144 163 173 174 228
700 4 163 185 186 191 192
673 4 42 43 44 45 90 91 163
664 4 40 41 44 45 90 91 163
832 4 90 91 163 166 167
710 4 66 110 163 234 235
778 4 28 46 47 48 163
475 0 3 4 46 47
758 4 38 39 163 217 218
617 4 51 52 55 56 163
362 4 51 52 163 187 188
722 4 28 96 97 163 211
722 4 92 93 163 173 174
670 4 34 35 163 215 216
726 4 163 209 210
749 4 31 32 153 154 163
711 4 31 32 163 191 192
670 3 4 31 32 211 212
757 4 163
670 4 48 163 193 207 208
767 4 40 41 65 66 163
593 3 4 163 169
743 42 43 133 163 169
707 0 3 133 169 193 200
623 24 32 61 62 163 169
628 16 26 27 144 163 169
668 0 133 144 163 169
602 11 123 163 169
854 168 181 182 183 184 198 199 211
606 83 89 181 182 183 184 185 186
733 52 77 173 181 182 200 212
730 34 35 164 165 181 182 183 184
955 61 62 74 77 181 182 215
702 179 180 181 182 183 184 219 220
894 0 77 181 182 207 208 209 210
924 175 176 177 178 179 180 181 182 183 184
810 0 46 47 77 181 182
712 75 78 79 183 184 193 200 234
1010 48 78 79 183 184 193 207 208
1107 38 39 78 79 183 184 198 199
852 0 3 4 18 48 83 193
821 0 3 4 23 233
830 0 3 4 31 32 44 45
696 0 3 4 65 66 155 156
413 0 3 4 75 97 198 199
819 0 3 4 134 207 208 229
847 0 3 59 60 133 169
790 0 3 77 78 79 169
576 0 1 11 122 123 130 131
435 0 1 50 122 123 130
647 0 1 33 122 123 133
961 0 1 50 51 52 122 123 132 155 156
433 0 1 11 122 123
956 0 1 42 52 122 133 146 198 199 201
241 0 1 50 122 133 146 194 201
580 0 1 40 41 122 133 146 201 213 214
630 0 1 46 47 48 50 122 144 212
834 0 1 36 50 51 52 96 97 122 126
685 0 1 50 96 122 157 158 234
1145 0 1 19 50 122 176 177 178 221 222
698 0 1 50 122 164 165
788 0 1 28 31 50 92 93 122
659 0 1 122 151 186
822 0 1 51 52 122 151 186 191 192
973 0 1 96 97 110 111 122 151 186
809 0 1 120 121 122 144 198 199
622 0 1 3 4 52 122 173 221 222
767 0 1 16 68 70 122
835 0 1 25 31 122 133 144 198 199
669 0 1 28 31 106 107 122 133
552 0 1 48 49 50 122 133
828 0 1 28 48 96 97 122 133
720 0 1 40 122 133 167 179 221
896 0 1 82 122 133 153
677 0 1 42 43 90 91 94 95 122 133
641 0 1 59 60 94 122 133 137
965 0 1 42 43 94 122 133 137
725 0 1 24 32 90 91 110 111 122
744 0 1 24 25 122 133 157 158
743 0 1 24 28 48 90 91 122 193
843 0 1 10 11 122 196 213 214
852 0 1 16 122 171 172 213 214
310 0 1 53 54 122 144
643 0 1 90 91 94 95 122 144
976 0 1 92 93 122 144 191 192
1012 0 1 110 111 122 144 234 235
693 0 1 122 144 159 160
657 0 1 122 126 230 231
805 0 1 48 70 122 133 193 230
753 0 1 55 56 122 132 133 230
1038 0 1 16 122 131 132
996 0 1 51 52 122 126 131 136
665 0 1 28 122 164 165 205
761 0 1 48 122 133 171 172 193
733 0 1 29 30 122 198 199
536 0 1 2 3 4 120 121
570 0 1 2 33 50 68 92 93
415 0 1 2 96 97 133 164 188
710 0 1 2 31 40 41 133 168
616 0 1 2 3 4
713 4 73 83 144 163 217 218
553 4 18 83 163 193 200
515 4 163 173 174 209 210
442 0 4 52 133 163 173 193 200
605 0 3 4 90 102 103 180
566 4 62 74 77 78 102 163
509 4 41 102 163 207 208
592 4 17 18 108 109 163
499 4 18 34 35 92 163
676 4 25 31 34 35 133 163
469 3 4 44 45 46 47 48 212
776 4 36 44 45 51 52 126 163
724 0 3 4 44 45 209 210
482 4 48 49 61 62 133 163
727 0 3 4 137 142 209 210
654 4 137 142 163 209 210
478 4 59 137 142 163 220
793 4 17 18 48 127 141 163 193
617 4 59 65 66 133 163 214
564 4 40 41 65 66 163
859 4 16 65 163 194 236
769 4 36 126 163 219 220
688 4 75 163 200 206 234
572 0 3 4 168 215 216 226
712 4 59 133 163 168 214 226
755 4 40 41 163 168 226
622 4 17 18 163 207 208 215 216
629 0 3 4 59 60 207 208
610 4 40 163 207 208 221
566 4 39 163 207 217 218
535 0 4 144 163
661 4 17 18 139 140 141 163
727 4 17 18 35 163 237
602 4 12 13 163 187 188
746 4 26 144 163 227 228
553 4 133 146 163 201 228
484 4 163 173 174 189 190
737 0 3 4 234 235
524 4 18 83 163 238 239
556 4 163 173 174 238 239
472 4 46 47 163 221 222
614 0 3 4 48 193 236 240
649 4 163 168 211 236 240
779 4 38 39 153 154 163
703 0 4 51 52 133 155 156 163
764 4 26 51 52 163 227
715 4 34 35 112 113 163
781 4 138 143 163
726 4 84 85 163 168 226
749 4 163 168 209 210 211
711 4 66 110 163 164 165
664 4 31 32 44 45 163
729 4 42 43 163 168 226
774 4 44 45 155 156 163
596 4 40 41 163 207 208
574 1 3 122 146 169 201
675 42 43 133 163 169
653 0 3 133 169 193 200
822 24 32 61 62 163 169
723 0 3 60 169 213
780 127 141 144 163 169
605 163 168 169 205
856 168 179 180 181 182 183 184 211
731 166 167 179 180 181 182 183 184
838 0 52 77 173 181 182 193 200
673 0 34 51 52 77 181 182 241
583 0 44 45 77 181 182 215 216
817 0 65 66 77 164 165 181 182
741 75 77 181 182 200 212 234
910 75 179 180 181 182 183 184 234
894 48 181 182 183 184 193 207 208
924 0 77 90 91 181 182 193 200
817 38 39 181 182 183 184
944 78 79 168 183 184 215 216 226
984 78 79 175 176 177 178 179 180 183 184
1148 51 52 73 77 78 79 83
649 0 3 4 173 174 209 210
834 0 3 4 108 109
696 0 3 4 31 32 44 45
413 0 3 4 65 66 155 156
433 0 3 4 40 41 75 234
870 0 3 4 168 198 199 226
740 0 3 4 39 40 207 221
895 0 3 60 169 213
1048 0 1 50 122 123 130 238 239
780 0 1 33 122 123 133 198 199
636 0 1 50 51 52 122 123 132 155 156
647 0 1 11 122 123
942 0 1 42 43 122 133 146 201
766 0 1 91 122 133 146 179 201 221 222
844 0 1 122 133 146 155 156 201 213 214
990 0 1 16 49 122 170 171 172
447 0 1 46 47 50 122 221 222
475 0 1 50 90 91 111 122 240
605 0 1 11 36 50 51 52 122 135
533 0 1 50 96 122 157 158 234
828 0 1 19 50 55 56 122 176 177 178
565 0 1 16 50 70 122 134 135
1318 0 1 28 31 50 51 52 122
698 0 1 116 117 122 133
820 0 1 94 96 97 122 137 151 186
676 0 1 28 122 151 186 211 223 224
884 0 1 28 122 151 186 211 236 240
786 0 1 16 122 132 148 151 230
830 0 1 120 122 144 227 228
758 0 1 3 4 51 52 102 103 122
664 0 1 11 68 122
586 0 1 25 31 122 133 144 198 199
616 0 1 28 31 40 41 51 52 122 133
569 0 1 16 82 122 133 157 194
1102 0 1 28 48 122 133 236 240
829 0 1 59 60 122 133 167 179
862 0 1 60 122 133 194 213
702 0 1 97 122 133 217 218 235
725 0 1 94 106 107 122 133 137
770 0 1 24 28 32 122 211 223 224
941 0 1 24 25 46 47 50 122
680 0 1 24 49 122 151 186
579 0 1 16 24 25 122
236 0 1 40 122 133 213 214 221
598 0 1 26 51 52 122 144 227
686 0 1 90 91 122 144 187 188
794 0 1 46 47 94 122 137 144
707 0 1 28 90 91 122 144 211
703 0 1 31 32 110 111 122 144
530 0 1 102 103 122 144 223 224
469 0 3 4 38 39 83 89
541 4 18 83 163
614 4 90 163 167 173 174
248 4 17 18 163 164 165 173 174
721 4 163 164 165 173 174
520 4 52 163 173 200 206
666 4 28 48 102 103 163 236 240
674 4 28 74 102 163 205
536 4 23 65 66 163 233
704 4 86 87 88 163 166 167
784 4 34 35 163 166 167 215 216
555 4 34 35 163
850 4 44 45 46 47 163 217 218
616 4 44 45 51 52 133 163 194
773 0 3 4 44 45 164 165
627 4 17 18 48 61 62 163 193
629 4 62 137 142 163 209
570 4 137 142 163 237 241
865 4 48 127 141 163 193
725 0 3 4 59 60 65 66
539 4 40 65 66 163 221
624 4 65 133 163 194 236
709 4 55 56 163 219 220
733 3 4 75 200 212 234
528 4 17 18 163 168 215 216 226
599 0 3 4 59 60 168 226
655 4 40 163 168 221 226
452 4 163 207 208 215 216
895 0 4 59 60 133 163 207 208
556 0 3 4 179 180 207 208
448 4 39 66 110 163 207
736 0 4 26 144 163 227
543 0 3 4 17 18 209 210
575 0 3 4 17 18 31 32
652 4 17 18 26 27 133 163
782 4 70 133 163 230 242
602 4 12 13 83 89 163
800 4 163 181 182 183 184
497 4 5 6 7 8 133 163
695 4 44 45 144 163 228
472 3 4 185 186 211 212
841 4 163 189 190
697 4 90 91 155 156 163
485 4 90 91 163 191 192
712 4 28 163 200 234 235
524 4 97 163 235 243 244
775 3 4 211 212 223 224
472 4 46 47 66 110 163
712 4 36 126 163 236 240
574 4 163 173 174 236 240
490 4 38 39 163 217 218
617 4 27 51 52 133 155 163
751 4 51 52 163 221 222
643 4 34 35 112 113 163
652 4 96 97 163
670 4 22 23 163 168 226
822 4 163 215 216 219 220
670 4 17 18 128 139 140 163
749 4 31 32 53 54 163
756 4 59 60 163 168 226
732 4 44 45 48 163 193
706 4 36 126 163
678 4 26 27 133 163
670 133 134 163 169 229
768 42 133 163 169 174
602 133 157 158 163 169
575 0 3 133 169 193 200
565 24 32 34 35 163 169
686 17 18 69 93 163 169
256 0 133 163 169 245 246
721 98 101 144 163 169
736 163 169 229 230 231
787 133 163 169 171 172
740 110 111 181 182 183 184 185 186
815 181 182 183 184 234 235 243 244
619 45 46 47 179 180 181 182 183 184 243
758 0 46 47 77 173 174 181 182
667 74 77 102 181 182
689 34 35 181 182 183 184 215 216
737 44 45 181 182 183 184 209 210
817 31 32 65 66 181 182 183 184
838 0 77 164 165 168 181 182 226
896 0 1 2 77 181 182
796 114 115 181 182 183 184
705 46 47 77 181 182 200 212
874 31 32 181 182 183 184 198 199
1006 77 78 79 168 198 199 226 242
964 77 78 79 90 91 242 243 244
1213 51 52 73 77 78 79 83
597 0 3 4 92 93 173 174
835 0 3 4 161 162
644 0 3 4 44 45 209 210
799 0 3 4 65 66 157 158
854 0 3 4 16 214 219
915 0 3 4 40 168 221 226
958 0 3 4 39 55 56 207
657 0 3 69 93 169
577 0 1 28 67 90 91 122 123 130
1046 0 1 33 50 92 93 122 123
295 0 1 3 4 33 122 123
743 0 1 50 122 123 132
763 0 1 122 123 132 245 246
736 0 1 68 122 146 201 229 231
1048 0 1 55 56 122 133 146 167 179 201
687 0 1 24 25 122 133 146 157 158 201
754 0 1 122 146 156 201 245
942 0 1 50 107 122 238
459 0 1 50 122 236 240
585 0 1 50 111 122 234 235 240
674 0 1 36 50 51 52 122 229
939 0 1 16 50 122 124 125
639 0 1 19 50 88 122 176 177
751 0 1 50 122 134 135 229 231
756 0 1 28 31 40 41 50 90 91 122
626 0 1 31 32 50 116 117 122
664 0 1 51 52 94 122 137 151 155 156 186
638 0 1 28 40 41 90 91 122 151 186 211
1033 0 1 122 148 151 156 245
687 0 1 120 121 122 156 245
740 0 1 3 4 40 41 52 122 173
622 0 1 16 33 68 122 131 132
625 0 1 96 97 122 133 164 188
733 0 1 28 31 122 133 189 190
600 0 1 11 59 122 123 133 214
548 0 1 16 48 49 122 131 132 133
487 0 1 16 48 49 122 133
734 0 1 91 122 133 157 158 179
599 0 1 53 54 122 133
461 0 1 42 43 90 91 94 95 122 133
558 4 17 18 163 173 174 209 210
707 4 163 173 174 209 210
641 0 3 4 51 52 102 103 155 156
782 3 4 74 102 118 119
482 4 23 163 168 226 233
634 4 83 86 87 88 89 163
605 0 3 4 34 35 215 216
530 4 34 35 59 133 163 214
615 0 3 4 44 45 46 47
598 4 44 45 51 52 163 187 188
630 4 17 18 44 45 163 164 165
506 4 48 61 62 163 193
523 0 3 4 128 137 139 140 142
616 4 35 137 142 163 237
586 3 4 48 127 141 212
688 0 4 59 60 65 66 133 163
598 0 3 4 65 66 179 180
686 4 53 54 65 163 236
657 0 3 4 40 41 219 220
547 4 153 154 163 219 247
734 4 53 54 75 163 234
528 4 163 168 209 210 226
599 0 4 42 43 133 163 168 226
706 4 53 54 163 168 226
814 4 134 163 207 208 229
613 4 42 43 163 207 208
583 0 3 4 39 155 156 207
565 0 1 2 4 133 163
620 0 4 109 163 248
506 0 3 4 17 18 209 210
704 0 3 4 17 18 31 32
682 0 4 17 18 48 133 163 193
448 4 17 18 48 163 193
722 4 144 163 168 211 242
823 4 163 168 205 242
586 4 45 163 181 182 183 184 243
572 4 40 41 44 45 163 247 249
570 4 98 99 100 101 144 163 228
707 4 163 205 206 228
778 4 163 185 186
457 4 48 49 90 91 133 163
667 4 40 90 91 163 221
530 4 83 89 90 91 163
657 4 163 166 167 234 235
664 4 163 221 222 238 239
487 0 3 4 40 41 46 47
670 4 163 236 237 240 241
497 4 26 163 227 236 240
649 4 36 38 39 126 163
778 0 4 38 39 133 163
706 0 4 40 41 51 52 133 163
788 3 4 51 52 211 212
743 4 28 96 97 163 211
643 0 4 106 107 133 163
368 4 163 215 216 217 218
697 4 163 166 167 209 210
667 4 66 110 163 164 165
840 4 31 32 163 243 244
784 4 42 43 44 45 163
757 4 155 156 163 243 244
862 4 40 41 44 45 163
562 4 153 154 163
757 133 163 169
772 0 3 133 155 156 169
784 3 24 32 169 211 212
533 28 69 93 163 169 211
769 69 93 127 141 163 169
593 0 3 69 93 169
834 163 169 207 208 245 246
755 53 54 144 163 169
848 0 133 144 163 169
674 163 169 205 206
628 28 31 32 181 182 183 184 211
803 166 167 181 182 183 184 209 210
666 181 182 183 184 209 210 243 244
536 83 89 181 182 183 184 185 186
710 0 31 32 77 173 174 181 182
839 0 77 108 109 181 182
685 34 35 48 181 182 183 184 193
680 0 61 62 77 164 165 181 182
827 179 180 181 182 183 184 219 220
721 31 32 168 181 182 183 184 226
838 0 77 133 181 182 242
702 74 77 102 114 115 181 182
896 181 182 183 184 234 235
869 0 51 52 77 181 182
777 75 77 78 79 200 212 234
891 0 31 32 77 78 79 207 208
862 73 77 78 79 83 90 91
1177 51 52 74 77 78 79 102
1264 0 3 4 92 93 173 174
692 0 3 4 23 233
702 0 3 4 44 45 215 216
800 0 3 4 42 43 65 66
505 0 3 4 198 199 219 220
642 0 3 4 31 32 168 226
485 0 3 4 42 43 207 208
780 0 3 55 56 133 169
809 0 3 169 205 206
643 0 1 28 33 67 92 93 122 123
921 0 1 32 70 122 123 170 198 199
654 0 1 122 123 132 133 155 156
594 0 1 122 146 148 151 201 229 230 231
641 0 1 82 122 133 146 157 201 221 222
969 0 1 122 133 146 155 156 201
927 0 1 17 18 122 133 146 179 180 201
707 0 1 24 25 50 122 146 201
436 0 1 122 146 201 213 214 229 230 231
886 0 1 77 122 146 181 182 201
657 0 1 28 40 41 46 47 48 50 51 52
580
500 0 1 36 50 122 126 236 240
533 0 1 50 51 52 97 122 155 227 235
1005 0 1 50 51 52 122 155 156
713 0 1 18 50 92 122 164 165
260 0 1 50 103 122 215 238 239
720 0 1 31 32 50 122
788 0 1 50 116 117 122
659 0 1 55 56 98 122 151 177 178 186
691 0 1 51 52 122 151 186 191 192
705 0 1 110 111 122 151 186 223 224
627 0 1 50 120 121 122 238 239
697 0 1 120 122 227 236 240
712 0 1 16 33 49 67 68 122
794 0 1 122 133 134 229
725 0 1 31 49 60 122 133 213
584 0 1 28 31 106 107 122 133
541 0 1 48 49 50 122 133
761 1 28 48 122 133 223 224
481 1 122 133 134 167 179 229
719 1 3 4 122 133 194
628 4 73 83 109 163 248
518 4 66 83 93 110 163
749 4 163 164 165 173 174
677 4 28 51 52 102 103 163 200
533 4 67 74 102 163 168
518 4 23 133 163 233
640 4 34 51 163 174 241
742 4 34 35 163 166 167 209 210
641 4 34 35 163 237 241
626 4 44 45 163 236 237 240 241
559 4 44 45 51 52 133 163
611 4 31 32 44 45 163 217 218
542 4 42 43 61 62 163
529 4 61 62 154 157 163
642 4 137 142 163 168 209 210 211
586 4 31 137 142 163 168
710 4 42 127 141 163 174
596 3 4 31 32 65 66
296 4 65 66 133 155 156 163
677 4 27 65 133 155 163 236
595 3 4 48 212 219 220
668 3 4 193 200 219 247
821 4 17 18 75 163 193 200 234
673 3 4 168 211 212 215 216 226
633 4 31 49 133 163 168 226
598 3 4 40 41 168 226
583 4 163 166 167 207 208 215 216
565 4 163 207 208
620 4 40 41 133 163 207 208
506 4 39 53 54 163 207
494 4 18 69 163
494 4 17 18 163 215 216 243 244
503 4 17 18 163 164 165
611 3 4 17 18 48 212
677 4 66 110 144 163 242
773 4 163 168 205 242
640 4 45 163 181 182 183 184 243
790 4 40 41 44 45 163 247 249
585 4 98 99 100 101 144 163 228
838 4 109 133 163 228 248
603 4 17 18 109 163 228 248
683 4 163 166 167 185 186
683 4 35 90 91 163 237
448 4 90 91 155 163 227
535 4 28 90 91 163 211
649 4 163 217 218 234 235
556 4 83 89 97 163 235
526 3 4 46 47 48 212
764 4 46 47 163 243 244
493 3 4 193 200 236 240
758 4 34 38 39 155 156 163 241
555 3 4 38 39 211 212
632 4 36 51 52 126 163
550 4 51 52 53 54 163
712 4 112 113 163
648 4 138 143 163
708 4 22 163 250
670 4 163 207 208 215 216
749 4 134 163 168 226 229
756 4 31 32 163 191 192
732 3 4 59 60
706 4 48 137 142 163 193
678 4 55 56 163 219 220
670 4 16 163 194
636 1 122 133 146 163 169 201
713 1 122 133 163 169 171 172
583 133 157 158 163 169
855 3 133 169 193 200
776 24 32 34 35 163 169
752 17 18 69 93 163 169
739 133 163 169 245 246
728 98 101 144 163 169
687 163 169 229 230 231
686 126 131 136 163 169
740 28 181 182 183 184 209 210 211
815 66 110 179 180 181 182 183 184
619 77 181 182 215 216 243 244
520 45 164 165 181 182 183 184 243
746 173 174 181 182 183 184 209 210
578 161 162 181 182 183 184
667 31 32 34 35 77 181 182
673 61 62 77 181 182 215 216
644 181 182 183 184 215 216 219 220
711 77 164 165 168 181 182 226
582 1 2 77 181 182
751 104 105 181 182 183 184
837 179 180 181 182 183 184 234 235
820 51 52 77 181 182 242 243 244
893 74 75 76 77 78 79 80
829 78 79 183 184 207 208 215 216
1078 77 78 79 90 91 200 212
1133 51 52 77 78 79 198 199 242
642 3 4 18 83 157 158
562 3 4 74 77 78 79 102
637 3 4 40 41 44 45 51 52
657 3 4 65 66 164 165
693 3 4 55 56 219 220
778 3 4 168 215 216 226
752 3 4 164 165 207 208
835 3 42 43 133 169
745 3 7 8 16 169
697 1 122 123 130 131 132 133 198 199
483 1 11 122 123 130 131 135 136
568 1 33 50 122 123 238 239
861 1 70 122 123 133 157 158
561 1 24 32 122 123 132 198 199
955 1 33 50 68 92 93 122 146 201
1098 1 59 60 122 133 146 167 179 201
578 1 24 25 50 92 93 122 146 201
814 1 122 146 201 205 206 213 214
1024 1 50 122 146 201 238 239 251 252
587 1 28 46 47 48 50 122 189 190
645 1 28 48 50 122 234 235 236 240
608 1 50 111 122 209 210 240
979 1 26 50 51 52 122 144 227 228
744 1 50 106 107 122
903 1 19 50 122 178 221 222
600 1 50 122 164 188 189 190
433 1 28 31 40 41 50 51 52 122
572 1 48 116 117 122 133 193
850 1 92 93 94 122 137 151 186
803 1 28 40 41 51 52 122 151 186 211
623 1 16 122 148 151 251 252
668 1 120 121 122 205 206
724 1 120 122 189 190 227
722 1 90 91 120 122 227
584 1 3 4 96 97 102 103 122
685 1 122 133
620 1 31 49 50 122 133 236 240
676 1 28 31 51 52 122 133
566 1 82 122 133 157
695 1 28 48 122 133 189 190
710 4 83 89 96 97 163
665 4 18 83 163 253 254
725 3 4 92 93 173 174
543 4 16 27 52 155 163 173
718 4 52 163 173 217 218
793 3 4 51 52 102 103 200 212
509 4 28 67 74 102 163
580 3 4 23 233
650 4 34 66 163 240 241
555 4 34 35 163 215 216
850 4 34 35 59 60 163
724 4 44 45 46 47 163
482 3 4 44 45 51 52
516 4 44 45 163 164 188
627 4 61 62 83 89 155 156 163
654 4 137 139 140 141 142 163
478 4 48 49 133 137 142 163
793 3 4 127 141 155 156
635 3 4 59 60 65 66
578 4 40 65 66 163 221
702 4 16 65 163 194 236
560 4 36 126 163 219 220
254 3 4 179 180 219 247
586 3 4 75 200 212 234
629 3 4 168 215 216 226
501 4 59 133 163 168 214 226
614 4 40 41 163 168 226
473 3 4 207 208 211 212 215 216
464 4 31 49 133 163 207 208
845 3 4 40 41 207 208
872 4 39 163 207 255 256
731 4 133 163
475 4 42 43 133 163
557 4 133 146 163 248
473 3 4 17 18 128 139 140
566 3 4 17 18 31 212
683 3 4 81 82
587 4 133 163 242 251 252
685 4 12 13 28 163 211
686 4 163 175 176 177 178 243 244
556 4 45 163 243 247 249
611 4 133 145 146 163 228 251 252
548 4 163 185 186 217 218
619 3 4 189 190
698 3 4 234 235
869 4 163 238 239 243 244
573 3 4 46 47 200 212
863 4 34 48 163 193 236 240 241
664 4 98 101 163 236 240
496 4 38 39 40 41 133 163
838 4 45 51 52 155 156 163 243
521 4 51 52 137 142 163 193 200
704 4 51 52 163 166 167
655 4 17 18 51 52 163
610 4 51 52 163
705 3 4 96 97
852 4 92 93 163 168 226
924 4 137 142 163 215 216
729 4 128 137 139 140 142 163
717 4 163 164 165
811 4 59 133 163 214
805 4 34 48 163 193 241
711 4 16 27 155 163
772 4 127 141 163 193 200
691 1 122 133 163 169
533 44 45 48 133 163 169 193
842 133 163 169 200 206
614 24 32 137 142 163 169
823 163 169 187 188 245 246
689 45 156 163 169 243 245
562 144 163 169 191 192
662 16 70 163 169 230
738 163 169 205 206
863 168 181 182 183 184 211 215 216
646 128 139 140 166 167 181 182 183 184
764 77 164 165 181 182 243 244
436 38 39 83 89 179 180 181 182 183 184
686 31 32 173 174 181 182 183 184
630 77 108 109 181 182 242
688 44 45 181 182 183 184 238 239
673 61 62 164 165 181 182 183 184
651 77 181 182 198 199 219 220 242
501 48 168 181 182 183 184 193 226
680 133 181 182 183 184
884 69 73 77 181 182
851 77 181 182
734 181 182 183 184 198 199 247 249
969 77 181 182 223 224
804 128 139 140 181 182 183 184
723 78 79 168 183 184 215 216 226
961 39 78 79 183 184 198 199 207
1213 78 79 179 180 183 184 234 235
452 77 78 79 128 139 140
585 3 4 52 155 156 173
835 3 4 34 35 92 93
873 3 4 42 43 61 62
848 3 4 55 56 65 66
806 3 4 193 200 219 247
764 3 4 157 158 168 226
769 3 4 55 56 207 208
918 3 133 169 200 206
277 1 3 4 122 123 130 131 132
643 1 33 122 123 196 197 198 199
822 1 50 70 92 93 122 123
531 1 40 122 123 132 133 221
767 1 3 4 122 146 201
942 1 48 122 133 146 156 201 212 245
766 1 60 122 133 146 194 201 213
700 1 122 146 201 213 214 245 246
803 1 122 146 201 229 230 231
510 1 46 47 50 122
671 1 50 51 52 122 236 237 240 241
477 1 50 97 111 122 235 240
612 1 40 50 51 52 103 104 105 122
913 1 50 122 138 143
903 1 19 50 55 56 122 176 177 178
600 1 16 50 70 122 134 135
433 1 28 31 50 122 238 239
572 1 116 117 122 151 186
850 1 40 41 51 52 94 122 137 151 186
803 1 94 122 137 151 155 156 186
623 1 122 151 186 189 190 191 192
709 1 12 13 110 111 122 151 186
599 1 16 122 148 151
803 1 90 91 120 122 227
318 1 3 4 96 97 102 103 122
585 1 122 133
704 1 31 49 50 122 133 236 240
503 1 28 31 51 52 122 133
634 1 82 122 133 157
605 1 28 48 122 133 189 190
569 4 17 18 92 93 102 103 163
652 4 102 153 154 163 257
640 3 4 161 225
608 4 34 163 241
566 3 4 34 35 164 165
685 4 34 35 42 43 163
615 4 44 45 48 49 133 163 236 240
624 4 44 45 51 52 163 222 257
589 3 4 44 45 209 210
608 4 42 43 61 62 163 257 258
748 4 137 142 163 168 211 215 216
604 4 31 32 66 110 137 142 163
512 4 17 18 127 128 140 163 195
529 3 4 65 66 164 165
586 4 42 43 65 66 163
865 3 4 65 66 179 180
649 3 4 65 179 180 236
727 4 102 155 156 163 219 220 257
662 4 53 54 163 219 220
740 4 163 187 188 219 220
614 4 16 163 214 219
688 4 53 54 75 97 163
821 4 163 164 165 166 167 168 226
598 4 42 43 163 168 226 257 258
575 4 40 163 168 221 226
641 4 163 207 208 215 216 217 218
538 4 31 32 163 207 208
737 4 102 155 156 163 207 208 257
572 4 39 155 156 163 207
598 1 2 3 4
620 4 144 163
254 4 17 18 163 215 216 243 244
854 4 17 18 163 164 165 168 211
736 4 17 18 163 253 254 257 258
596 4 26 144 163 227 242
458 4 62 77 78 163 242
575 4 12 13 163 208 259
566 4 163 217 218 260 261
635 4 5 6 109 163 248
740 4 40 41 44 45 163 247 249
629 4 163 257 258
727 4 163 200 206 257 258
707 4 44 45 144 163 228
778 4 163 205 206 228 257 258
680 4 133 163 185 186
698 4 163 189 190
510 3 4 234 235
538 3 4 97 211 212 235
763 4 28 97 163 211 235
508 4 45 163 238 239 243
601 4 40 46 47 163 221
800 4 163 236 237 240 241
749 4 26 163 227 236 240
605 4 38 39 83 89 155 156 163
671 4 38 39 163 187 188
746 3 4 51 52 155 156
617 4 17 18 51 52 163 193 200
596 4 28 51 52 163 211
743 4 96 97 98 99 100 101 163
580 4 61 62 96 97 163
648 4 45 92 93 163 243
643 4 163 215 216 259 262
742 4 28 163 209 210 211
667 4 163 164 165 259 262
750 4 31 32 163 259 262
811 4 59 60 163 168 226
715 4 48 49 133 163
825 4 65 66 155 156 163
768 4 40 163 219 220 221
858 1 122 133 146 163 169 201
670 3 42 43 133 169
754 3 40 41 133 169
692 24 32 66 110 163 169
784 69 93 102 163 169 257
755 45 163 169 243 245 246
677 102 156 163 169 245 257
715 144 163 169 259 262
618 34 35 144 163 169
533 44 45 144 163 169
718 77 78 79 163 169
811 80 163 169 257
712 77 181 182 208 215 216 259
780 28 31 32 181 182 183 184 211
728 66 110 181 182 183 184 198 199
630 51 52 77 181 182 242 243 244
651 45 181 182 183 184 209 210 243
566 51 52 77 173 174 181 182 242
795 74 102 109 181 182 183 184 248
600 34 35 92 93 181 182 183 184
878 44 45 181 182 183 184 215 216
673 65 66 164 165 181 182 183 184
669 75 77 181 182 200 212 234
785 77 164 165 181 182 207 208
991 77 81 82 181 182
734 77 181 182 185 186
720 46 47 179 180 181 182 183 184
776 77 181 182 198 199 242
810 78 79 164 165 168 183 184 226
712 77 78 79 118 119 242
1010 78 79 183 184 198 199 234 235
1084 78 79 128 139 140 183 184
656 3 4 16 27 52 155 173
563 3 4 40 102 221 257
633 3 4 44 45 51 52 155 156
492 3 4 65 66 134 229
534 3 4 155 156 219 220
859 3 4 75 97 198 199
644 3 4 134 207 208 229
740 3 59 60 133 169
817 3 16 132 169 230
505 1 3 4 122 123 130
495 1 75 122 123 198 199 229 231 234
620 1 3 4 122 123 132
869 1 3 4 122 146 148 151 201
969 1 4 122 133 146 163 201
927 1 55 56 91 122 133 146 179 201
707 1 122 133 146 157 158 201 213 214
578 1 122 133 146 155 156 201 213 214
814 1 51 52 122 146 201 227 245
1024 1 16 122 171 172
447 1 28 46 47 48 50 84 85 122
668 1 26 50 122 227 236 238 239 240
599 1 16 50 51 52 121 122 155
721 1 50 51 52 122 155 156
720 1 18 50 92 122 164 165
561 1 50 103 122 215 238 239
686 1 50 122 164 188 189 190
431 1 28 31 40 41 50 51 52 122
692 1 48 116 117 122 133 193
730 1 94 96 97 122 137 151 186
704 4 83 89 96 97 163
533 4 18 62 83 163 209
734 4 65 66 83 93 163
653 3 4 31 32 173 174
596 3 4 52 173 193 200
649 4 18 52 83 163 173
751 3 4 74 102 109 248
514 4 42 43 44 45 102 163 257
634 4 40 41 44 45 102 163 257
647 4 34 35 102 163 216
772 4 80 117 161 163 257
545 4 83 86 87 88 89 163
565 3 4 34 35 211 212 215 216
794 4 31 34 35 49 133 163
702 4 34 35 133 155 156 163
530 4 44 45 163 236 240
838 4 44 45 96 97 133 163
739 4 25 31 44 45 133 163
503 3 4 61 62 155 156
552 4 61 62 155 163 227
506 4 36 61 62 126 163
700 4 66 110 137 142 163 164 165
749 4 48 137 142 163 193
570 3 4 145 146 202 252
589 4 59 60 65 66 163 257 258
599 4 55 56 65 66 163
544 4 48 65 163 193 236
586 4 48 49 133 163 219 220
632 3 4 179 180 219 220
779 4 153 154 163 219 247
692 4 75 163 221 222 234
698 4 163 168 215 216 226
538 3 4 59 60 168 226
803 4 36 126 163 168 226
633 4 32 53 54 163 226
704 4 17 18 163 164 165 207 208
541 4 157 158 163 207 208
740 4 133 163 194 207 208
536 4 39 163 187 188 207
448 4 69 93 163
707 4 163 263 264
634 4 17 18 163 168 209 210 211
512 4 17 18 31 32 163 259 262
448 3 4 17 18 48 212
448 4 28 144 163 211 242
520 4 18 83 162 163 242 263
519 3 4 12 13 211 212
525 4 163 257 258 259 260 261 262
682 4 163 181 182 183 184 257 258
611 4 5 6 163 201 265
689 4 163 217 218 247 249
646 4 154 157 163 257 258
779 4 26 27 133 144 163 228
625 4 7 8 133 163 228
800 4 102 109 163 228 248 257
533 3 4 109 228 248
492 3 4 205 212 228
685 4 163 185 186
686 4 35 90 91 163 237
509 4 44 45 90 91 155 156 163
788 4 28 90 91 163 200
485 4 45 90 91 163 243
572 4 163 208 234 235 259
619 4 97 163 235 243 244
538 4 102 163 238 239 257
604 3 4 46 47 179 180
731 4 34 48 163 193 236 240 241
466 4 98 101 163 236 240
472 0 4 38 39 133 155 156 163
646 4 28 38 39 163 211
