672 448
1 0 1 3 6 10 15
1 0 2 4 7 11 16
1 0 21 22 24 27 31
1 0 36 37 39 42 46
1 1 2 5 8 12 17
1 1 21 23 25 28 32
1 1 61 62 64 67 71
1 2 36 38 40 43 47
1 2 61 63 65 68 72
1 21 36 51 52 54 57
1 21 61 76 77 79 82
1 36 61 86 87 89 92
1 3 4 5 9 13 18
1 3 22 23 26 29 33
1 3 102 103 105 108 112
1 4 37 38 41 44 48
1 4 102 104 106 109 113
1 22 37 51 53 55 58
1 22 102 117 118 120 123
1 37 102 127 128 130 133
1 5 62 63 66 69 73
1 5 103 104 107 110 114
1 23 62 76 78 80 83
1 23 103 117 119 121 124
1 62 103 143 144 146 149
1 38 63 86 88 90 93
1 38 104 127 129 131 134
1 63 104 143 145 147 150
1 51 76 86 96 97 99
1 51 117 127 137 138 140
1 76 117 143 153 154 156
1 86 127 143 159 160 162
1 6 7 8 9 14 19
1 6 24 25 26 30 34
1 6 168 169 171 174 178
1 7 39 40 41 45 49
1 7 168 170 172 175 179
1 24 39 52 53 56 59
1 24 168 183 184 186 189
1 39 168 193 194 196 199
1 8 64 65 66 70 74
1 8 169 170 173 176 180
1 25 64 77 78 81 84
1 25 169 183 185 187 190
1 64 169 209 210 212 215
1 40 65 87 88 91 94
1 40 170 193 195 197 200
1 65 170 209 211 213 216
1 52 77 87 96 98 100
1 52 183 193 203 204 206
1 77 183 209 219 220 222
1 87 193 209 225 226 228
1 9 105 106 107 111 115
1 9 171 172 173 177 181
1 26 105 118 119 122 125
1 26 171 184 185 188 191
1 105 171 234 235 237 240
1 41 106 128 129 132 135
1 41 172 194 195 198 201
1 106 172 234 236 238 241
1 53 118 128 137 139 141
1 53 184 194 203 205 207
1 118 184 234 244 245 247
1 128 194 234 250 251 253
1 66 107 144 145 148 151
1 66 173 210 211 214 217
1 107 173 235 236 239 242
1 78 119 144 153 155 157
1 78 185 210 219 221 223
1 119 185 235 244 246 248
1 144 210 235 259 260 262
1 88 129 145 159 161 163
1 88 195 211 225 227 229
1 129 195 236 250 252 254
1 145 211 236 259 261 263
1 96 137 153 159 165 166
1 96 203 219 225 231 232
1 137 203 244 250 256 257
1 153 219 244 259 265 266
1 159 225 250 259 268 269
1 10 11 12 13 14 20
1 10 27 28 29 30 35
1 10 272 273 275 278 282
1 11 42 43 44 45 50
1 11 272 274 276 279 283
1 27 42 54 55 56 60
1 27 272 287 288 290 293
1 42 272 297 298 300 303
1 12 67 68 69 70 75
1 12 273 274 277 280 284
1 28 67 79 80 81 85
1 28 273 287 289 291 294
1 67 273 313 314 316 319
1 43 68 89 90 91 95
1 43 274 297 299 301 304
1 68 274 313 315 317 320
1 54 79 89 97 98 101
1 54 287 297 307 308 310
1 79 287 313 323 324 326
1 89 297 313 329 330 332
1 13 108 109 110 111 116
1 13 275 276 277 281 285
1 29 108 120 121 122 126
1 29 275 288 289 292 295
1 108 275 338 339 341 344
1 44 109 130 131 132 136
1 44 276 298 299 302 305
1 109 276 338 340 342 345
1 55 120 130 138 139 142
1 55 288 298 307 309 311
1 120 288 338 348 349 351
1 130 298 338 354 355 357
1 69 110 146 147 148 152
1 69 277 314 315 318 321
1 110 277 339 340 343 346
1 80 121 146 154 155 158
1 80 289 314 323 325 327
1 121 289 339 348 350 352
1 146 314 339 363 364 366
1 90 131 147 160 161 164
1 90 299 315 329 331 333
1 131 299 340 354 356 358
1 147 315 340 363 365 367
1 97 138 154 160 165 167
1 97 307 323 329 335 336
1 138 307 348 354 360 361
1 154 323 348 363 369 370
1 160 329 354 363 372 373
1 14 174 175 176 177 182
1 14 278 279 280 281 286
1 30 174 186 187 188 192
1 30 278 290 291 292 296
1 174 278 376 377 379 382
1 45 175 196 197 198 202
1 45 279 300 301 302 306
1 175 279 376 378 380 383
1 56 186 196 204 205 208
1 56 290 300 308 309 312
1 186 290 376 386 387 389
1 196 300 376 392 393 395
1 70 176 212 213 214 218
1 70 280 316 317 318 322
1 176 280 377 378 381 384
1 81 187 212 220 221 224
1 81 291 316 324 325 328
1 187 291 377 386 388 390
1 212 316 377 401 402 404
1 91 197 213 226 227 230
1 91 301 317 330 331 334
1 197 301 378 392 394 396
1 213 317 378 401 403 405
1 98 204 220 226 231 233
1 98 308 324 330 335 337
1 204 308 386 392 398 399
1 220 324 386 401 407 408
1 226 330 392 401 410 411
1 111 177 237 238 239 243
1 111 281 341 342 343 347
1 177 281 379 380 381 385
1 122 188 237 245 246 249
1 122 292 341 349 350 353
1 188 292 379 387 388 391
1 237 341 379 414 415 417
1 132 198 238 251 252 255
1 132 302 342 355 356 359
1 198 302 380 393 394 397
1 238 342 380 414 416 418
1 139 205 245 251 256 258
1 139 309 349 355 360 362
1 205 309 387 393 398 400
1 245 349 387 414 420 421
1 251 355 393 414 423 424
1 148 214 239 260 261 264
1 148 318 343 364 365 368
1 214 318 381 402 403 406
1 239 343 381 415 416 419
1 155 221 246 260 265 267
1 155 325 350 364 369 371
1 221 325 388 402 407 409
1 246 350 388 415 420 422
1 260 364 402 415 427 428
1 161 227 252 261 268 270
1 161 331 356 365 372 374
1 227 331 394 403 410 412
1 252 356 394 416 423 425
1 261 365 403 416 427 429
1 165 231 256 265 268 271
1 165 335 360 369 372 375
1 231 335 398 407 410 413
1 256 360 398 420 423 426
1 265 369 407 420 427 430
1 268 372 410 423 427 431
1 15 16 17 18 19 20
1 15 31 32 33 34 35
1 15 432 433 435 438 442
1 16 46 47 48 49 50
1 16 432 434 436 439 443
1 31 46 57 58 59 60
1 31 432 447 448 450 453
1 46 432 457 458 460 463
1 17 71 72 73 74 75
1 17 433 434 437 440 444
1 32 71 82 83 84 85
1 32 433 447 449 451 454
1 71 433 473 474 476 479
1 47 72 92 93 94 95
1 47 434 457 459 461 464
1 72 434 473 475 477 480
1 57 82 92 99 100 101
1 57 447 457 467 468 470
1 82 447 473 483 484 486
1 92 457 473 489 490 492
1 18 112 113 114 115 116
1 18 435 436 437 441 445
1 33 112 123 124 125 126
1 33 435 448 449 452 455
1 112 435 498 499 501 504
1 48 113 133 134 135 136
1 48 436 458 459 462 465
1 113 436 498 500 502 505
1 58 123 133 140 141 142
1 58 448 458 467 469 471
1 123 448 498 508 509 511
1 133 458 498 514 515 517
1 73 114 149 150 151 152
1 73 437 474 475 478 481
1 114 437 499 500 503 506
1 83 124 149 156 157 158
1 83 449 474 483 485 487
1 124 449 499 508 510 512
1 149 474 499 523 524 526
1 93 134 150 162 163 164
1 93 459 475 489 491 493
1 134 459 500 514 516 518
1 150 475 500 523 525 527
1 99 140 156 162 166 167
1 99 467 483 489 495 496
1 140 467 508 514 520 521
1 156 483 508 523 529 530
1 162 489 514 523 532 533
1 19 178 179 180 181 182
1 19 438 439 440 441 446
1 34 178 189 190 191 192
1 34 438 450 451 452 456
1 178 438 536 537 539 542
1 49 179 199 200 201 202
1 49 439 460 461 462 466
1 179 439 536 538 540 543
1 59 189 199 206 207 208
1 59 450 460 468 469 472
1 189 450 536 546 547 549
1 199 460 536 552 553 555
1 74 180 215 216 217 218
1 74 440 476 477 478 482
1 180 440 537 538 541 544
1 84 190 215 222 223 224
1 84 451 476 484 485 488
1 190 451 537 546 548 550
1 215 476 537 561 562 564
1 94 200 216 228 229 230
1 94 461 477 490 491 494
1 200 461 538 552 554 556
1 216 477 538 561 563 565
1 100 206 222 228 232 233
1 100 468 484 490 495 497
1 206 468 546 552 558 559
1 222 484 546 561 567 568
1 228 490 552 561 570 571
1 115 181 240 241 242 243
1 115 441 501 502 503 507
1 181 441 539 540 541 545
1 125 191 240 247 248 249
1 125 452 501 509 510 513
1 191 452 539 547 548 551
1 240 501 539 574 575 577
1 135 201 241 253 254 255
1 135 462 502 515 516 519
1 201 462 540 553 554 557
1 241 502 540 574 576 578
1 141 207 247 253 257 258
1 141 469 509 515 520 522
1 207 469 547 553 558 560
1 247 509 547 574 580 581
1 253 515 553 574 583 584
1 151 217 242 262 263 264
1 151 478 503 524 525 528
1 217 478 541 562 563 566
1 242 503 541 575 576 579
1 157 223 248 262 266 267
1 157 485 510 524 529 531
1 223 485 548 562 567 569
1 248 510 548 575 580 582
1 262 524 562 575 587 588
1 163 229 254 263 269 270
1 163 491 516 525 532 534
1 229 491 554 563 570 572
1 254 516 554 576 583 585
1 263 525 563 576 587 589
1 166 232 257 266 269 271
1 166 495 520 529 532 535
1 232 495 558 567 570 573
1 257 520 558 580 583 586
1 266 529 567 580 587 590
1 269 532 570 583 587 591
1 20 282 283 284 285 286
1 20 442 443 444 445 446
1 35 282 293 294 295 296
1 35 442 453 454 455 456
1 282 442 592 593 595 598
1 50 283 303 304 305 306
1 50 443 463 464 465 466
1 283 443 592 594 596 599
1 60 293 303 310 311 312
1 60 453 463 470 471 472
1 293 453 592 602 603 605
1 303 463 592 608 609 611
1 75 284 319 320 321 322
1 75 444 479 480 481 482
1 284 444 593 594 597 600
1 85 294 319 326 327 328
1 85 454 479 486 487 488
1 294 454 593 602 604 606
1 319 479 593 617 618 620
1 95 304 320 332 333 334
1 95 464 480 492 493 494
1 304 464 594 608 610 612
1 320 480 594 617 619 621
1 101 310 326 332 336 337
1 101 470 486 492 496 497
1 310 470 602 608 614 615
1 326 486 602 617 623 624
1 332 492 608 617 626 627
1 116 285 344 345 346 347
1 116 445 504 505 506 507
1 285 445 595 596 597 601
1 126 295 344 351 352 353
1 126 455 504 511 512 513
1 295 455 595 603 604 607
1 344 504 595 630 631 633
1 136 305 345 357 358 359
1 136 465 505 517 518 519
1 305 465 596 609 610 613
1 345 505 596 630 632 634
1 142 311 351 357 361 362
1 142 471 511 517 521 522
1 311 471 603 609 614 616
1 351 511 603 630 636 637
1 357 517 609 630 639 640
1 152 321 346 366 367 368
1 152 481 506 526 527 528
1 321 481 597 618 619 622
1 346 506 597 631 632 635
1 158 327 352 366 370 371
1 158 487 512 526 530 531
1 327 487 604 618 623 625
1 352 512 604 631 636 638
1 366 526 618 631 643 644
1 164 333 358 367 373 374
1 164 493 518 527 533 534
1 333 493 610 619 626 628
1 358 518 610 632 639 641
1 367 527 619 632 643 645
1 167 336 361 370 373 375
1 167 496 521 530 533 535
1 336 496 614 623 626 629
1 361 521 614 636 639 642
1 370 530 623 636 643 646
1 373 533 626 639 643 647
1 182 286 382 383 384 385
1 182 446 542 543 544 545
1 286 446 598 599 600 601
1 192 296 382 389 390 391
1 192 456 542 549 550 551
1 296 456 598 605 606 607
1 382 542 598 648 649 651
1 202 306 383 395 396 397
1 202 466 543 555 556 557
1 306 466 599 611 612 613
1 383 543 599 648 650 652
1 208 312 389 395 399 400
1 208 472 549 555 559 560
1 312 472 605 611 615 616
1 389 549 605 648 654 655
1 395 555 611 648 657 658
1 218 322 384 404 405 406
1 218 482 544 564 565 566
1 322 482 600 620 621 622
1 384 544 600 649 650 653
1 224 328 390 404 408 409
1 224 488 550 564 568 569
1 328 488 606 620 624 625
1 390 550 606 649 654 656
1 404 564 620 649 661 662
1 230 334 396 405 411 412
1 230 494 556 565 571 572
1 334 494 612 621 627 628
1 396 556 612 650 657 659
1 405 565 621 650 661 663
1 233 337 399 408 411 413
1 233 497 559 568 571 573
1 337 497 615 624 627 629
1 399 559 615 654 657 660
1 408 568 624 654 661 664
1 411 571 627 657 661 665
1 243 347 385 417 418 419
1 243 507 545 577 578 579
1 347 507 601 633 634 635
1 385 545 601 651 652 653
1 249 353 391 417 421 422
1 249 513 551 577 581 582
1 353 513 607 633 637 638
1 391 551 607 651 655 656
1 417 577 633 651 666 667
1 255 359 397 418 424 425
1 255 519 557 578 584 585
1 359 519 613 634 640 641
1 397 557 613 652 658 659
1 418 578 634 652 666 668
1 258 362 400 421 424 426
1 258 522 560 581 584 586
1 362 522 616 637 640 642
1 400 560 616 655 658 660
1 421 581 637 655 666 669
1 424 584 640 658 666 670
1 264 368 406 419 428 429
1 264 528 566 579 588 589
1 368 528 622 635 644 645
1 406 566 622 653 662 663
1 419 579 635 653 667 668
1 267 371 409 422 428 430
1 267 531 569 582 588 590
1 371 531 625 638 644 646
1 409 569 625 656 662 664
1 422 582 638 656 667 669
1 428 588 644 662 667 671
1 270 374 412 425 429 431
1 270 534 572 585 589 591
1 374 534 628 641 645 647
1 412 572 628 659 663 665
1 425 585 641 659 668 670
1 429 589 645 663 668 671
1 271 375 413 426 430 431
1 271 535 573 586 590 591
1 375 535 629 642 646 647
1 413 573 629 660 664 665
1 426 586 642 660 669 670
1 430 590 646 664 669 671
1 431 591 647 665 670 671
