50 500
1 1 4 6 9 10 11 13 16 21 24 26 30 35 38 40 41 44 46 48
1 0 1 2 4 6 15 18 25 27 29 31 32 33 36 38 39 43 47 48
1 1 4 5 11 19 20 22 25 26 36 37 38 39 42 44 46 48 49
1 4 8 13 16 23 24 29 30 33 34 37 38 39 41 44 46 48 49
1 5 9 13 16 21 22 23 24 25 27 29 32 36 40 42 44 46 48
1 3 4 8 11 16 19 20 22 26 27 28 30 31 33 39 41 47 48
1 0 4 6 7 12 15 18 19 24 27 28 30 31 36 43 45 46 47
1 0 1 9 14 16 24 30 32 34 35 39 40 41 45 46 48 49
1 3 7 8 10 14 17 20 21 26 28 29 31 37 40 41 45 48
1 0 1 10 12 14 17 19 20 22 24 28 31 33 34 37 39 49
1 0 3 4 5 10 11 13 16 17 22 24 26 27 36 42 47
1 1 2 3 4 6 17 21 22 29 32 36 37 39 41 42 45
1 0 6 13 14 18 19 22 23 26 32 37 40 41 42 43 48
1 3 4 8 9 13 14 15 18 20 24 27 32 34 35 40 47
1 1 3 5 6 12 13 17 25 28 30 37 40 43 45 46 47
1 2 8 19 21 22 24 27 28 32 33 34 39 42 43 44 45
1 0 3 4 6 7 21 22 23 25 32 35 39 42 44 47
1 2 7 10 13 14 15 20 25 28 29 31 32 35 37 39
1 5 7 12 17 22 23 31 35 37 38 40 41 43 47 49
1 0 1 2 6 7 14 23 24 25 26 29 33 36 40 47
1 0 10 14 15 16 18 22 26 31 34 36 42 45 47 49
1 0 2 3 7 9 10 12 21 25 26 33 39 42 43 46
1 0 1 4 8 9 23 24 26 32 35 37 38 39 42 46
1 2 3 7 12 14 18 22 29 30 32 36 38 40 42 46
1 2 3 12 15 17 19 22 24 26 27 34 36 44 45 49
1 6 14 15 18 19 20 23 26 28 33 36 38 40 47 48
1 4 5 11 14 19 23 24 26 27 29 30 38 41 44
1 2 4 6 7 8 11 13 21 28 34 39 42 46 48
1 0 3 5 10 12 18 20 25 26 29 30 31 40 41
1 9 14 15 16 17 18 22 26 30 31 36 37 47 48
1 3 5 6 11 12 18 24 35 36 38 42 45 46 47
1 4 7 9 21 23 32 33 34 39 41 44 46 47 48
1 0 3 8 9 14 17 21 24 25 30 32 33 35 49
1 0 2 5 9 20 21 24 26 28 30 32 41 43 46
1 0 4 6 7 9 15 22 29 31 32 37 38 46 49
1 0 1 3 4 5 8 12 17 19 21 33 42 43 47
1 0 9 11 18 24 25 26 34 40 41 44 45 47 49
1 8 11 13 14 19 21 25 31 32 34 36 44 48 49
1 2 7 9 10 15 16 19 30 33 38 41 44 45 47
1 2 11 14 17 19 23 26 27 30 31 35 36 40 49
1 0 4 7 19 20 21 24 25 27 33 37 39 40 46
1 3 9 10 12 18 22 26 27 33 35 38 39 42 43
1 1 4 6 7 9 11 14 23 24 34 35 37 43 45
1 1 3 4 6 8 26 27 34 39 40 42 45 48 49
1 4 8 11 15 17 21 22 27 36 37 40 43 44 45
1 1 4 16 22 24 29 30 31 33 35 40 45 46 48
1 1 3 5 7 12 14 33 34 37 41 43 44 48
1 0 3 14 15 17 21 23 27 33 34 37 39 40
1 0 1 2 4 11 19 25 29 30 34 36 38 43
1 0 1 6 9 11 13 20 22 26 32 35 38 41
1 0 1 2 4 13 15 17 18 26 29 33 37 41
1 4 6 9 17 19 20 22 30 37 38 39 42 46
1 1 4 12 17 19 23 25 29 33 39 46 47 49
1 1 2 3 4 6 7 30 34 35 37 45 48 49
1 2 5 7 11 13 21 24 28 36 38 40 44 46
1 2 4 7 12 17 23 25 30 35 37 40 42 43
1 3 9 10 12 16 22 24 29 32 38 42 46 49
1 0 14 17 25 29 32 34 36 40 42 43 45 49
1 3 7 13 15 20 23 24 28 32 36 42 43 46
1 2 3 6 12 19 21 25 29 30 37 42 44 47
1 2 7 12 13 18 19 20 26 32 35 36 38 39
1 0 7 9 13 15 20 22 23 27 31 39 42 43
1 7 9 13 15 18 23 25 27 28 37 41 46 48
1 4 10 11 13 16 19 20 21 27 41 42 45 48
1 2 7 9 11 13 20 21 28 29 34 35 45 46
1 2 9 10 12 19 27 31 36 38 39 43 45 49
1 0 1 10 11 13 18 20 22 27 31 35 43 44
1 3 6 8 9 13 17 22 23 25 26 27 43 44
1 2 6 17 18 20 21 23 24 39 42 43 44 49
1 1 4 7 10 11 16 18 25 30 35 39 42 46
1 4 14 15 18 20 21 25 27 33 39 41 45 48
1 1 2 7 12 13 16 17 23 28 37 41 42 43
1 0 2 4 5 10 11 14 24 37 39 42 44 49
1 2 6 7 9 13 22 24 26 29 33 34 35 49
1 0 1 3 4 5 14 19 35 36 41 43 45 49
1 9 11 13 17 18 23 27 28 31 37 40 42 45
1 2 5 7 10 15 18 21 22 23 37 40 46 49
1 0 2 4 11 14 21 25 27 32 38 40 42 43
1 3 16 19 20 24 27 29 31 33 34 35 36 47
1 2 6 11 15 18 19 20 23 28 36 39 41 43
1 9 11 12 15 21 26 32 34 35 38 43 44 49
1 3 9 18 23 24 26 30 38 42 43 45 46 49
1 4 6 12 20 26 28 29 30 34 39 42 43 49
1 1 4 6 7 11 18 30 33 34 35 46 47 48
1 3 9 12 17 18 19 23 28 30 34 36 37 48
1 4 5 8 9 23 24 30 33 34 37 43 45 46
1 0 5 8 12 16 17 21 23 30 31 34 37 48
1 2 6 8 10 12 16 19 20 21 22 23 46 47
1 2 4 10 14 15 18 19 34 37 41 42 44 47
1 1 2 8 9 16 20 21 22 34 38 39 45 48
1 3 6 15 16 18 23 27 30 36 37 40 48 49
1 6 7 15 16 24 25 28 29 31 32 37 38 39
1 3 5 16 17 18 19 21 22 25 31 32 41 49
1 2 8 9 13 19 20 25 32 35 36 42 44 47
1 1 2 9 10 11 16 23 32 33 36 39 42 46
1 1 2 4 6 8 14 16 26 28 29 34 40 43
1 1 7 15 16 19 23 24 26 32 35 36 41 46
1 3 10 11 12 13 15 29 36 39 43 45 47
1 1 7 15 19 20 24 27 35 37 39 41 43
1 6 9 12 18 23 24 25 29 37 43 44 46
1 2 4 5 8 9 10 14 17 27 32 36 46
1 7 10 12 14 15 18 20 21 24 28 40 43
1 0 2 6 11 13 22 26 28 30 33 36 43
1 1 2 4 13 27 28 29 30 33 41 43 48
1 0 13 14 15 18 24 28 31 32 36 43 47
1 0 1 3 12 16 18 20 23 24 32 33 37
1 1 2 4 6 9 11 16 26 30 31 46 48
1 2 13 18 21 23 24 27 30 40 44 45 48
1 6 9 10 17 18 19 21 28 32 33 34 47
1 0 2 12 13 14 19 23 26 35 40 44 48
1 0 1 6 9 14 17 23 25 37 43 45 49
1 1 3 6 14 16 22 24 29 34 38 40 49
1 3 5 7 13 15 19 23 37 39 44 45 47
1 5 18 20 27 28 29 34 36 38 41 46 47
1 1 10 14 19 22 34 35 38 40 42 43 45
1 5 7 11 15 22 23 33 39 40 41 43 47
1 2 3 4 5 11 22 31 34 36 41 47 48
1 0 2 5 9 10 12 16 17 38 44 47 49
1 0 1 9 26 28 29 30 33 41 43 47 49
1 0 9 11 15 17 18 30 32 35 36 37 45
1 2 7 10 15 16 17 22 27 28 29 36 48
1 3 4 13 16 19 27 28 29 30 36 37 41
1 3 4 6 8 14 17 19 28 29 45 48 49
1 3 8 9 13 21 23 28 40 42 44 46 49
1 0 1 3 6 10 18 20 22 32 34 37 38
1 2 7 10 11 15 19 20 35 36 38 44 49
1 4 5 11 13 22 30 34 36 38 39 44 46
1 0 8 9 15 19 27 31 38 43 44 47 49
1 3 6 8 10 12 17 19 24 33 42 46 49
1 2 3 4 5 6 7 11 13 31 32 33 36
1 5 10 14 18 19 23 28 31 38 39 45 49
1 0 2 10 11 16 18 28 40 41 44 46 47
1 2 7 8 15 20 21 22 23 25 39 46 47
1 6 8 9 13 16 26 27 29 31 36 43 44
1 0 5 10 12 20 30 35 38 40 47 48 49
1 12 15 16 18 21 27 29 35 37 39 43 47
1 0 6 7 8 14 15 20 23 33 35 36 43
1 1 3 5 8 14 15 27 29 30 35 43 49
1 2 6 9 19 21 23 30 33 34 42 48 49
1 1 2 6 11 18 28 33 35 45 46 48 49
1 2 4 7 10 24 25 26 27 28 43 44 46
1 1 2 3 13 22 25 29 36 39 41 44 47
1 2 7 11 19 23 34 40 42 45 48 49
1 0 9 14 19 30 34 35 43 44 45 46
1 3 12 13 15 25 26 38 40 42 45 46
1 9 10 18 19 26 35 36 43 44 46 48
1 3 13 14 16 17 18 28 33 41 43 47
1 2 7 14 17 22 27 34 44 45 46 48
1 11 15 16 17 20 30 38 40 42 45 48
1 0 3 4 12 19 23 26 29 33 34 40
1 1 3 9 11 22 27 28 29 37 48 49
1 6 7 11 14 15 27 34 37 39 43 46
1 12 16 17 21 24 25 29 31 38 41 45
1 2 5 8 11 14 23 27 38 39 41 48
1 7 10 16 20 25 26 28 30 32 35 36
1 3 10 19 20 22 32 34 35 36 39 42
1 8 14 17 19 24 25 27 30 32 38 40
1 4 6 7 8 14 25 31 36 41 42 43
1 7 8 13 15 19 25 29 30 37 38 43
1 1 6 10 16 21 25 26 29 33 34 38
1 3 4 6 7 11 20 32 33 34 35 40
1 6 9 11 18 20 29 30 41 42 45 47
1 12 14 17 24 27 28 33 40 43 46 47
1 2 4 5 7 8 25 29 32 35 36 37
1 3 4 16 17 23 36 37 43 47 48 49
1 3 4 5 16 20 24 25 31 42 46 47
1 4 12 23 29 32 33 34 39 41 42 47
1 0 2 9 23 24 25 30 34 40 44 48
1 11 14 15 20 22 30 37 40 41 43 48
1 1 6 13 15 26 30 31 32 34 48 49
1 10 14 20 22 29 33 35 36 42 43 47
1 3 6 11 18 20 26 31 34 44 46 48
1 4 13 14 23 25 28 33 35 37 40 44
1 5 10 14 16 17 23 26 28 30 35 37
1 2 5 7 9 11 12 20 25 27 42 48
1 0 7 11 19 22 34 39 41 43 45 46
1 7 8 11 22 32 34 35 38 40 42 48
1 0 3 14 17 18 28 30 32 34 40 47
1 1 3 10 19 31 32 34 35 38 39 46
1 8 9 11 12 18 20 22 25 40 44 47
1 5 7 15 24 25 28 31 32 35 42 45
1 0 2 8 9 18 20 25 26 28 42 47
1 0 2 4 8 16 19 28 32 36 37 48
1 0 4 11 20 28 34 40 41 44 45 47
1 4 9 15 18 19 23 26 27 34 41 49
1 5 6 9 10 15 16 25 30 36 39 41
1 1 4 8 9 11 15 23 30 40 43 48
1 8 14 15 20 29 31 37 40 41 43 45
1 2 4 6 8 9 11 26 28 29 35 45
1 3 14 15 18 19 20 22 28 36 43 44
1 4 6 8 9 13 36 38 41 42 43 46
1 2 3 6 13 19 20 21 22 33 43 48
1 0 4 6 12 23 28 32 33 36 37 43
1 1 11 12 13 17 25 27 37 42 43 47
1 3 5 17 32 36 41 43 44 47 48 49
1 0 1 2 4 8 12 14 15 21 46 49
1 5 6 11 15 19 23 24 30 33 38 39
1 13 15 16 17 18 35 40 44 45 46 47
1 5 8 11 12 16 17 23 37 41 43 49
1 4 8 16 20 23 30 31 37 41 45 48
1 2 9 10 13 19 22 26 27 29 33 43
1 1 5 15 18 30 33 37 39 41 46 49
1 2 5 9 13 14 16 17 26 27 33 36
1 0 7 15 17 26 27 31 37 38 46 48
1 0 5 8 11 13 14 25 28 30 33 46
1 0 1 3 6 7 25 32 34 36 38 48
1 5 6 11 20 25 26 29 33 41 46 49
1 7 8 13 23 24 28 30 32 41 45 46
1 1 7 10 12 20 30 34 41 46 47 49
1 0 5 7 15 18 30 34 37 42 48 49
1 3 4 8 9 14 24 26 37 39 43 44
1 1 11 18 23 25 26 36 37 40 42 46
1 0 16 17 25 29 31 38 40 42 44 49
1 1 6 9 21 27 34 40 46 48 49
1 1 5 7 9 10 27 37 39 47 49
1 4 7 8 17 19 21 26 31 40 49
1 1 4 8 14 18 22 23 26 32 42
1 0 6 12 17 19 25 27 28 40 43
1 0 5 6 18 20 25 27 30 32 45
1 2 14 16 21 26 31 36 40 47 48
1 3 6 12 17 21 23 24 28 30 37
1 7 18 19 23 26 27 39 46 47 48
1 1 8 11 13 15 21 23 34 38 41
1 3 14 20 23 26 31 33 38 42 48
1 7 18 19 24 27 34 42 43 48 49
1 4 14 23 24 25 28 31 41 44 45
1 1 3 14 25 29 31 32 37 41 45
1 1 14 19 20 24 25 36 39 40 42
1 3 4 6 17 19 21 22 43 46 48
1 4 26 28 30 36 42 43 45 46 47
1 2 4 5 6 11 24 29 30 42 44
1 5 7 12 15 16 20 38 41 47 49
1 0 8 9 17 23 32 35 39 41 48
1 2 4 5 11 31 38 41 44 47 49
1 0 3 9 12 15 18 22 27 41 45
1 2 3 5 11 21 22 27 36 38 43
1 1 9 17 18 19 20 42 43 45 49
1 1 2 4 7 16 34 41 42 43 46
1 0 4 10 18 30 32 35 40 41 45
1 4 6 10 17 18 19 26 30 39 42
1 0 1 14 16 21 27 35 36 37 41
1 3 5 11 22 25 31 33 34 39 47
1 1 4 9 21 22 23 36 41 42 44
1 6 17 22 25 26 34 40 43 45 46
1 0 11 15 18 20 21 22 28 34 48
1 2 9 16 17 27 32 36 44 47 49
1 0 10 16 19 24 34 35 42 46 48
1 3 4 6 9 12 21 23 30 35 37
1 6 8 10 17 18 32 39 41 45 49
1 0 4 16 22 27 29 32 34 35 40
1 1 2 10 14 16 30 38 39 46 48
1 6 9 15 17 24 27 37 40 45 47
1 3 8 12 26 38 39 44 46 47 49
1 4 6 10 11 19 24 27 35 39 42
1 0 7 8 9 10 17 18 39 40 42
1 6 12 13 15 25 37 39 41 44 46
1 1 11 17 26 30 31 34 35 41 45
1 4 18 20 21 32 33 34 35 38 39
1 1 6 18 20 24 34 36 39 46 48
1 0 3 11 18 30 32 36 40 42 45
1 1 9 11 13 36 37 38 42 46 49
1 5 14 29 30 33 34 38 41 44 45
1 2 4 6 7 14 16 33 37 43 49
1 0 11 12 16 23 27 37 40 41 43
1 0 3 14 18 21 22 29 38 39 44
1 8 9 16 18 29 30 31 40 46 49
1 7 15 26 35 39 42 44 45 46 47
1 6 7 10 12 15 28 38 40 43 46
1 0 5 11 20 23 32 35 38 43 44
1 0 3 6 7 15 17 36 38 40 41
1 4 5 6 16 23 32 33 43 44 49
1 2 4 12 14 15 17 33 36 38 39
1 2 20 22 25 32 33 40 42 43 47
1 1 7 11 21 29 33 37 40 46 47
1 0 7 8 9 16 30 31 33 34 40
1 9 14 17 25 26 30 32 38 39 40
1 6 13 18 19 23 26 30 34 38 45
1 0 7 9 22 30 32 37 38 45 48
1 5 8 14 19 22 24 26 27 34 35
1 1 25 26 28 30 32 33 39 43 49
1 5 6 7 9 22 24 30 42 47 48
1 7 8 14 25 27 34 39 40 42 44
1 4 6 14 28 31 32 33 37 44 47
1 0 1 6 7 13 19 27 36 37 38
1 4 9 10 23 26 34 39 44 48 49
1 7 13 15 18 19 25 32 34 45 46
1 12 15 20 21 22 23 30 32 33 47
1 3 5 8 9 11 20 30 32 47 48
1 6 7 9 17 23 24 37 40 41
1 3 7 11 31 32 34 35 40 49
1 4 17 20 25 29 31 37 43 45
1 3 4 25 26 30 33 35 41 46
1 1 4 7 8 14 17 20 37 39
1 3 5 7 14 26 29 37 39 44
1 1 3 11 19 23 25 28 32 49
1 6 7 9 11 29 36 41 45 48
1 3 12 18 23 26 31 36 39 47
1 3 6 8 15 16 27 30 43 46
1 3 5 13 16 24 30 36 42 43
1 2 15 19 21 26 28 32 46 48
1 4 8 13 14 22 23 29 31 46
1 2 4 6 13 14 21 25 41 45
1 3 7 16 21 28 34 36 38 46
1 7 24 27 32 36 42 47 48 49
1 5 9 11 12 19 25 42 45 49
1 0 13 19 20 23 29 38 42 49
1 3 8 20 21 26 27 28 29 47
1 5 7 9 12 16 37 40 41 48
1 4 5 9 14 23 28 40 41 45
1 4 13 14 16 35 38 40 41 42
1 9 10 11 17 28 35 36 44 46
1 10 14 16 23 28 31 36 41 48
1 0 2 13 14 15 22 31 40 46
1 1 3 11 20 32 38 39 43 44
1 2 10 16 17 33 34 44 45 48
1 6 7 16 18 19 25 28 42 49
1 14 18 24 26 27 28 32 36 40
1 0 2 3 9 10 17 20 22 46
1 4 8 14 18 28 31 36 37 45
1 9 10 20 25 30 31 32 35 44
1 5 21 25 28 30 37 38 39 44
1 10 16 28 31 32 35 42 44 48
1 2 4 8 17 18 23 25 32 43
1 0 2 7 12 13 22 33 40 48
1 4 8 13 17 23 36 41 43 47
1 5 10 23 27 29 40 45 46 47
1 2 5 9 11 13 21 35 43 46
1 0 4 5 12 17 19 34 45 49
1 8 16 24 26 32 34 35 36 48
1 4 12 16 23 36 41 45 46 48
1 2 4 6 9 12 14 17 23 28
1 0 8 13 16 26 29 33 36 40
1 0 5 7 10 18 25 37 41 48
1 8 10 11 12 19 27 30 35 40
1 3 6 7 12 13 19 25 30 40
1 4 6 9 10 15 32 41 48 49
1 8 12 15 18 25 26 37 44 45
1 3 4 6 13 17 20 25 33 36
1 0 10 16 20 26 28 37 40 49
1 13 17 19 27 29 41 43 47 49
1 6 18 21 33 35 36 37 39 44
1 6 8 9 10 11 35 37 44 48
1 1 6 12 15 28 29 35 44 47
1 0 6 8 13 15 24 31 40 43
1 3 7 12 19 20 32 35 38 47
1 0 2 5 28 31 35 41 45 49
1 2 7 9 12 18 37 42 48 49
1 0 6 7 14 17 26 32 37 42
1 2 7 9 11 23 34 37 42 45
1 7 11 15 22 31 35 39 46 49
1 12 13 20 23 24 33 39 41 46
1 12 16 17 25 29 30 39 47 48
1 0 1 3 22 24 27 38 40 49
1 4 8 11 19 23 24 25 43 45
1 1 2 5 8 12 19 27 38 43
1 0 2 5 9 17 29 31 44 45
1 0 9 15 22 24 31 32 33 46
1 2 5 6 7 11 12 36 39 44
1 6 14 20 27 28 34 42 44
1 0 1 6 15 17 21 29 48
1 5 13 21 28 33 35 42 46
1 1 7 27 30 37 38 39 43
1 0 6 27 29 37 41 48 49
1 9 11 22 27 32 33 35 47
1 4 13 23 25 31 42 44 47
1 2 12 23 24 25 26 29 40
1 2 12 13 14 32 37 48 49
1 10 13 14 15 19 20 37 39
1 3 19 23 24 34 42 44 48
1 5 12 19 21 27 28 33 42
1 3 9 16 17 22 40 44 48
1 4 5 10 15 27 36 40 47
1 0 12 34 40 41 44 46 47
1 0 17 22 36 37 38 42 45
1 6 8 18 26 33 34 43 48
1 0 2 4 15 17 18 23 33
1 10 14 20 23 26 33 41 49
1 0 14 23 39 40 42 48 49
1 9 10 24 28 29 30 38 48
1 16 19 23 26 28 38 46 48
1 2 13 18 24 27 30 34 35
1 4 21 27 29 30 38 40 43
1 17 19 21 30 31 35 42 44
1 2 8 10 22 25 41 46 47
1 13 17 18 20 21 31 34 39
1 2 5 9 32 37 40 46 48
1 1 5 10 30 33 34 36 43
1 8 10 13 22 27 34 38 49
1 1 5 8 19 22 41 42 47
1 9 11 16 18 33 35 46 48
1 2 6 9 10 29 30 39 48
1 3 4 13 16 17 20 38 48
1 5 7 13 15 17 32 37 47
1 3 5 7 9 14 23 38 47
1 1 5 12 23 24 31 44 49
1 0 9 20 23 27 35 41 44
1 10 17 18 26 30 36 37 43
1 0 5 7 9 18 27 31 42
1 6 12 16 21 36 39 42 44
1 3 7 15 23 27 36 42 45
1 2 12 13 19 29 34 35 36
1 3 6 11 17 18 20 23 47
1 3 5 7 8 10 25 45 49
1 1 8 9 21 23 26 27 47
1 18 19 30 31 35 36 38 39
1 5 8 12 21 22 25 33 47
1 1 9 15 16 23 25 39 45
1 4 9 20 21 42 43 45 47
1 10 11 13 24 35 39 40 48
1 0 2 15 17 33 35 42 46
1 9 12 14 15 17 33 43 45
1 3 7 15 21 23 27 28 35
1 2 3 5 16 23 25 27 40
1 20 22 24 25 39 40 45
1 2 7 12 16 18 31 33
1 0 7 11 24 25 27 48
1 2 6 12 22 46 47 49
1 1 22 29 35 38 43 47
1 10 28 33 34 35 37 49
1 4 5 7 25 30 35 38
1 6 14 18 24 34 43 47
1 1 4 6 21 27 31 32
1 2 16 19 35 37 40 44
1 8 15 25 27 28 36 48
1 0 4 13 26 27 40 43
1 1 4 6 9 28 29 39
1 2 20 27 28 39 45 49
1 15 23 25 28 30 31 49
1 4 6 8 9 16 37 48
1 5 7 13 22 27 32 45
1 5 32 34 37 43 45 48
1 6 23 32 37 42 46 48
1 4 5 21 36 37 43 45
1 1 15 23 26 34 36 42
1 1 11 19 38 43 44 47
1 1 10 13 30 34 36 44
1 2 12 24 25 34 37 49
1 6 10 12 24 39 46 47
1 3 8 11 15 18 20 44
1 3 11 18 21 24 31 47
1 19 26 34 35 41 43 48
1 6 8 9 26 28 32 47
1 4 11 16 21 28 29 41
1 0 6 11 13 28 42 45
1 3 7 8 12 16 23 24
1 4 12 13 14 20 37 38
1 10 12 17 19 25 26 48
1 0 23 25 26 29 44 49
1 3 4 7 36 38 46 49
1 0 3 9 15 19 22 40
1 4 10 24 30 36 38 39
1 8 10 27 31 37 38 49
1 1 3 23 29 31 34 37
1 3 12 13 22 23 36 45
1 1 20 21 31 35 39 47
1 7 13 25 26 32 33 34
1 6 9 16 27 32 48
1 10 28 30 45 47 49
1 2 4 8 33 37 48
1 2 6 8 10 30 37
1 0 10 15 31 38 44
1 12 22 27 30 39 47
1 3 6 17 26 28 29
1 1 3 15 22 31 35
1 2 7 17 21 35 45
1 0 15 26 36 38 45
1 3 5 32 38 44 48
1 4 8 15 16 31 35
1 12 19 21 23 32 35
1 1 11 25 38 43 45
1 0 4 11 15 23 26
1 2 6 13 19 36 43
1 14 17 20 33 36 37
1 5 16 25 34 42 46
1 3 11 24 25 27 45
1 8 10 20 33 35 46
1 3 5 24 26 30 49
1 0 18 21 23 25 32
1 0 7 20 34 41 43
1 0 4 6 9 12 16
1 11 12 30 31 40
1 4 20 39 40 48
1 2 13 20 24 47
1 10 17 30 39 43
1 7 32 40 46 48
1 4 6 16 18 31
1 6 26 28 34 35
1 25 28 33 39 41
1 1 25 38 45 48
1 13 20 28 29 31
1 12 14 21 41 48
1 20 22 23 37 42
1 9 33 37 41
1 0 22 30 33
1 14 16 32 44
1 13 20 44 46
1 15 38 43 46
1 1 18 36
1 8 12
1 10
