50 500
1 0 5 8 11 12 13 14 17 18 24 30 31 33 34 35 43 47 49
1 1 6 10 13 17 18 19 21 26 28 33 34 35 37 42 44 46
1 3 4 9 12 17 18 19 23 24 26 27 30 31 35 41 45 47
1 6 7 11 13 19 20 22 24 25 31 33 36 40 41 42 47 49
1 0 1 4 10 14 15 19 20 21 23 24 27 29 41 46 48 49
1 6 7 8 11 16 18 19 20 27 30 32 35 38 39 40 46
1 4 7 12 19 20 22 23 25 27 35 39 41 42 45 48 49
1 2 4 6 8 12 15 19 21 23 24 25 34 38 42 44 45
1 0 1 8 9 16 17 26 31 34 35 38 39 41 44 46 48
1 7 10 12 13 15 19 20 21 24 26 29 30 32 33 35 43
1 1 6 11 12 13 15 20 21 23 31 36 37 42 45 46 49
1 0 1 3 5 12 13 17 20 21 22 27 29 31 36 38 49
1 1 2 13 14 17 18 20 29 36 37 38 39 40 41 42 44
1 3 7 12 14 16 19 22 24 33 34 38 40 41 42 46
1 1 11 12 14 18 19 20 21 23 24 31 32 34 39 41
1 1 2 9 12 14 18 21 23 27 32 33 36 44 46 48
1 0 2 3 5 6 9 13 23 26 27 34 35 38 40 49
1 4 7 8 10 15 23 26 28 29 32 33 37 39 45 48
1 0 2 4 5 7 10 11 14 16 26 30 34 44 46 49
1 1 2 5 10 17 20 26 27 29 30 34 37 39 46 47
1 0 6 7 9 11 15 18 20 22 28 29 30 33 42 46
1 6 9 12 13 14 20 25 27 28 31 32 36 37 39 46
1 1 3 6 9 10 12 13 21 26 29 30 32 34 35 40
1 1 6 8 10 13 14 16 20 21 26 27 35 37 38 47
1 1 2 7 8 16 21 24 26 31 34 37 41 44 46 47
1 3 4 5 8 17 22 25 28 29 30 35 38 39 41 44
1 0 3 9 14 16 18 19 20 24 26 30 34 37 40 44
1 2 3 12 14 19 21 22 23 27 29 32 38 40 42 45
1 4 8 10 21 23 25 27 29 37 38 40 41 44 48
1 1 2 4 5 9 11 17 23 26 31 36 46 47 49
1 0 6 7 8 10 15 16 25 28 29 31 40 41 49
1 3 5 8 11 15 16 17 20 23 24 25 26 33 39
1 1 2 8 16 18 20 22 25 26 39 40 41 48 49
1 0 11 12 18 19 23 25 28 30 36 38 41 42 48
1 6 10 12 13 14 15 16 20 21 32 42 45 46 48
1 1 2 10 16 20 23 24 30 31 34 36 37 42 49
1 0 2 12 17 20 22 23 30 32 34 40 42 44 47
1 2 6 11 14 18 20 21 22 23 29 30 42 48 49
1 1 5 9 10 13 14 16 23 31 33 35 36 45 47
1 1 2 8 9 11 15 31 35 39 43 44 46 47 48
1 0 1 4 5 11 13 14 19 27 33 34 42 43 44
1 1 2 3 7 8 10 13 15 21 27 33 38 45 48
1 0 2 14 21 24 27 29 31 40 41 45 46 47 48
1 0 3 18 19 20 21 28 30 33 35 37 38 42 45
1 4 11 17 21 23 26 30 31 34 35 40 43 44 45
1 0 6 8 15 20 27 28 30 31 33 34 37 43 45
1 0 3 10 14 17 22 26 27 34 37 38 41 47 49
1 1 2 8 10 11 16 19 21 23 27 36 37 40 46
1 1 2 4 10 11 20 23 34 35 39 44 46 48 49
1 2 9 11 13 17 19 21 27 35 36 39 42 43 44
1 1 3 9 13 16 17 20 21 28 30 33 37 43 48
1 0 1 10 17 20 23 31 34 36 42 43 44 45 47
1 3 11 18 19 20 21 22 23 24 38 40 43 44 49
1 2 3 5 7 14 20 21 22 24 26 30 41 44 46
1 1 10 14 18 20 21 34 36 40 43 44 45 47 48
1 3 4 5 6 10 17 22 27 29 34 35 38 40 45
1 0 2 3 4 6 9 12 24 29 30 31 37 43 48
1 14 23 28 32 33 35 37 38 39 40 41 42 45
1 1 5 9 11 16 21 22 26 28 30 34 41 44
1 0 4 8 9 12 18 19 22 24 28 41 43 45
1 3 5 18 25 29 34 36 37 41 42 45 48 49
1 1 4 20 22 24 26 28 29 31 32 42 45 47
1 1 5 6 10 18 19 24 27 33 35 38 46 48
1 3 5 7 13 17 22 29 30 31 36 37 38 48
1 7 9 10 12 17 19 22 23 31 32 33 35 40
1 0 5 11 13 14 15 23 28 29 30 31 39 46
1 4 9 10 11 12 16 20 22 24 30 32 41 45
1 2 12 14 15 20 22 30 34 37 38 39 41 44
1 1 2 5 7 13 22 27 29 33 34 36 41 46
1 0 8 14 19 20 21 26 33 37 38 42 48 49
1 2 6 7 10 20 23 25 30 31 42 43 47 49
1 7 10 15 17 18 23 30 32 34 39 43 47 48
1 0 4 13 18 23 32 34 37 38 43 45 46 48
1 2 4 12 17 19 22 24 27 32 34 37 48 49
1 10 12 13 18 22 26 27 31 32 42 44 45 49
1 2 5 6 10 11 14 20 26 31 33 36 38 45
1 2 5 9 10 14 24 27 29 30 37 38 40 41
1 1 2 4 7 10 14 19 23 25 33 34 37 44
1 2 3 11 19 24 25 27 30 31 35 38 44 48
1 2 4 5 12 15 20 21 25 28 35 38 42 49
1 0 1 9 11 14 15 19 34 38 40 42 45 47
1 9 10 14 16 20 21 22 23 37 39 41 43 48
1 1 7 11 24 29 30 31 32 38 40 41 43 44
1 0 1 7 8 12 17 22 25 28 29 30 45 49
1 0 5 11 13 15 17 19 20 30 34 35 40 49
1 3 9 10 12 13 15 17 24 28 29 42 43 45
1 6 11 14 17 18 21 22 25 26 38 40 44 47
1 10 13 16 20 22 27 35 36 37 41 43 44 48
1 7 9 13 15 22 27 28 34 41 43 44 45 48
1 1 8 9 18 32 33 36 39 42 44 45 47 48
1 15 17 20 21 31 33 34 40 43 44 45 47 49
1 10 11 13 16 21 22 25 28 32 39 45 46 49
1 4 7 9 11 25 28 32 33 41 43 44 46
1 3 4 6 9 13 16 20 34 36 39 40 46
1 3 7 14 15 16 20 21 31 36 40 43 44
1 3 6 9 10 16 21 24 25 28 31 41 42
1 4 7 17 18 19 21 22 25 28 34 38 47
1 1 6 10 14 17 20 24 36 44 47 48 49
1 4 10 13 14 15 23 24 26 27 28 31 48
1 0 4 7 17 22 28 31 34 35 39 44 47
1 4 6 17 21 26 27 29 34 35 36 44 45
1 2 5 9 11 19 22 30 32 34 39 44 46
1 0 2 10 15 18 21 24 27 34 46 48 49
1 2 4 6 17 18 22 24 28 29 38 44 48
1 9 16 17 20 23 27 30 31 36 38 42 43
1 5 17 23 27 28 30 31 35 40 41 46 49
1 7 9 11 15 26 30 33 34 38 41 42 49
1 4 5 8 19 24 25 27 29 36 38 43 49
1 0 1 5 6 14 18 21 31 34 36 42 46
1 3 6 8 15 18 20 30 31 35 36 41 42
1 1 4 6 7 9 12 16 21 28 39 40 46
1 1 6 10 11 12 13 23 24 33 39 48 49
1 8 9 17 18 21 25 26 27 31 36 45 46
1 11 14 15 17 18 24 28 31 41 45 46 49
1 1 4 6 14 17 21 24 30 34 35 40 49
1 4 5 12 13 15 16 21 25 31 34 38 47
1 3 5 7 8 22 27 31 37 39 43 45 47
1 2 7 8 11 17 25 34 36 40 41 43 49
1 4 6 10 11 17 20 21 23 31 33 44 47
1 0 5 6 15 21 24 26 29 30 33 42 47
1 0 3 4 14 18 22 25 30 36 38 39 49
1 7 10 16 18 19 20 28 30 33 37 40 42
1 0 5 13 16 17 21 24 29 30 42 47 49
1 0 1 14 15 17 19 22 24 31 35 41 42
1 1 3 6 9 17 23 27 29 30 31 41 49
1 0 1 2 5 14 15 23 31 32 37 41 45
1 1 3 7 10 14 15 16 26 30 32 35 49
1 0 6 7 21 22 23 24 28 35 37 43 48
1 2 8 13 21 23 26 27 33 34 45 46 49
1 0 2 5 12 20 23 24 25 26 27 40 44
1 5 10 20 21 23 24 28 36 39 42 44 46
1 1 7 8 15 18 19 24 26 30 31 43 45
1 5 6 8 16 18 19 24 34 35 40 41 47
1 0 6 8 9 12 13 17 25 34 38 42 49
1 3 8 10 11 20 21 23 32 39 42 43 44
1 1 3 4 5 9 21 25 32 36 46 48 49
1 4 9 17 19 22 25 26 32 35 36 46 49
1 1 7 8 11 16 24 26 29 38 41 42 47
1 1 3 13 19 22 26 27 28 29 32 33 47
1 5 6 8 12 16 17 29 32 38 41 42 49
1 1 14 17 19 27 33 36 42 45 47 48
1 2 9 14 16 21 26 36 37 38 40 44
1 0 2 3 4 10 25 29 30 32 44 49
1 3 8 10 17 18 20 24 32 36 43 45
1 1 2 3 6 12 20 24 27 35 45 46
1 0 1 8 14 21 23 31 36 41 43 47
1 0 2 8 14 18 20 26 34 35 41 45
1 0 7 8 11 15 38 39 40 42 45 48
1 2 3 4 7 9 10 23 38 40 44 48
1 0 3 5 6 19 21 23 27 28 39 45
1 0 4 13 26 27 33 37 39 40 45 47
1 1 3 20 24 28 32 37 39 46 48 49
1 4 7 9 10 17 22 27 29 39 40 41
1 2 9 11 14 18 23 24 28 29 40 49
1 0 2 13 24 25 30 33 36 37 44 49
1 5 9 14 17 19 24 28 39 40 43 46
1 4 8 16 18 19 22 26 27 28 37 40
1 8 13 15 22 27 32 37 39 46 47 48
1 0 6 11 14 20 30 31 34 38 46 47
1 3 6 9 15 18 20 33 35 36 38 41
1 3 11 15 16 17 26 31 39 42 45 46
1 5 6 10 14 19 20 22 23 31 35 46
1 0 1 2 3 24 32 41 43 44 45 48
1 4 12 14 19 25 26 28 30 42 46 49
1 2 3 10 13 17 34 36 41 43 44 45
1 4 8 10 24 27 28 29 38 47 48 49
1 3 10 11 21 25 29 31 32 34 40 46
1 5 8 9 10 11 19 21 22 43 45 47
1 3 5 7 18 24 29 31 35 38 40 47
1 1 9 13 14 22 27 29 38 39 41 44
1 2 7 8 15 17 19 30 44 45 47 49
1 6 7 9 10 16 20 28 35 39 44 47
1 7 17 20 30 32 34 35 42 43 48 49
1 2 7 8 16 20 27 32 33 34 42 49
1 2 10 12 13 14 18 20 21 26 29 43
1 5 9 15 17 23 25 27 35 37 43 46
1 1 7 11 15 16 21 26 33 38 42 45
1 2 3 8 12 27 31 35 41 45 47 48
1 0 3 4 5 10 15 19 20 33 37 39
1 2 5 9 11 12 14 16 24 29 34 38
1 1 2 4 13 16 23 26 34 40 41 48
1 9 12 13 20 24 27 29 34 43 44 47
1 9 12 13 17 18 21 22 34 41 42 45
1 3 9 14 15 17 18 20 27 28 37 46
1 5 8 12 14 16 33 35 37 39 42 45
1 0 5 8 9 16 17 18 22 24 31 43
1 0 1 5 25 29 33 39 41 44 46 47
1 1 9 10 11 32 33 36 37 38 43 44
1 1 11 13 16 20 23 24 36 37 38 43
1 5 6 9 21 24 28 31 39 43 44 47
1 5 10 14 17 24 28 29 32 35 41 47
1 2 8 17 21 26 28 32 36 40 41 49
1 8 14 21 31 33 34 38 43 47 48 49
1 0 13 17 24 26 27 31 37 39 40 46
1 13 15 17 19 23 28 30 35 37 42 44
1 0 1 7 12 23 28 29 35 38 41 44
1 3 4 18 20 32 40 42 43 45 46 49
1 2 6 11 12 13 19 20 27 33 38 45
1 3 13 14 16 22 23 28 37 45 48 49
1 0 1 2 8 11 18 19 25 41 44 45
1 2 7 12 15 21 22 35 38 40 44 49
1 0 9 15 22 24 27 28 29 30 31 38
1 3 8 11 17 23 25 29 34 37 41 48
1 1 2 3 7 11 12 20 22 24 43 49
1 12 14 15 17 22 25 33 37 40 44 47
1 5 10 12 14 17 20 24 25 27 37 46
1 18 24 27 28 29 35 36 38 40 44 47
1 1 5 9 10 11 17 18 20 21 23 33
1 3 7 8 16 17 20 22 39 43 47 48
1 1 2 10 12 17 22 25 28 36 44 49
1 0 4 10 12 18 22 29 32 44 45 46
1 7 22 25 26 27 28 33 34 39 40 43
1 3 6 16 21 22 25 32 37 41 42 43
1 4 5 14 21 30 31 34 35 41 44 46
1 4 5 6 7 18 22 30 32 43 45 49
1 14 18 19 20 22 25 32 34 35 40
1 0 20 22 25 28 32 40 42 43 48
1 1 3 6 7 14 33 37 39 43 44
1 1 24 27 30 32 34 35 40 41 46
1 1 5 12 14 21 23 24 32 37 44
1 5 7 12 17 23 31 34 39 46 48
1 5 10 13 17 19 22 28 31 37 44
1 0 1 3 17 25 29 31 38 45 46
1 2 5 10 15 22 24 27 38 39 46
1 7 9 10 12 18 20 23 44 47 48
1 1 6 8 9 12 19 24 31 41 43
1 0 2 14 21 25 26 34 41 44 48
1 0 8 11 16 30 37 40 41 45 48
1 0 3 9 16 18 20 26 30 39 42
1 2 11 13 15 16 32 35 42 43 44
1 12 14 18 23 26 29 35 40 41 47
1 5 8 13 14 19 24 26 32 35 45
1 2 8 9 10 13 15 20 29 39 41
1 4 7 18 26 27 29 40 43 47 49
1 0 7 16 17 21 25 27 32 37 40
1 2 4 11 14 16 26 28 30 39 40
1 3 20 28 33 36 37 39 40 41 48
1 10 18 20 25 26 28 29 33 34 35
1 2 8 11 16 33 37 43 44 46 47
1 3 4 6 11 12 14 15 23 31 39
1 1 6 10 19 26 29 33 35 37 45
1 1 8 9 11 14 36 37 43 48 49
1 7 8 20 21 25 30 35 37 42 45
1 15 18 23 28 29 36 37 38 40 44
1 1 4 5 9 12 15 26 33 36 39
1 2 5 20 21 29 35 39 40 41 44
1 5 13 15 19 21 27 32 38 41 46
1 3 4 6 17 19 33 36 40 42 49
1 5 8 16 25 28 30 35 45 46 49
1 5 12 15 16 18 22 23 27 38 46
1 4 7 9 25 30 37 41 42 44 45
1 9 17 18 19 23 25 31 36 42 46
1 6 10 13 28 32 34 42 45 47 48
1 9 17 18 20 23 26 31 33 34 44
1 3 7 14 15 19 28 37 41 44 47
1 0 5 11 14 19 22 24 36 42 45
1 7 11 13 21 23 27 29 33 36 42
1 0 3 23 26 27 31 34 39 43 48
1 12 20 27 28 41 42 45 46 47 48
1 0 5 10 13 19 33 34 43 46 48
1 0 3 12 16 17 19 24 28 36 48
1 0 4 12 15 16 18 30 31 42 49
1 1 7 8 10 12 18 19 33 39 47
1 3 5 10 11 23 24 30 46 48 49
1 2 5 6 21 27 29 33 35 46 48
1 3 6 8 22 27 31 33 36 43 44
1 0 13 15 23 27 29 34 35 42 46
1 0 7 9 10 17 29 31 33 46 47
1 1 9 10 11 16 20 21 22 37 43
1 0 4 5 6 9 12 15 18 28 46
1 6 8 11 16 21 35 36 41 43 45
1 1 10 24 27 31 33 38 39 45 49
1 2 4 11 12 13 17 20 35 41 42
1 10 11 14 19 26 33 37 39 46
1 6 8 10 11 19 20 26 29 32
1 6 7 15 18 21 22 36 44 49
1 16 19 20 24 31 35 42 46 47
1 9 13 14 20 22 32 34 37 45
1 2 6 15 20 23 27 28 38 39
1 13 14 17 19 21 35 36 43 45
1 4 5 6 14 20 32 35 40 46
1 4 11 12 19 31 33 45 46 47
1 12 13 16 17 19 29 31 43 47
1 6 19 25 33 34 36 41 46 48
1 5 8 10 11 34 40 43 44 48
1 0 1 8 10 13 15 16 41 49
1 1 13 14 17 21 23 31 43 44
1 2 4 10 11 24 25 28 34 49
1 4 8 10 12 14 19 34 38 40
1 10 18 27 30 32 34 42 46 48
1 0 5 9 11 12 20 30 36 42
1 1 8 16 18 22 23 36 37 44
1 1 9 21 24 26 28 31 36 43
1 7 11 13 22 23 27 38 43 45
1 1 3 11 15 29 31 35 41 44
1 2 13 17 23 24 36 37 46 47
1 3 13 16 20 26 30 34 39 49
1 2 3 6 16 20 23 30 41 42
1 3 8 14 16 25 26 28 35 41
1 0 13 20 24 29 30 35 37 40
1 3 9 15 19 24 38 40 42 43
1 1 4 7 10 23 27 31 41 43
1 2 3 5 9 19 24 32 33 49
1 10 11 14 15 19 27 35 40 47
1 3 11 17 23 24 28 29 36 38
1 3 10 11 13 23 33 40 48 49
1 1 3 5 6 9 16 20 26 48
1 3 5 18 19 20 26 30 37 46
1 7 8 16 21 25 26 42 44 45
1 0 7 11 16 23 32 35 36 42
1 3 5 14 24 30 34 40 46 48
1 1 2 4 8 11 22 25 27 35
1 2 7 9 32 34 38 39 41 47
1 2 7 11 17 26 28 32 42 45
1 0 4 7 18 19 20 33 34 38
1 9 13 19 25 29 30 37 38 39
1 1 3 5 13 28 32 35 46 49
1 5 9 10 20 24 30 32 34 36
1 12 13 16 22 26 27 31 37 39
1 3 4 5 15 22 24 30 35 37
1 0 2 5 10 11 41 45 46 47
1 2 3 4 5 29 33 44 46 48
1 3 5 10 18 27 38 40 44 49
1 1 4 7 13 18 19 20 32 46
1 3 7 23 24 25 37 44 45 49
1 2 6 8 13 14 15 25 31 42
1 2 3 4 14 26 33 35 36 45
1 2 5 16 18 19 21 32 40 45
1 3 11 19 22 28 32 44 45 49
1 2 13 19 23 24 25 34 46 49
1 9 13 17 24 28 35 38 41 44
1 6 12 15 24 38 39 45 47 49
1 5 7 13 28 29 30 32 38 47
1 8 12 20 21 33 35 36 42 48
1 3 4 11 14 21 36 40 48 49
1 1 5 10 16 30 32 33 39 41
1 0 4 12 14 16 18 23 36 47
1 12 20 26 31 33 35 39 40 48
1 9 13 15 16 18 20 31 36 46
1 0 10 12 15 18 27 28 35 41
1 1 11 15 21 32 33 35 45 47
1 5 10 12 13 21 26 27 37 48
1 0 7 10 18 31 33 36 42 43
1 6 15 24 29 37 41 45 46
1 2 15 19 37 38 44 46 49
1 3 12 32 38 41 43 46 47
1 13 23 25 27 41 46 48 49
1 8 16 18 20 27 31 33 40
1 4 8 11 15 31 35 41 48
1 10 13 19 21 34 35 39 44
1 6 8 13 25 35 39 40 43
1 0 4 12 14 20 21 25 37
1 2 5 6 24 28 35 43 44
1 0 3 18 24 25 26 30 47
1 6 15 18 27 35 40 43 47
1 2 14 23 25 27 30 38 46
1 8 9 12 13 16 35 39 41
1 12 14 16 20 23 33 35 42
1 0 6 7 10 22 28 36 49
1 1 7 9 12 18 39 40 49
1 9 10 14 19 23 24 30 43
1 2 11 18 22 30 39 46 48
1 9 17 22 23 25 31 38 47
1 10 17 20 24 28 34 38 44
1 3 24 28 31 32 38 47 49
1 3 5 13 20 21 26 27 29
1 17 20 32 35 40 42 44 47
1 11 12 16 20 25 27 29 37
1 8 14 17 22 32 40 41 44
1 12 18 25 26 29 35 41 42
1 3 7 14 15 16 32 44 49
1 1 11 13 25 26 34 38 40
1 5 17 24 35 41 43 48 49
1 2 7 12 17 24 30 40 44
1 4 16 26 30 32 33 36 41
1 3 6 7 26 35 37 43 47
1 9 13 21 24 27 37 38 48
1 0 1 6 7 9 13 20 31
1 1 4 5 19 20 21 33 46
1 7 10 13 22 26 27 38 41
1 4 12 13 14 17 39 40 45
1 3 4 5 31 32 36 45 46
1 8 15 18 20 30 39 46 47
1 3 4 8 9 21 23 32 33
1 7 9 11 16 25 30 31 48
1 5 6 13 23 26 30 41 46
1 1 6 9 13 21 34 37 47
1 8 20 27 29 33 37 42 46
1 0 1 13 15 17 20 26 39
1 1 4 5 6 16 25 36 46
1 14 19 25 26 27 38 46 49
1 0 16 23 25 33 41 43 47
1 9 15 23 34 36 40 42 45
1 1 3 4 5 28 33 37 41
1 15 18 20 27 31 41 43 49
1 10 12 15 25 26 34 37 43
1 1 28 33 36 38 41 45 46
1 8 9 13 22 25 34 44 49
1 0 12 20 33 37 39 44 45
1 8 15 19 22 23 38 40 42
1 5 7 10 15 17 41 42 48
1 2 12 21 25 36 43 48
1 7 8 18 24 28 42 43
1 4 8 9 14 21 27 40
1 9 10 12 19 26 28 45
1 1 5 10 23 24 44 45
1 10 16 18 38 40 41 44
1 7 10 11 15 25 35 46
1 1 10 27 28 32 41 43
1 15 23 24 26 29 42 47
1 16 22 32 34 36 41 48
1 2 3 11 16 27 29 45
1 10 18 32 44 45 47 48
1 15 17 20 23 34 45 49
1 4 12 24 27 30 31 40
1 4 5 8 19 25 32 33
1 5 11 14 18 32 37 42
1 1 7 10 12 25 43 49
1 2 4 7 10 18 29 36
1 3 6 7 10 17 22 41
1 5 7 15 18 23 36 40
1 7 19 22 23 39 42 43
1 0 9 11 13 36 38 45
1 3 5 9 12 24 27 35
1 1 13 33 35 39 44 49
1 7 8 20 23 32 35 42
1 6 8 17 27 33 35 40
1 18 22 27 35 39 40 42
1 6 9 12 25 31 32 35
1 1 19 28 33 37 41 43
1 0 3 24 25 35 45 46
1 21 27 29 30 36 44 48
1 2 4 7 8 11 18 31
1 15 17 20 24 30 36 40
1 8 9 23 27 32 38 45
1 2 8 21 30 31 40 47
1 7 14 22 32 35 43 47
1 0 2 19 34 41 48
1 5 9 26 27 37 41
1 0 3 6 27 44 45
1 10 13 23 38 43 49
1 0 13 32 33 44 46
1 4 15 21 23 36 37
1 7 9 17 23 33 46
1 1 11 25 28 30 41
1 12 13 14 18 34 48
1 0 24 26 31 41 49
1 7 23 24 35 37 47
1 1 7 10 24 41 44
1 25 30 37 42 44 49
1 2 5 21 30 44 45
1 0 3 17 18 26 30
1 7 31 33 34 36 44
1 1 9 15 28 35 36
1 3 10 16 20 36 37
1 0 20 34 35 38 40
1 2 15 16 17 31 45
1 2 24 26 33 34 48
1 14 24 35 38 40 43
1 2 5 26 27 28 31
1 5 8 11 23 30 37
1 6 16 19 38 41 49
1 6 21 35 41 43 47
1 7 14 29 30 31 39
1 10 24 25 27 29 40
1 23 24 31 32 42 48
1 6 17 19 22 42
1 7 11 34 44 45
1 8 11 12 24 42
1 6 19 26 31 44
1 2 6 15 26 41
1 1 16 25 31 37
1 1 26 34 39 44
1 9 26 27 45 46
1 7 11 19 27 36
1 0 10 31 45 47
1 4 9 13 35 46
1 4 13 18 26 33
1 6 15 20 27 30
1 32 40 43 44 46
1 8 11 41 42 48
1 14 21 22 31 46
1 18 28 33 35 44
1 16 22 30 43 49
1 3 16 21 28 39
1 2 15 26 30
1 9 19 35 36
1 12 30 33 44
1 8 13 25 41
1 1 8 36 49
1 26 30 39 45
1 4 27 35 38
1 2 8 26 45
1 15 29 45 49
1 14 34 35 48
1 0 29 31 44
1 7 26 43
1 22 29 43
1 18 31 41
1 4 20 48
