50 500
1 0 6 9 10 14 15 16 18 19 21 33 34 35 36 37 38 45 47
1 0 1 2 3 4 6 15 16 17 20 29 34 37 40 41 42 47
1 2 5 6 7 9 10 13 15 25 31 34 38 39 40 41 44 45
1 0 2 3 6 7 9 15 19 24 30 31 33 35 40 41 44 47
1 3 4 7 8 9 10 15 21 26 27 29 30 32 39 40 49
1 3 4 10 13 18 20 22 25 26 28 32 33 38 39 47 49
1 0 2 5 6 11 14 15 17 19 26 32 33 34 36 38 42
1 10 12 13 15 17 24 25 29 32 33 34 39 41 43 48
1 0 2 6 11 13 14 19 20 28 33 36 38 43 46 49
1 2 9 12 15 21 26 28 30 31 32 36 38 42 46 49
1 0 1 7 11 14 15 24 26 31 33 34 35 39 41 44
1 0 2 7 12 14 15 16 18 21 24 36 41 42 43 49
1 10 16 26 27 31 33 34 37 39 40 41 42 44 45 46
1 6 7 8 17 20 24 25 29 30 38 40 43 47 48 49
1 0 1 2 4 7 12 17 21 26 28 33 35 43 44 45
1 0 4 9 11 13 15 18 19 29 30 40 43 45 46 47
1 5 6 8 10 12 14 27 28 30 35 36 39 40 48 49
1 4 5 10 15 17 22 24 27 31 38 39 40 41 42 43
1 3 14 15 20 21 25 32 33 36 37 40 42 44 48 49
1 0 8 13 14 16 19 21 23 27 28 29 33 34 43 44
1 1 9 12 13 17 20 22 23 27 28 30 32 36 43 45
1 0 4 5 8 14 17 21 23 25 27 33 34 38 42 45
1 0 2 13 18 23 24 25 27 32 33 35 43 48 49
1 0 2 6 9 12 17 18 27 33 36 38 41 42 45
1 2 5 6 8 19 22 28 30 31 32 40 42 45 49
1 1 3 6 8 9 12 17 25 28 29 33 36 41 42
1 2 5 6 7 9 11 13 19 20 22 24 30 31 45
1 0 2 6 9 13 14 25 26 29 30 32 41 48 49
1 6 11 13 15 21 25 28 29 32 33 40 42 45 49
1 1 7 8 11 16 21 29 31 34 37 38 44 47 48
1 4 5 6 7 9 15 23 30 31 32 33 34 35 36
1 4 5 11 14 17 19 22 23 24 26 29 30 39 46
1 0 7 8 14 17 22 24 28 29 30 41 43 45 49
1 0 2 6 8 9 13 19 24 26 27 34 36 41 44
1 2 4 5 8 9 12 14 15 17 23 30 32 35 41
1 0 1 5 10 16 21 23 31 33 36 38 40 41 44
1 0 1 3 9 23 26 28 31 32 38 40 43 44 48
1 0 1 6 7 10 13 21 22 27 39 40 42 44 49
1 0 4 5 16 19 28 29 30 31 32 34 38 39 48
1 4 10 13 15 22 24 31 32 35 36 39 40 45 48
1 2 3 6 9 14 16 22 30 32 34 35 36 39 40
1 2 6 7 14 16 21 22 25 26 28 30 34 46 48
1 1 2 4 5 6 10 11 15 17 19 22 25 28 44
1 2 5 7 8 13 16 23 24 25 27 32 36 39 41
1 2 6 12 17 23 25 27 29 31 32 42 46 47
1 3 5 6 7 10 13 21 22 23 44 45 48 49
1 1 8 9 12 13 26 27 29 31 34 36 43 47
1 0 5 9 10 11 12 25 29 36 38 39 43 49
1 3 7 13 15 19 22 26 27 28 38 42 44 47
1 1 4 6 7 9 10 27 29 32 33 43 45 46
1 0 1 7 9 11 12 13 14 20 23 30 31 37
1 0 3 7 8 15 20 23 29 35 37 41 46 49
1 8 10 11 14 21 23 25 29 31 33 39 47 48
1 3 4 15 16 17 18 22 29 34 39 41 46 47
1 0 2 17 20 22 23 25 29 30 35 37 46 49
1 1 6 12 14 15 17 21 30 40 42 43 44 45
1 6 8 13 15 16 17 19 22 24 35 36 44 47
1 2 15 19 20 22 24 25 26 27 30 31 38 48
1 0 2 4 6 7 11 13 20 28 30 41 46 48
1 0 1 9 13 18 23 28 35 37 38 41 44 48
1 3 5 6 11 12 21 28 34 37 40 41 42 49
1 4 5 8 15 22 29 31 32 36 41 42 45 48
1 4 6 7 14 18 21 23 24 29 31 36 38 43
1 2 4 9 10 17 23 25 29 30 34 39 46 48
1 3 11 18 20 21 22 30 32 42 43 45 46 49
1 1 6 10 17 21 23 29 32 33 34 38 47 48
1 2 8 11 17 18 28 30 31 32 34 42 43 49
1 0 7 8 10 13 14 17 19 25 27 34 41 49
1 2 4 6 10 12 19 21 27 37 40 43 44 45
1 1 2 15 19 20 25 27 33 35 36 41 44 45
1 6 8 10 11 23 25 26 27 34 36 37 45 47
1 4 6 18 21 24 25 26 27 33 34 38 39 43
1 0 8 9 12 18 22 30 31 34 39 40 44 48
1 3 7 8 19 24 25 26 27 29 34 40 48 49
1 3 4 5 14 16 17 18 23 27 29 42 45 46
1 6 11 16 18 22 23 29 32 33 35 43 45
1 4 5 7 18 23 26 29 30 33 34 37 38
1 0 1 11 15 16 17 27 34 36 42 47 49
1 3 7 8 9 17 20 24 26 28 45 47 49
1 0 10 12 17 20 21 28 29 30 34 36 43
1 4 9 11 22 25 28 32 34 39 47 48 49
1 0 2 6 11 19 21 25 27 34 39 40 46
1 0 2 5 13 23 25 28 32 35 36 48 49
1 4 11 12 13 14 17 26 27 35 43 44 49
1 2 7 12 18 19 33 34 35 36 40 47 49
1 0 3 6 14 20 25 33 35 38 39 45 46
1 2 4 7 14 18 23 24 25 31 32 39 45
1 6 10 12 14 17 24 32 35 36 37 38 39
1 1 4 6 8 15 18 20 34 39 43 45 48
1 2 10 11 12 18 20 21 24 25 29 37 46
1 0 1 3 6 12 19 21 22 29 41 43 45
1 2 13 17 21 22 23 29 30 32 33 35 45
1 1 6 7 22 23 25 28 33 34 37 40 44
1 0 2 4 7 19 34 37 38 39 40 45 46
1 0 3 4 9 13 22 26 30 32 33 46 48
1 0 1 4 11 13 14 24 35 43 45 47 48
1 1 6 7 11 18 21 24 25 26 29 46 47
1 0 4 5 10 13 21 24 27 30 35 37 40
1 0 6 19 24 25 27 28 30 36 38 43 47
1 1 2 9 11 13 15 21 32 36 39 44 47
1 2 3 6 9 11 12 19 24 25 35 39 48
1 3 5 10 13 17 20 23 24 31 36 38 42
1 6 13 14 16 19 25 28 31 33 38 39 43
1 9 14 15 22 34 35 36 39 40 41 46 48
1 3 11 13 24 29 32 37 39 40 42 48 49
1 4 6 16 21 22 24 29 39 40 41 48 49
1 12 13 18 21 23 25 33 39 41 42 43 49
1 4 8 9 16 19 24 33 34 35 36 42 48
1 6 7 9 10 18 22 23 30 31 36 42 47
1 5 11 14 20 21 25 27 29 31 36 39 44
1 0 15 22 32 34 36 37 38 40 44 46 49
1 3 5 10 11 23 24 26 30 37 38 45 48
1 1 2 5 18 24 25 28 31 41 44 45 48
1 10 12 13 14 15 16 26 27 28 32 34 49
1 8 15 16 18 26 27 29 31 32 33 38 49
1 3 6 8 15 16 19 20 30 39 40 41 48
1 5 9 11 14 16 25 26 28 30 38 41 45
1 2 6 7 13 14 17 18 26 27 32 34 44
1 0 1 7 14 18 21 22 26 40 42 44 46
1 9 10 14 20 22 24 33 41 45 46 47 48
1 0 2 6 7 16 24 25 26 34 41 44 49
1 0 4 5 7 8 11 12 17 19 21 26 44
1 9 12 15 20 22 23 33 37 39 43 44 46
1 3 11 12 13 20 22 24 25 31 34 39 42
1 3 7 9 14 15 21 27 36 39 41 46 48
1 3 4 7 9 10 15 17 18 19 39 41 48
1 4 7 9 19 26 27 32 35 37 40 41 46
1 4 8 11 15 18 23 28 29 31 36 41 42
1 6 9 12 15 20 23 26 29 38 39 46 49
1 8 13 15 18 19 21 26 31 34 35 46 48
1 1 4 5 12 16 19 30 31 32 45 46
1 0 12 15 16 17 22 27 31 32 45 49
1 1 14 17 21 23 24 26 28 36 41 46
1 3 6 9 12 17 23 26 31 34 36 48
1 0 7 19 23 25 33 35 39 41 45 48
1 4 9 17 21 22 32 36 42 44 46 48
1 5 9 12 15 16 26 30 34 37 42 48
1 5 8 10 12 13 18 19 21 25 32 43
1 0 5 6 13 16 19 25 30 31 32 44
1 3 5 17 22 26 29 36 40 41 44 47
1 3 9 12 15 24 28 29 31 36 40 48
1 2 3 11 14 18 20 25 26 27 37 43
1 2 4 5 7 8 11 26 31 37 38 39
1 0 7 13 14 16 22 23 32 35 46 47
1 3 5 11 12 25 27 35 39 41 46 47
1 3 6 8 9 14 16 19 20 23 30 43
1 6 12 21 27 34 36 39 40 41 42 43
1 0 13 19 20 27 30 31 36 38 42 43
1 3 10 13 14 15 19 23 24 32 34 36
1 0 9 17 18 20 28 30 31 36 46 47
1 1 17 22 24 26 29 32 36 37 39 49
1 1 4 5 6 30 36 39 40 41 47 48
1 1 4 5 6 15 19 20 28 29 32 34
1 1 5 9 10 13 17 22 28 42 44 45
1 1 3 13 21 22 23 28 32 33 34 49
1 3 5 7 12 16 22 24 30 34 41 44
1 8 11 12 13 22 29 32 35 43 46 48
1 3 6 8 12 16 24 26 28 30 35 48
1 3 4 5 17 18 20 24 28 29 41 44
1 3 4 10 16 17 26 33 42 43 46 47
1 2 10 12 24 27 31 33 36 39 44 47
1 2 8 10 12 13 21 23 28 30 33 38
1 2 13 19 21 24 26 30 35 37 42 45
1 12 14 15 16 18 21 26 28 29 43 49
1 4 8 14 19 31 32 41 43 44 47 49
1 4 6 11 15 18 25 26 31 38 39 41
1 12 16 17 20 21 22 24 26 38 42 49
1 2 4 12 20 22 27 35 39 40 43 48
1 1 2 6 7 9 19 23 25 35 42 46
1 1 3 4 14 19 20 24 32 33 38 43
1 0 10 11 18 23 24 25 38 41 46 49
1 1 20 22 23 29 30 33 34 37 44 45
1 5 11 22 30 31 33 34 35 43 46 48
1 0 2 4 11 15 17 21 24 41 44 45
1 0 1 23 26 29 31 38 40 41 42 43
1 4 6 7 9 10 13 20 25 46 48 49
1 2 6 13 15 16 24 28 30 31 39 46
1 1 4 5 6 10 16 27 40 41 43 45
1 4 13 15 16 17 20 25 31 32 44 46
1 4 6 12 13 15 18 19 23 27 32 43
1 3 13 14 23 27 28 33 40 43 46 47
1 3 9 11 22 30 31 35 41 42 43 49
1 2 4 6 9 11 12 27 30 31 37 45
1 8 10 18 19 20 31 34 36 41 43 48
1 9 13 15 20 23 26 32 41 42 45 48
1 4 14 19 22 34 35 38 40 44 45 49
1 3 4 12 14 21 26 35 40 41 43 48
1 1 6 10 16 21 24 32 34 37 40 44
1 0 4 7 29 31 32 35 38 41 43 45
1 2 3 5 6 15 19 20 22 28 30 48
1 0 2 4 7 9 16 22 25 29 30 49
1 0 16 18 23 25 27 32 34 36 45 46
1 1 2 8 16 18 21 27 29 44 45 47
1 6 7 9 13 25 27 28 36 40 46 47
1 7 12 15 16 22 30 31 37 38 41 42
1 5 8 15 17 20 35 37 40 42 47 48
1 5 7 8 12 15 16 19 34 39 42 43
1 6 7 8 34 35 37 38 39 43 44 47
1 3 7 10 14 27 33 37 39 46 48 49
1 2 3 5 9 18 23 25 27 37 38 44
1 3 4 6 13 15 21 25 33 35 36 48
1 7 9 12 26 27 29 30 37 42 44 46
1 3 5 8 20 29 30 35 38 42 45 47
1 0 2 5 7 11 15 25 36 39 46 47
1 3 4 9 12 15 17 20 29 33 37 45
1 10 15 16 22 23 25 27 35 42 47 49
1 2 10 14 15 17 24 25 33 38 42 49
1 2 4 5 20 24 33 37 38 39 44 46
1 7 9 10 16 19 21 23 26 31 36 41
1 0 1 13 14 16 25 28 35 38 46
1 4 7 14 19 20 23 29 37 46 48
1 15 21 22 24 25 27 29 36 40 41
1 13 15 18 21 29 35 39 41 42 43
1 0 11 15 16 20 21 33 35 44 45
1 11 25 27 29 31 35 40 42 47 49
1 6 7 11 13 18 21 25 33 46 49
1 0 3 11 12 13 25 27 29 32 38
1 8 10 12 13 19 24 35 40 41 47
1 7 8 11 13 16 17 18 28 37 48
1 4 8 15 25 26 28 34 35 40 49
1 3 6 7 14 19 24 27 33 34 47
1 2 6 9 17 19 25 40 41 42 44
1 2 3 9 20 24 32 33 45 47 48
1 5 12 16 17 18 21 24 27 30 40
1 8 13 14 22 24 29 34 37 40 48
1 0 7 21 25 27 28 30 32 43 48
1 1 2 5 13 23 27 33 44 45 47
1 7 9 13 19 20 23 28 36 38 41
1 4 10 14 16 23 24 25 29 32 47
1 5 10 15 18 28 33 34 37 44 49
1 5 9 16 17 18 19 30 34 42 44
1 0 2 4 6 7 18 35 39 45 46
1 1 7 8 12 24 34 35 43 44 49
1 3 15 24 31 36 37 42 44 45 47
1 4 10 12 14 15 30 36 44 46 49
1 9 16 22 23 32 36 37 41 44 47
1 0 11 13 20 27 31 35 41 42 46
1 5 10 13 14 17 21 30 33 39 43
1 3 7 12 20 25 26 29 42 47 49
1 5 11 13 18 25 35 37 40 43 44
1 0 7 8 23 24 26 29 34 47 48
1 2 3 8 14 18 19 21 26 32 42
1 0 2 5 11 12 13 15 30 45 49
1 3 6 7 21 24 26 31 42 43 44
1 4 10 13 23 26 33 35 36 41 48
1 0 4 7 8 13 15 17 23 25 34
1 3 5 17 24 27 28 30 34 44 47
1 2 6 13 25 29 31 34 36 37 48
1 2 13 14 15 16 24 28 31 36 48
1 2 12 23 24 25 26 29 31 35 40
1 0 4 6 7 14 16 26 34 40 47
1 3 11 26 29 33 34 37 44 45 47
1 10 17 23 26 30 36 38 42 45 48
1 0 10 19 25 27 30 40 42 46 48
1 0 10 13 18 26 33 38 42 47 49
1 2 7 12 16 18 24 25 27 28 40
1 3 4 14 15 19 20 21 24 25 46
1 7 13 14 21 24 25 29 37 39 44
1 2 8 18 19 22 27 30 31 36 42
1 1 4 9 12 18 19 22 27 43 44
1 0 4 11 19 22 29 34 38 44 45
1 8 16 21 23 26 28 34 36 38 44
1 0 9 10 24 30 33 39 43 46 47
1 4 17 20 27 32 33 36 43 45 47
1 0 2 15 19 23 28 35 43 45 48
1 0 3 12 13 14 15 17 37 42 49
1 12 14 22 24 28 30 37 39 42 49
1 0 1 12 15 18 22 24 30 37 39
1 4 11 18 21 23 24 26 33 37 39
1 5 10 16 17 18 19 27 40 44 46
1 2 3 10 24 30 37 38 41 47
1 3 4 15 19 26 27 31 40 49
1 2 3 5 11 12 21 23 25 48
1 6 9 12 15 35 38 39 43 46
1 1 5 10 13 23 25 37 38 46
1 3 5 10 11 14 27 28 29 43
1 5 6 9 14 19 24 29 36 42
1 2 11 13 15 17 25 40 44 47
1 1 21 24 25 29 30 33 34 46
1 1 6 11 19 20 32 35 44 47
1 1 4 7 21 25 33 36 39 49
1 2 4 12 17 22 25 31 45 46
1 6 8 10 12 13 17 37 41 45
1 3 5 6 10 14 36 38 45 46
1 0 5 17 18 21 33 36 40 43
1 1 5 6 9 16 24 25 26 29
1 1 2 7 15 16 17 43 44 48
1 3 4 18 21 24 37 43 44 47
1 10 14 20 29 33 38 40 44 48
1 1 2 8 14 17 38 39 40 43
1 10 14 15 16 26 38 45 47 48
1 1 9 15 17 22 23 35 36 42
1 8 10 11 20 32 39 41 45 49
1 1 14 17 18 33 39 41 45 47
1 3 17 22 32 33 35 36 40 48
1 7 10 11 21 25 29 36 40 47
1 8 24 26 27 29 34 37 45 49
1 3 5 9 15 16 23 26 33 48
1 8 15 20 22 23 32 33 35 44
1 13 15 16 17 21 33 37 44 48
1 8 12 22 24 27 30 39 40 47
1 9 17 22 24 25 33 38 39 49
1 0 3 4 11 17 19 22 27 29
1 4 15 16 19 24 26 33 43 45
1 12 21 30 31 35 36 37 40 45
1 2 5 7 17 22 23 34 40 42
1 5 10 24 26 28 30 31 46 48
1 6 7 14 21 28 33 35 45 46
1 1 2 9 11 16 30 31 32 45
1 7 10 23 27 35 39 44 45 49
1 18 23 30 31 36 38 41 44 45
1 6 8 9 17 19 21 30 37 48
1 2 3 9 22 27 40 41 42 48
1 0 4 18 24 30 36 38 41 42
1 10 14 15 16 19 31 38 40 45
1 4 5 8 10 25 33 37 39 49
1 1 9 15 21 22 33 34 38 43
1 11 13 16 17 22 23 24 30 41
1 4 5 11 23 32 39 44 46 49
1 2 6 7 27 33 34 35 40 47
1 7 10 11 17 22 28 34 43 46
1 8 11 15 17 31 33 35 39 41
1 8 16 23 24 27 35 36 41 49
1 2 7 11 15 17 23 41 42 43
1 10 13 16 27 29 30 45 47 49
1 4 6 8 22 25 29 35 39 47
1 1 14 25 26 30 37 38 41 43
1 5 8 13 19 26 28 29 34 36
1 0 1 16 22 33 38 41 42 44
1 0 13 19 21 25 28 30 36 43
1 2 11 12 20 29 31 36 43 49
1 3 16 21 23 28 31 37 38 41
1 5 21 25 31 37 41 42 49
1 4 7 8 11 17 29 36 47
1 7 15 17 21 24 36 39 47
1 21 24 25 32 36 39 41 46
1 24 25 28 34 38 39 43 49
1 4 16 28 38 42 44 45 48
1 1 2 4 15 17 22 30 39
1 8 13 16 17 31 32 33 45
1 3 11 15 19 35 36 37 49
1 6 7 11 13 31 40 45 49
1 12 16 24 27 28 30 42 43
1 4 6 17 18 25 35 38 42
1 7 8 17 20 23 35 42 49
1 7 14 17 28 30 31 33 44
1 5 10 15 23 31 34 40 44
1 9 13 20 21 30 44 45 48
1 8 14 25 31 35 36 37 46
1 0 8 11 12 28 35 37 45
1 3 5 9 21 27 35 46 48
1 3 13 15 16 17 40 45 49
1 4 10 20 21 25 34 37 46
1 0 4 11 19 26 41 42 43
1 8 9 27 29 32 36 42 48
1 10 18 20 23 28 33 47 48
1 6 7 8 22 36 37 39 41
1 1 2 10 20 21 35 39 44
1 0 2 4 14 20 33 42 43
1 2 6 13 22 36 39 43 45
1 10 12 19 22 30 43 45 48
1 1 12 16 21 34 36 39 44
1 3 10 12 14 18 21 23 28
1 1 6 11 12 16 26 39 49
1 1 2 7 11 14 15 27 41
1 0 14 19 33 41 46 47 49
1 3 5 8 25 37 40 41 44
1 12 17 23 27 28 29 32 35
1 2 6 17 28 29 34 43 49
1 2 4 6 10 32 36 41 49
1 9 11 13 15 23 26 30 40
1 1 4 5 11 17 22 31 38
1 4 7 8 21 30 31 43 47
1 0 1 2 25 28 29 32 36
1 6 9 11 16 25 37 38 44
1 2 10 12 18 25 28 32 41
1 4 13 15 33 38 40 45 47
1 4 6 14 20 31 40 44 46
1 0 3 10 19 24 25 27 45
1 1 8 13 17 28 31 43 44
1 1 2 12 25 28 30 34 37
1 6 16 28 34 36 41 47 48
1 1 6 10 20 21 42 44 49
1 0 3 10 18 22 25 26 31
1 8 25 27 39 41 43 47 48
1 2 6 12 15 26 32 45 46
1 7 8 17 18 20 22 39 45
1 9 13 26 27 38 42 44 45
1 2 7 9 28 30 32 37 40
1 4 9 14 19 30 32 47 48
1 7 13 20 30 33 35 46 48
1 5 6 21 27 28 33 43 49
1 6 10 19 22 32 34 39 49
1 0 8 13 19 28 29 35 49
1 15 23 25 39 40 43 45 48
1 2 9 13 14 17 21 41 48
1 0 9 20 26 38 39 42 47
1 12 13 20 23 27 31 37 49
1 9 10 15 27 30 34 40 47
1 7 12 19 28 34 39 41 46
1 10 20 22 23 26 34 35 45
1 0 6 11 18 20 26 37 48
1 8 11 18 27 32 39 42
1 3 4 7 13 25 45 47
1 8 15 18 19 38 47 49
1 10 18 20 29 39 45 47
1 8 19 22 25 34 38 39
1 7 8 20 27 30 32 42
1 19 21 23 28 37 42 43
1 4 20 26 33 43 45 46
1 3 8 12 15 36 37 47
1 8 11 15 16 30 32 44
1 1 6 8 10 11 20 23
1 0 9 33 39 41 42 48
1 5 6 27 30 32 39 43
1 0 3 6 18 24 27 36
1 22 24 27 37 38 46 49
1 6 24 32 38 43 45 47
1 5 11 19 26 34 44 47
1 5 7 11 15 28 33 40
1 15 16 18 27 35 39 45
1 0 13 15 19 27 31 48
1 9 10 18 28 39 45 48
1 12 17 22 25 42 43 47
1 16 17 23 30 42 46 49
1 14 21 32 33 39 41 44
1 3 16 24 25 29 43 47
1 13 16 19 24 38 40 43
1 1 4 8 23 37 41 47
1 0 1 16 18 32 42 49
1 6 7 11 15 16 39 42
1 1 15 20 22 24 29 34
1 5 10 28 30 32 35 48
1 6 8 19 27 32 42 47
1 5 24 29 33 34 43 44
1 1 12 20 24 39 43 46
1 11 22 34 40 42 43 47
1 3 5 15 21 33 35 39
1 4 16 20 27 30 39 45
1 6 18 24 25 28 36 46
1 2 23 27 32 42 43 47
1 7 11 21 27 39 42 44
1 2 13 14 18 22 25 38
1 0 1 12 15 41 46 48
1 19 31 33 40 42 44 48
1 3 10 11 19 30 42 43
1 8 12 14 19 30 34 43
1 15 17 21 39 40 45 46
1 1 2 15 16 20 25 49
1 2 12 17 20 30 44 45
1 2 4 6 8 19 30 44
1 11 19 20 26 34 44 48
1 0 20 26 29 34 44
1 4 16 25 30 38 45
1 15 19 26 27 28 44
1 14 15 16 17 41 45
1 5 7 13 40 45 48
1 5 11 26 33 34 43
1 2 12 24 32 45 49
1 3 20 27 31 34 35
1 4 5 35 36 43 44
1 3 6 8 28 34 42
1 16 22 23 35 41 43
1 4 11 12 13 20 21
1 6 19 27 30 39 49
1 0 1 12 15 24 49
1 9 10 21 22 30 36
1 2 9 18 27 31 33
1 2 22 39 46 47 48
1 5 11 22 23 27 34
1 7 9 19 25 30 42
1 11 12 14 20 27 37
1 7 8 24 41 46 47
1 1 9 11 12 13 43
1 5 9 18 27 32 44
1 4 13 23 27 37 40
1 6 7 13 16 25 48
1 12 15 30 33 35 45
1 2 3 6 19 38
1 3 24 32 39 40
1 12 14 17 22 23
1 2 30 34 39 47
1 0 3 26 36 47
1 4 8 18 28 31
1 6 11 18 33 47
1 9 30 40 45 47
1 7 22 26 31 43
1 12 17 29 33 35
1 5 19 22 39 47
1 19 35 44 46 49
1 2 14 42 44 49
1 0 3 7 33 45
1 2 6 30 43
1 5 12 41 43
1 5 10 16 32
1 4 7 37 44
1 6 25 32 48
1 5 34 41
1 26 46 47
1 5 44
