50 500
1 1 2 3 4 5 7 8 13 14 19 22 25 26 28 33 35 40 41 47
1 1 3 5 8 15 18 22 27 32 33 36 37 39 40 41 43 45 47 49
1 2 7 9 11 13 19 20 21 28 30 31 34 35 38 39 40 42 46 47
1 0 1 2 5 8 10 18 19 22 27 32 36 37 38 42 45 49
1 1 4 9 11 12 14 15 18 25 26 28 31 32 38 40 41 46
1 2 4 5 15 18 20 21 24 25 32 33 34 35 38 42 43 48
1 3 4 6 7 9 21 27 28 29 33 37 39 44 45 46 47 49
1 0 2 3 6 8 10 13 19 24 26 34 37 38 41 42 43 44
1 5 6 8 14 18 22 26 27 28 29 31 32 38 44 46 49
1 0 4 9 11 13 19 20 21 22 23 28 29 38 47 48 49
1 0 8 10 12 14 15 16 20 21 27 38 40 42 45 48 49
1 0 4 5 10 14 18 20 26 27 28 33 34 35 38 42 46
1 1 4 5 6 8 12 17 20 23 28 34 35 36 39 42 49
1 0 2 4 6 9 12 18 20 21 23 25 35 40 44 47 49
1 0 10 11 13 14 18 19 20 22 31 34 35 39 41 44
1 0 4 5 6 9 11 15 18 19 22 32 37 38 40 49
1 3 5 9 14 16 17 20 21 22 25 28 32 34 45 48
1 0 7 9 12 14 16 20 22 23 32 33 36 37 38 39
1 1 4 6 8 10 11 12 15 18 19 23 24 34 37 45
1 2 5 6 7 17 19 22 28 32 34 36 42 45 46 48
1 1 8 14 16 24 28 31 34 35 37 41 42 47 48 49
1 7 10 12 13 17 19 21 27 28 30 34 35 39 40 49
1 0 2 3 8 9 19 25 26 34 35 36 41 42 43 44
1 9 14 15 16 21 23 29 32 34 37 40 41 44 46 47
1 4 6 12 24 28 29 31 32 33 35 37 39 40 45 48
1 0 2 3 4 8 12 23 24 30 35 37 38 43 46 47
1 6 9 12 14 21 22 23 27 33 41 42 44 48 49
1 0 1 7 9 10 14 16 20 23 24 26 30 32 47
1 0 2 4 10 13 15 20 23 26 27 36 38 40 44
1 3 9 12 17 21 26 27 33 34 35 41 42 47 49
1 2 4 15 16 17 25 26 30 33 35 38 40 43 44
1 2 8 9 17 18 24 27 28 30 35 43 45 47 48
1 3 4 5 7 10 20 22 27 30 34 40 42 44 47
1 3 4 7 8 10 12 18 29 30 32 40 41 42 45
1 10 13 15 16 20 21 22 25 29 38 40 42 47 48
1 0 1 6 7 9 11 13 15 16 24 33 37 39 43
1 8 11 12 20 21 22 24 25 27 29 33 39 41 48
1 0 3 5 7 10 15 23 25 28 32 34 37 38 43
1 2 8 12 14 18 22 25 26 32 34 35 38 40 47
1 11 15 18 24 25 27 31 37 39 41 42 43 44 49
1 5 6 7 8 11 12 17 19 20 24 34 37 43 49
1 3 10 11 15 16 17 18 22 23 25 31 36 37 42
1 2 5 6 7 9 11 12 14 16 28 32 34 48 49
1 1 3 4 7 12 13 19 25 26 32 34 38 39 48
1 0 1 3 4 5 7 14 18 28 29 34 44 46 48
1 2 5 13 16 18 22 26 30 31 32 38 40 41 42
1 2 4 6 10 15 24 35 36 38 40 43 44 46 49
1 6 8 11 20 22 26 28 31 32 38 40 43 45 48
1 1 2 11 12 13 15 20 27 29 36 38 40 44 47
1 1 5 6 10 12 18 22 25 27 29 36 37 41 47
1 3 5 7 9 12 16 21 27 28 33 35 37 41 43
1 0 6 10 13 18 19 25 31 32 34 35 37 39 48
1 0 1 3 5 9 10 11 16 19 20 24 26 34 41
1 0 6 10 11 12 13 16 20 27 36 37 44 45 46
1 1 2 7 8 10 11 14 15 19 25 36 41 46 49
1 0 5 6 9 13 16 18 20 23 25 37 40 41 48
1 0 4 6 7 11 13 22 24 30 33 36 37 39 40
1 2 3 8 14 20 22 29 33 38 40 41 42 44 48
1 1 2 4 6 9 11 26 34 37 39 42 46 48
1 0 2 12 13 14 15 16 17 24 26 32 43 44
1 1 5 8 13 14 17 19 25 32 36 37 45 47
1 1 9 13 15 17 19 21 24 28 31 41 44 49
1 8 12 15 16 20 23 30 31 33 34 42 44 49
1 3 4 6 8 16 18 20 25 30 34 41 45 49
1 3 7 9 10 14 20 22 25 27 32 34 36 38
1 6 9 10 15 17 26 27 34 38 40 41 42 46
1 0 1 3 5 10 13 17 18 24 26 33 36 39
1 1 3 4 5 7 13 22 25 31 40 44 48 49
1 6 9 12 16 23 24 26 28 30 32 37 46 47
1 3 6 9 11 23 24 31 32 34 40 45 46 48
1 1 8 9 12 18 21 25 27 28 34 40 43 48
1 2 3 6 14 15 16 17 21 24 32 36 37 49
1 1 8 9 10 15 20 31 36 37 43 44 45 49
1 0 1 10 11 14 20 21 24 27 32 43 45 46
1 3 19 22 23 27 29 31 32 33 40 41 45 48
1 5 13 15 16 22 23 31 34 35 39 40 43 44
1 1 7 9 12 17 23 27 31 35 38 40 43 49
1 9 10 11 12 23 24 25 28 30 31 34 46 49
1 4 9 10 15 17 19 21 29 30 39 42 45 46
1 0 2 5 12 13 23 27 32 34 39 43 45 47
1 0 3 9 13 16 24 28 29 30 43 44 45 49
1 1 2 4 8 10 15 17 19 22 27 35 43 46
1 1 2 3 7 9 11 15 17 21 22 36 40 43
1 2 4 10 12 14 16 18 25 27 28 35 42 48
1 3 4 9 12 13 15 16 19 22 24 29 44 45
1 0 4 8 15 16 21 22 28 30 34 39 40 45
1 6 9 13 14 22 23 26 30 32 35 36 37 49
1 3 11 15 17 18 21 23 24 26 39 40 42 48
1 6 16 21 23 29 32 33 34 35 43 44 46 48
1 3 6 10 11 20 25 26 29 31 32 37 41 42
1 11 12 16 19 23 24 26 28 31 34 36 39 44
1 0 1 16 18 19 21 29 31 35 40 47 48 49
1 3 9 16 17 21 22 26 28 33 34 38 45 48
1 1 3 7 11 13 14 17 19 21 33 34 46
1 1 3 9 10 11 12 15 20 35 39 42 44
1 6 7 12 13 18 28 29 33 34 42 44 46
1 3 7 13 18 24 26 32 33 36 38 40 49
1 0 4 5 7 9 14 17 22 29 34 37 43
1 1 6 8 18 29 30 34 37 39 42 44 49
1 0 4 5 17 21 23 34 35 37 44 48 49
1 12 14 17 32 34 35 38 43 44 45 46 48
1 1 5 9 15 16 26 30 33 41 45 48 49
1 2 3 7 10 20 26 30 32 34 38 42 46
1 2 7 8 9 11 13 17 18 19 23 45 49
1 4 14 15 18 20 33 34 36 38 44 45 46
1 0 1 3 5 8 16 19 21 24 40 45 49
1 2 5 11 15 18 20 21 27 40 43 47 48
1 0 1 2 5 14 18 23 26 28 29 32 48
1 9 11 13 17 22 26 27 28 30 36 46 48
1 2 5 12 13 18 23 26 37 41 43 47 48
1 2 3 8 11 13 15 16 19 20 30 44 48
1 0 4 6 8 12 17 18 20 23 33 39 43
1 2 4 22 25 29 34 38 40 43 46 47 49
1 5 6 9 18 25 27 30 33 36 44 46 49
1 6 7 9 13 17 19 25 30 41 42 44 49
1 2 3 7 13 18 19 26 27 40 41 45 49
1 6 9 11 12 13 15 17 22 24 36 40 43
1 0 1 12 18 19 24 27 32 37 45 47 48
1 2 6 9 10 11 14 17 22 25 31 36 49
1 3 6 9 10 21 23 32 33 35 37 41 48
1 0 7 11 16 19 23 25 35 37 40 44 47
1 2 6 10 12 16 18 20 23 29 31 32 38
1 2 3 15 16 17 27 28 33 35 37 40 43
1 2 3 12 16 26 27 28 35 36 37 43 44
1 0 2 4 5 11 14 19 28 33 34 35 41
1 0 3 5 10 22 23 29 31 36 41 45 47
1 2 5 7 10 12 16 20 21 26 29 47 48
1 2 4 13 14 16 19 20 21 37 43 45 48
1 2 6 11 15 22 27 28 31 33 36 37 38
1 1 2 3 8 10 18 20 34 36 37 42 44
1 1 8 9 10 11 13 15 22 31 38 44 45
1 6 11 13 18 21 22 28 30 32 36 39
1 0 4 10 13 17 20 21 23 25 31 47
1 1 2 15 22 25 26 27 28 33 44 47
1 3 8 18 24 26 31 36 37 40 42 43
1 4 10 17 21 25 28 31 33 34 45 46
1 0 11 12 16 18 24 31 33 37 46 47
1 2 3 12 19 23 24 29 31 36 43 44
1 6 7 9 13 22 23 24 30 39 44 48
1 1 2 10 21 27 32 37 39 40 41 47
1 3 6 10 20 22 27 31 38 39 40 48
1 4 9 13 25 28 30 41 42 44 46 48
1 0 6 7 13 21 23 27 28 37 45 49
1 2 3 10 17 23 24 25 26 27 36 43
1 2 8 17 26 28 29 34 40 46 47 48
1 14 15 16 25 26 28 30 33 39 47 49
1 1 6 15 18 26 29 30 42 43 44 49
1 3 8 12 14 15 28 31 35 40 42 46
1 2 8 12 13 17 22 27 30 31 42 49
1 1 5 6 7 8 11 13 18 29 37 40
1 1 6 8 20 27 32 36 40 42 45 46
1 3 6 8 16 22 30 33 34 39 43 44
1 0 1 7 15 19 23 27 33 42 45 47
1 1 7 10 19 20 26 27 28 30 36 49
1 0 1 12 21 23 25 27 33 34 44 46
1 2 4 10 14 19 22 26 42 44 45 49
1 0 1 11 20 23 25 27 32 33 39 45
1 3 10 11 12 19 21 24 29 31 34 35
1 1 6 9 16 19 21 22 29 37 44 46
1 3 7 9 19 26 28 31 43 44 47 49
1 4 11 17 18 21 25 40 41 42 44 46
1 10 12 13 19 20 23 28 30 33 39 43
1 5 7 12 19 21 23 25 28 29 30 47
1 5 6 7 10 22 24 25 30 45 48 49
1 6 9 11 13 25 28 30 32 41 44 46
1 2 4 6 17 20 27 28 30 39 40 46
1 3 6 8 9 11 19 26 36 37 38 40
1 0 5 7 11 34 36 37 38 41 42 46
1 1 8 9 12 13 17 25 26 35 37 44
1 0 1 3 5 11 14 17 23 25 28 43
1 6 8 20 26 29 31 34 38 40 44 49
1 1 3 13 14 18 21 35 36 37 39 47
1 6 7 8 17 19 20 21 29 39 45 47
1 3 5 9 21 22 23 25 26 37 38 46
1 1 2 10 12 16 23 29 36 37 45 49
1 0 8 11 18 23 24 27 31 32 33 40
1 0 1 8 18 20 25 27 28 33 36 43
1 1 10 18 19 30 31 34 39 41 42 48
1 1 7 10 18 20 21 36 39 46 48 49
1 2 4 15 22 27 33 38 39 42 45 48
1 13 15 23 26 28 30 34 36 47 48 49
1 5 6 7 8 20 24 27 31 37 40 46
1 0 3 9 19 20 29 33 36 37 43 49
1 6 10 11 12 18 25 29 31 43 44 45
1 2 4 10 22 23 27 31 32 42 43 44
1 1 8 9 13 17 20 30 32 33 37 44
1 3 4 9 10 12 16 23 25 32 41 42
1 6 20 23 26 34 38 42 45 46 48 49
1 2 7 11 15 20 32 45 46 47 48 49
1 0 6 12 18 25 28 36 38 43 44 46
1 4 8 14 16 26 29 32 39 41 44 49
1 1 5 8 12 13 18 20 37 39 45 46
1 3 9 16 19 24 27 31 36 38 44 48
1 1 2 4 6 25 26 33 38 43 46 48
1 0 2 4 5 6 8 11 17 18 30 40
1 1 9 12 13 30 34 37 38 42 45 47
1 3 4 8 10 13 18 25 28 34 43 48
1 8 12 16 21 30 31 35 38 41 42 46
1 0 9 10 13 17 21 25 26 31 45 49
1 3 4 6 13 23 29 31 37 41 48
1 0 7 10 12 16 26 29 33 42 44
1 9 13 18 20 23 25 30 41 45 48
1 3 14 19 21 27 29 32 38 43 48
1 0 19 20 21 22 32 37 39 44 47
1 8 14 16 22 24 29 34 37 41 46
1 0 10 14 15 21 22 24 27 30 49
1 1 2 4 16 24 38 42 45 46 48
1 13 15 18 21 27 36 38 39 42 48
1 4 16 17 21 31 37 40 42 45 47
1 1 7 9 13 17 23 31 38 43 49
1 2 4 7 16 20 21 22 32 41 46
1 8 9 22 25 28 32 33 40 45 48
1 0 9 10 14 17 19 39 42 47 49
1 2 3 20 24 27 31 32 39 45 49
1 4 6 10 14 21 23 26 39 43 46
1 7 10 19 23 24 26 30 34 36 48
1 8 12 14 15 22 24 26 36 41 43
1 5 7 9 20 33 34 35 36 40 44
1 2 3 8 12 20 26 28 38 43 45
1 0 6 11 15 23 30 35 43 44 48
1 0 2 6 8 13 30 37 38 44 47
1 9 15 18 20 22 23 27 28 39 44
1 8 13 15 24 29 30 33 41 46 48
1 0 4 9 11 17 23 24 27 32 38
1 7 9 21 26 29 30 31 34 37 39
1 6 19 22 24 25 26 29 30 32 39
1 1 3 11 14 20 31 32 34 35 44
1 15 24 32 34 35 36 40 41 43 48
1 0 1 3 6 8 13 23 26 28 49
1 5 11 15 18 25 28 30 36 40 44
1 0 2 6 8 16 19 27 29 36 49
1 1 16 18 21 22 31 35 36 42 44
1 4 6 7 20 25 26 29 31 40 46
1 6 11 17 20 26 29 31 39 40 46
1 1 3 4 7 12 17 27 30 40 48
1 4 18 24 27 29 30 31 35 43 49
1 6 16 18 19 20 21 24 27 37 41
1 7 10 16 19 29 33 36 37 45 48
1 1 3 15 19 23 28 31 33 42 47
1 1 6 11 12 14 33 35 42 44 49
1 6 7 10 14 21 30 33 35 40 48
1 2 4 5 7 8 16 19 28 30 46
1 2 4 7 10 20 21 40 43 45 49
1 9 10 13 21 23 41 42 44 47 48
1 9 14 18 24 26 30 31 36 41 48
1 2 3 4 9 18 29 32 36 44 49
1 4 6 14 20 21 23 29 31 34 42
1 4 5 6 11 13 20 26 37 40 46
1 7 10 13 20 23 26 30 39 42 47
1 0 6 7 16 17 20 32 33 34 48
1 2 5 6 9 10 16 20 31 37 43
1 0 2 3 8 18 24 27 30 39 49
1 0 3 4 6 17 29 35 38 47 49
1 1 3 6 17 23 31 40 43 44 47
1 7 13 15 17 19 21 29 31 33 37
1 3 6 21 22 24 29 35 37 41 45
1 2 12 18 24 28 29 34 38 41 46
1 1 6 7 10 30 35 36 39 43 46
1 6 8 14 15 30 33 34 37 41 44
1 9 11 12 19 24 31 32 35 36 42
1 0 13 14 19 20 23 27 29 38 49
1 0 1 2 3 5 10 27 31 34 37
1 0 2 3 7 10 27 29 31 37 39
1 7 11 14 15 19 31 34 38 44 47
1 7 9 14 15 22 30 33 37 38 45
1 5 8 11 16 22 28 30 36 41 47
1 0 2 4 6 17 36 40 45 47 48
1 7 10 16 22 25 32 37 44 47 49
1 4 12 16 25 27 42 43 44 45 46
1 6 7 13 19 23 30 33 39 41 48
1 4 5 12 13 14 20 32 35 46 48
1 0 9 11 14 16 27 37 38 42 43
1 6 7 12 15 16 29 30 44 47 48
1 2 9 14 16 20 28 35 37 39 47
1 2 3 4 5 11 16 22 31 36 48
1 2 11 18 27 30 38 39 40 41 45
1 0 2 4 7 9 25 38 39 46
1 5 11 18 33 37 38 39 40 49
1 2 3 5 7 17 22 29 32 34
1 2 6 8 10 11 15 20 24 48
1 1 7 13 16 21 34 37 40 41
1 0 2 5 8 12 18 27 48 49
1 7 9 14 16 32 37 40 42 48
1 8 17 19 20 25 27 33 34 49
1 4 8 9 17 20 21 23 38 46
1 4 5 15 18 19 27 28 39 49
1 1 5 8 27 31 33 39 42 46
1 16 17 29 39 40 42 44 47 49
1 6 12 26 28 32 36 40 43 45
1 1 14 21 23 24 38 42 45 47
1 3 5 8 15 18 25 32 44 46
1 12 17 18 20 24 40 41 46 47
1 0 4 11 14 24 27 32 34 45
1 1 16 23 25 30 31 37 38 47
1 3 4 6 8 10 19 25 33 47
1 1 3 11 24 29 34 39 40 47
1 10 13 20 26 28 32 41 45 46
1 1 6 14 20 26 33 35 37 44
1 6 10 15 16 19 27 34 40 42
1 10 11 12 27 30 35 37 39 41
1 5 6 13 14 19 28 32 33 46
1 3 14 15 16 19 33 42 45 49
1 8 10 11 22 24 27 41 43 49
1 3 13 20 28 30 33 35 37 44
1 0 2 4 7 12 17 18 28 39
1 8 11 15 24 32 35 40 45 46
1 5 9 14 19 20 24 38 40 44
1 2 3 14 25 29 38 39 46 49
1 9 20 21 24 37 39 43 44 49
1 7 24 26 31 32 38 40 42 44
1 1 2 5 8 16 23 26 38 41
1 0 12 23 25 36 40 42 44 46
1 4 5 11 23 29 30 40 41 48
1 4 7 13 18 21 44 46 47 48
1 0 5 15 19 21 40 41 47 49
1 2 12 13 16 20 29 31 32 38
1 0 1 4 8 20 35 38 42 47
1 8 9 12 17 18 21 24 37 41
1 2 6 14 17 22 28 30 32 47
1 0 8 12 16 18 21 30 37 38
1 4 7 21 24 28 33 37 42 48
1 2 6 9 14 15 20 27 36 47
1 4 5 11 13 17 28 38 42 46
1 0 5 10 21 25 44 47 48 49
1 0 8 23 24 30 34 35 39 48
1 9 11 20 24 32 33 34 41 47
1 0 4 13 19 21 22 24 35 42
1 8 16 25 32 35 38 39 42 48
1 1 10 13 28 33 35 37 39 41
1 0 3 14 15 17 28 31 41 48
1 17 22 26 34 36 41 42 44 48
1 1 7 18 31 33 40 43 45 47
1 1 24 27 28 29 30 39 41 42
1 0 20 23 24 30 32 34 36 45
1 0 11 12 13 17 22 26 28 29
1 6 13 15 17 28 32 34 48 49
1 5 8 10 15 20 22 25 36 43
1 3 8 10 11 18 19 23 33 44
1 8 10 17 18 20 27 35 36 45
1 8 10 11 12 15 19 41 46 47
1 1 3 4 29 33 37 43 45 46
1 13 16 20 22 26 36 40 43 46
1 1 25 27 30 33 36 44 46 48
1 7 14 18 20 22 25 42 45 48
1 0 2 8 18 26 30 31 36 45
1 1 2 4 5 10 17 23 37 42
1 0 8 10 15 17 20 21 26 36
1 1 5 8 13 21 22 25 28 30
1 7 13 20 23 28 32 33 35 49
1 0 4 11 13 15 25 29 43 46
1 4 17 20 31 33 36 37 42 43
1 0 3 5 24 29 38 40 43 48
1 7 11 18 20 38 41 42 46 47
1 2 12 13 15 26 30 31 43 44
1 9 15 18 29 35 40 44 47 49
1 0 2 4 8 19 22 23 30
1 12 13 18 23 26 37 41 47
1 2 19 25 30 34 37 44 49
1 1 15 20 21 30 31 34 47
1 0 4 6 17 19 28 44 49
1 4 9 10 14 17 25 27 43
1 5 12 20 24 30 31 45 46
1 5 14 15 17 18 23 33 45
1 3 9 15 23 27 32 36 46
1 3 13 19 35 42 44 48 49
1 2 20 22 23 26 39 45 48
1 0 12 13 15 16 17 30 36
1 5 6 9 11 19 21 36 37
1 1 9 14 15 24 32 39 43
1 2 5 12 19 28 32 43 47
1 1 23 29 30 31 35 37 49
1 12 15 20 21 36 41 44 49
1 1 16 17 18 20 26 27 48
1 0 17 25 27 35 36 37 43
1 1 2 4 13 21 27 41 48
1 0 14 17 30 35 36 46 49
1 0 2 4 11 18 41 44 49
1 2 7 15 19 20 23 34 46
1 4 9 17 18 20 23 32 46
1 0 6 13 25 32 37 39 44
1 6 10 18 23 27 29 30 44
1 7 11 12 13 16 25 30 43
1 1 5 8 27 29 30 34 36
1 9 10 18 19 20 21 23 40
1 2 5 14 21 23 26 27 48
1 0 3 5 7 13 17 19 29
1 6 7 23 25 36 40 44 47
1 6 12 18 23 27 35 43 46
1 2 6 11 20 27 32 33 47
1 4 13 18 33 36 39 40 48
1 16 26 27 28 30 37 43 44
1 2 3 4 26 38 42 45 46
1 4 15 22 26 34 35 43 48
1 2 8 9 15 21 43 45 47
1 3 15 17 21 28 40 43 46
1 0 5 18 25 35 39 43 45
1 2 3 12 15 30 34 40 47
1 2 4 5 11 26 35 37 42
1 2 4 13 14 18 31 44 47
1 1 6 20 31 38 42 45 48
1 2 12 14 16 22 26 31 44
1 2 10 11 13 19 35 43 46
1 8 11 24 29 35 37 43 47
1 1 11 26 30 31 33 36 41
1 4 8 17 18 32 34 35 38
1 2 8 20 21 25 27 44 48
1 8 20 21 23 28 32 34 43
1 2 6 9 20 27 31 34 45
1 1 7 17 20 32 36 41 42
1 0 1 13 15 17 31 35 37
1 3 11 30 33 38 42 43 49
1 1 9 17 22 23 26 34 41
1 14 18 21 24 28 33 34 35
1 2 7 8 9 10 15 23 45
1 0 10 11 18 24 27 31 38
1 2 5 7 9 14 15 21 38
1 10 11 14 18 25 33 37 41
1 3 5 7 9 18 27 35 48
1 4 8 14 24 29 37 49
1 8 10 17 28 38 43 44
1 12 13 15 20 24 42 48
1 3 4 15 30 36 44 48
1 7 10 13 19 22 27 44
1 1 5 7 14 26 36 40
1 0 3 8 9 11 34 39
1 4 5 10 16 23 34 47
1 3 17 18 19 26 29 47
1 10 18 22 25 35 38 48
1 2 4 6 8 10 17 40
1 0 6 21 26 33 42 44
1 11 23 27 29 41 44 49
1 2 9 17 20 33 45 47
1 5 14 25 27 28 30 41
1 4 26 27 34 42 45 48
1 5 6 8 22 24 40 42
1 9 16 26 28 31 33 45
1 7 19 20 30 31 34 44
1 7 9 39 40 44 47 48
1 2 3 12 31 33 41 47
1 7 17 29 37 43 44 45
1 8 12 24 25 44 45 46
1 24 25 28 29 31 34 35
1 10 12 13 23 28 37 42
1 10 21 22 26 28 30 47
1 24 27 31 33 34 38 48
1 0 3 10 11 21 30 38
1 9 14 15 23 27 32 36
1 0 7 20 25 27 31 46
1 2 8 12 23 35 41 42
1 2 4 13 20 24 41 43
1 3 10 13 15 33 34 41
1 9 13 15 20 21 27 43
1 1 19 23 25 27 45 46
1 5 7 15 19 20 31 45
1 0 17 18 21 27 29 35
1 14 17 18 21 31 35 36
1 9 10 22 23 33 43 46
1 0 4 15 22 24 33 47
1 0 8 31 33 39 41
1 20 29 31 34 36 43
1 9 13 16 22 28 45
1 3 13 26 38 48 49
1 3 12 14 15 31 45
1 7 21 32 34 39 46
1 13 15 18 24 34 43
1 0 2 4 6 20 44
1 3 9 24 25 38 42
1 7 22 27 34 37 49
1 0 4 32 43 45 46
1 6 12 18 19 30 34
1 23 24 25 31 37 46
1 1 22 24 35 36 41
1 0 6 30 44 46 47
1 19 20 25 41 47 49
1 3 6 10 13 34 48
1 4 8 14 19 27 31
1 0 12 22 23 47 49
1 0 4 5 11 16 38
1 0 12 27 37 39 47
1 3 5 7 13 32 41
1 1 9 16 18 21 29
1 2 3 6 13 26 30
1 0 15 19 22 40
1 18 26 32 38 46
1 1 7 8 15 37
1 9 30 43 47 49
1 9 17 18 36 37
1 10 23 31 39 48
1 9 13 37 38 44
1 2 5 10 31 46
1 4 9 20 34 41
1 12 19 23 24 45
1 18 28 43 46 48
1 9 36 44 48
1 4 29 36 49
1 0 1 9 32
1 6 11 23 49
1 8 12 18 28
1 4 28 30 39
1 4 10 29 48
