50 500
1 7 8 10 11 12 14 17 24 25 26 30 31 32 33 42 43 44 45 46 49
1 4 6 7 8 12 13 15 17 20 22 26 30 33 34 35 40 41 44 47
1 0 1 6 9 12 13 18 21 22 24 25 30 37 39 40 41 45 49
1 0 8 9 12 13 14 17 20 22 27 30 32 34 41 42 45 46 49
1 2 5 10 13 14 16 20 21 22 24 25 27 33 35 41 42
1 2 13 15 16 18 21 22 26 27 28 33 36 37 38 39 49
1 4 7 12 14 15 19 20 22 27 28 31 32 34 41 42 46
1 7 16 18 23 26 27 28 31 33 35 37 39 41 44 45 47
1 2 3 4 11 18 22 23 28 30 34 37 39 40 41 45 49
1 1 3 4 6 17 25 26 27 28 31 35 37 38 39 41 43
1 6 9 11 13 16 18 20 21 28 30 38 39 43 44 45
1 2 5 9 11 15 16 21 30 31 34 37 38 39 44 49
1 0 3 4 9 14 16 19 22 23 25 29 36 39 45 47
1 2 4 11 12 18 20 21 23 28 29 32 36 40 48 49
1 0 4 6 11 22 24 31 34 36 38 39 43 44 45 49
1 0 4 7 9 10 12 13 18 22 26 35 38 43 46 49
1 5 6 16 20 23 28 29 30 35 36 39 40 41 45 46
1 1 4 8 13 14 15 20 21 27 29 37 39 42 45 47
1 5 6 10 11 12 13 16 17 25 31 34 41 44 47 49
1 4 6 8 9 14 17 21 25 27 28 33 38 41 44 47
1 6 10 11 15 22 24 25 26 28 32 36 42 43 44 49
1 5 14 15 17 19 25 27 29 34 36 38 43 44 48 49
1 4 6 7 9 14 15 17 25 29 31 33 34 37 39 46
1 6 9 10 19 20 23 24 26 27 32 33 36 38 43 46
1 1 4 10 12 17 18 19 22 24 27 31 34 39 47 49
1 3 10 11 12 13 14 18 20 24 25 26 27 43 46 47
1 2 6 12 14 19 20 29 32 37 41 43 44 45 47 48
1 5 8 9 20 22 23 25 27 28 31 35 36 38 42 48
1 2 3 9 10 16 17 18 24 25 27 28 36 42 43 44
1 0 3 5 6 7 8 12 14 23 27 42 43 45 47 48
1 0 6 7 11 19 22 24 31 34 37 39 40 41 44
1 0 5 9 13 17 18 24 27 32 33 46 47 48 49
1 4 8 9 12 13 28 31 35 36 38 41 44 46 49
1 0 2 3 7 10 20 21 23 25 30 37 38 44 49
1 10 11 12 13 15 16 19 25 26 35 43 45 47 48
1 0 2 20 21 28 33 34 36 39 42 43 44 45 47
1 0 1 2 8 9 14 17 27 29 30 37 45 47 49
1 3 4 5 10 17 26 27 30 33 36 40 44 46 49
1 10 16 18 23 24 25 27 29 34 39 40 42 46 48
1 2 5 10 11 12 14 15 19 29 31 35 38 42 43
1 1 2 5 6 9 13 14 24 32 39 40 41 42 47
1 2 5 6 8 13 16 19 24 28 30 44 45 48 49
1 3 5 6 13 14 18 20 23 31 34 38 41 45 49
1 3 7 8 9 12 17 18 19 23 24 27 32 39 43
1 0 18 19 25 30 31 32 35 36 39 44 45 46 48
1 2 3 6 8 9 11 23 24 25 26 27 31 38 39
1 15 18 22 24 29 33 34 36 41 43 46 47 48 49
1 0 3 5 11 12 14 20 21 31 34 35 37 46 48
1 0 1 6 7 12 13 15 19 22 24 33 36 41 45
1 6 11 14 19 21 22 23 24 25 31 32 44 47 48
1 4 7 10 14 17 22 23 28 33 36 37 41 44 46
1 1 5 6 7 12 17 27 35 37 41 42 43 46 48
1 7 12 13 15 16 17 20 26 27 32 35 37 41 46
1 3 6 11 12 13 17 22 24 28 30 31 42 44
1 2 3 17 18 24 27 28 31 37 39 40 45 48
1 2 8 9 14 23 25 31 34 35 37 39 46 48
1 0 1 3 5 8 17 18 28 29 31 37 39 48
1 2 6 10 11 15 17 24 25 28 31 42 44 48
1 0 2 4 6 10 13 14 15 16 17 40 41 44
1 0 9 10 12 17 21 24 30 31 34 42 43 44
1 0 1 9 10 18 19 22 23 25 26 31 32 33
1 4 6 14 24 29 32 34 41 42 43 44 45 47
1 2 3 7 13 14 19 26 29 30 36 38 41 49
1 0 3 13 15 17 24 27 28 36 42 43 47 48
1 0 1 4 5 7 16 17 18 19 21 34 37 48
1 0 4 5 7 10 11 12 13 15 19 22 28 42
1 1 3 4 7 11 12 13 24 25 30 31 42 49
1 15 19 20 22 24 29 31 32 33 34 40 42 46
1 1 4 9 11 20 26 28 29 31 40 41 46 47
1 11 12 14 16 18 19 22 26 27 33 42 44 45
1 1 5 11 14 20 21 24 26 28 36 39 44 46
1 0 1 5 7 14 15 22 24 26 32 44 45 46
1 0 3 9 14 20 21 26 28 29 42 43 48 49
1 1 2 13 19 28 30 38 40 41 42 43 48 49
1 13 15 20 22 26 29 30 32 37 39 45 48 49
1 0 5 9 16 17 25 30 33 34 37 41 43 46
1 3 7 9 10 15 19 24 33 41 43 45 47 49
1 5 7 16 19 24 27 28 29 36 37 45 46 47
1 1 3 10 15 18 24 28 30 33 36 37 44 48
1 6 9 16 19 25 29 31 32 36 41 42 43 44
1 2 13 14 16 17 21 26 29 33 36 40 43 45
1 1 4 10 11 12 16 18 27 35 37 40 42 49
1 1 4 6 7 8 9 15 21 27 31 34 44 46
1 4 8 12 19 22 23 24 25 29 39 41 45 47
1 7 10 17 22 28 31 33 35 38 40 41 43 46
1 6 10 13 14 15 21 23 25 27 31 40 41 46
1 0 1 3 5 7 8 17 26 28 31 32 48 49
1 0 1 2 4 13 19 22 24 26 33 36 40 49
1 2 4 6 7 9 10 12 13 19 29 31 41 42
1 9 11 13 16 17 31 32 33 39 40 43 45 46
1 1 2 8 25 30 33 37 40 41 43 44 48 49
1 1 6 14 15 16 30 33 34 35 38 43 46 47
1 0 1 5 12 24 27 28 29 40 41 42 48
1 8 9 12 13 14 16 22 30 37 38 45 48
1 0 2 3 7 30 32 35 36 37 40 46 47
1 2 3 9 13 21 25 32 37 38 41 43 45
1 5 6 7 11 19 21 31 36 37 41 47 49
1 0 7 12 13 17 20 24 28 32 39 47 48
1 4 5 10 12 22 34 35 38 40 41 45 46
1 2 3 10 14 15 16 28 32 33 39 42 47
1 7 9 10 11 12 29 34 38 39 40 41 49
1 1 2 9 14 15 16 17 19 33 40 41 44
1 2 10 14 17 24 25 31 35 39 42 44 48
1 6 9 10 12 15 21 23 29 31 33 37 41
1 1 2 8 19 21 28 33 34 36 38 47 49
1 0 5 14 19 20 23 27 35 40 43 46 47
1 1 2 7 17 18 22 24 26 35 39 40 47
1 1 7 9 12 13 19 26 28 39 40 45 46
1 0 5 12 22 27 29 39 40 42 43 45 48
1 6 9 14 15 16 17 24 26 27 41 47 49
1 1 9 10 13 17 18 20 26 29 30 35 40
1 0 2 7 8 10 11 14 18 19 44 45 47
1 1 4 8 17 19 20 27 28 34 36 38 42
1 2 4 7 12 16 19 29 37 40 44 45 49
1 9 10 11 16 23 24 27 31 39 42 46 48
1 0 3 14 15 19 20 21 24 27 35 39 41
1 6 9 10 11 19 21 28 31 32 37 42 49
1 6 7 8 18 24 26 28 31 35 36 41 43
1 0 1 6 10 11 18 23 30 36 38 43 44
1 5 13 21 25 32 34 36 38 39 41 42 43
1 2 4 7 11 14 17 18 22 30 38 42 47
1 9 17 20 23 26 31 34 37 39 41 43 46
1 4 9 11 15 21 23 27 30 31 40 41 46
1 2 3 4 9 10 12 19 30 32 39 42 45
1 1 2 3 10 16 17 19 20 25 33 44 49
1 8 9 17 24 30 32 34 37 38 39 41 48
1 2 6 7 8 10 18 22 34 38 40 42 47
1 2 6 8 16 22 24 33 34 39 42 44 48
1 3 14 19 22 23 24 32 36 39 43 46 47
1 0 3 17 18 25 28 33 38 43 44 46 48
1 0 12 13 16 17 20 24 36 38 39 43 44
1 6 7 8 10 14 21 22 25 27 30 36 38
1 6 9 13 15 18 24 25 26 36 41 44 49
1 4 7 8 15 17 22 27 30 32 42 46 49
1 8 10 13 15 20 24 29 30 35 39 43 44
1 0 1 6 10 19 21 24 27 30 38 43 46
1 4 6 13 18 19 26 33 34 38 39 45 46
1 5 7 10 12 15 21 34 35 37 40 42 47
1 7 12 14 15 17 30 31 34 36 38 39 49
1 1 7 8 9 14 18 23 28 34 36 39 49
1 1 6 7 10 20 21 27 42 43 44 45 47
1 5 11 16 23 25 33 37 40 42 43 46 48
1 1 6 13 17 19 25 27 36 37 40 43 46
1 8 11 19 21 24 28 30 35 40 45 46 49
1 11 13 15 17 23 24 25 29 33 38 41 49
1 6 9 12 17 18 20 25 28 35 42 45 46
1 4 9 12 16 19 22 23 25 28 29 34 46
1 2 15 16 20 23 24 25 35 36 38 46 47
1 6 7 10 14 18 22 23 25 29 34 39 45
1 6 12 19 25 32 33 35 39 43 44 45 48
1 0 5 7 18 24 30 31 34 39 42 43 48
1 0 2 3 5 20 22 23 29 39 47 49
1 0 2 4 6 11 13 18 27 36 40 43
1 3 8 11 19 20 24 26 32 33 34 46
1 4 8 12 13 17 22 25 32 33 39 43
1 2 5 6 10 11 17 31 35 37 43 46
1 3 4 7 13 16 20 21 23 27 37 46
1 2 8 13 16 18 20 21 28 29 44 48
1 9 12 24 27 31 33 35 40 43 46 49
1 1 5 9 16 25 29 33 40 43 44 49
1 2 8 9 21 23 24 29 37 43 45 47
1 1 4 18 19 20 21 22 37 38 40 45
1 5 12 17 19 20 30 31 34 36 40 44
1 0 2 8 10 20 22 23 28 34 37 45
1 1 7 8 12 18 24 27 31 35 47 48
1 0 4 5 15 21 24 25 29 31 44 45
1 4 5 8 12 13 22 28 35 42 44 49
1 5 9 11 13 19 22 26 29 33 34 48
1 5 8 13 15 21 22 34 36 40 47 49
1 0 7 9 11 20 23 26 29 38 42 49
1 4 5 6 8 12 28 34 37 44 48 49
1 8 12 13 22 23 30 33 34 35 41 48
1 0 3 4 8 11 26 34 37 38 41 49
1 5 7 17 18 38 41 42 43 44 48 49
1 0 3 10 12 18 24 26 29 35 40 48
1 6 12 16 17 24 25 33 39 42 45 48
1 2 4 6 11 18 23 28 29 30 37 48
1 4 9 13 14 16 19 22 27 34 44 45
1 0 5 9 10 14 19 34 36 40 42 48
1 4 8 15 29 30 31 33 34 39 43 48
1 2 5 19 20 23 25 26 27 29 35 46
1 6 9 11 12 16 19 21 26 27 38 40
1 2 3 8 16 24 29 38 40 41 42 43
1 0 5 13 14 20 24 28 29 44 45 48
1 0 1 3 8 16 17 27 30 44 46 48
1 7 8 10 11 12 34 38 42 43 45 48
1 4 7 13 16 23 26 32 34 36 38 49
1 0 1 4 7 8 16 20 33 39 41 46
1 0 8 11 13 21 24 25 37 42 47 49
1 8 12 14 15 18 21 22 27 28 32 40
1 1 11 12 16 18 23 27 28 31 40 42
1 0 6 11 13 25 26 34 35 39 42 43
1 0 4 24 25 28 31 32 34 40 45 49
1 0 5 9 12 24 32 33 35 37 39 41
1 0 6 12 17 26 27 36 37 38 43 45
1 0 1 18 19 24 30 33 43 45 48 49
1 9 12 19 21 25 26 28 29 33 39 46
1 12 13 15 16 17 18 20 23 24 29 46
1 3 8 11 18 25 26 30 37 41 43 47
1 3 4 5 7 17 18 21 22 25 31 49
1 0 2 10 13 18 19 21 30 38 40 48
1 7 10 14 24 26 35 42 43 44 45 47
1 2 3 8 11 13 15 21 24 30 38 47
1 3 4 9 12 15 20 22 33 35 39 47
1 2 4 8 11 12 13 16 31 37 44 49
1 1 11 20 21 26 29 32 39 40 41 43
1 1 7 8 10 29 35 37 41 43 46 48
1 3 11 14 15 19 21 22 23 26 44 48
1 1 2 4 5 20 22 24 26 27 36 37
1 0 1 3 10 24 27 30 36 45 48 49
1 1 5 9 12 14 20 28 32 33 34 49
1 2 6 8 18 28 29 32 37 41 45 49
1 0 5 9 10 25 29 34 38 40 41 45
1 0 4 9 11 12 18 20 29 35 37 39
1 1 5 15 23 27 31 34 40 41 45
1 0 7 13 14 15 16 27 37 42 45
1 0 6 17 22 26 27 30 31 37 44
1 1 3 6 12 31 36 42 43 44 47
1 1 3 16 24 26 31 32 39 42 49
1 4 5 7 18 29 33 34 42 44 46
1 3 7 8 10 11 20 21 27 30 44
1 1 9 11 20 21 25 31 32 40 42
1 2 5 7 8 19 22 24 27 40 45
1 19 20 22 24 26 27 33 37 43 48
1 0 1 3 16 18 24 36 41 42 47
1 0 8 22 25 26 27 31 38 41 46
1 1 4 6 14 24 28 35 40 41 43
1 1 9 12 24 28 31 36 42 43 46
1 2 3 8 18 20 31 33 37 38 44
1 7 16 19 23 30 33 35 38 41 45
1 10 11 19 23 25 32 34 36 38 43
1 0 1 5 6 30 33 38 45 46 48
1 8 10 16 28 29 33 36 40 46 47
1 9 14 16 17 22 24 27 29 45 48
1 2 5 10 27 28 30 31 32 35 36
1 1 2 3 5 12 24 32 43 46 48
1 17 20 25 26 30 32 34 38 45 47
1 1 5 12 19 20 22 25 30 31 45
1 1 4 5 19 24 27 32 42 43 45
1 0 1 8 22 27 29 41 44 48 49
1 1 3 7 13 17 20 28 31 37 42
1 3 18 20 25 26 35 36 37 38 49
1 1 4 8 11 30 32 33 40 41 48
1 5 7 10 15 16 17 19 29 31 43
1 1 3 13 22 24 26 30 33 36 48
1 0 4 14 15 20 22 24 31 38 46
1 12 20 26 31 34 37 42 43 46 49
1 0 4 5 7 17 21 34 36 38 41
1 4 10 17 19 24 30 31 36 44 48
1 0 3 6 8 13 14 21 22 24 39
1 3 4 7 11 17 21 27 41 44 47
1 5 6 9 19 21 23 25 27 29 47
1 1 2 4 5 6 7 11 16 21 26
1 2 16 21 27 32 34 35 36 44 45
1 3 11 19 23 26 28 35 38 40 47
1 10 17 18 20 22 23 41 43 46 49
1 4 11 13 14 28 32 35 39 43 46
1 2 17 21 26 29 34 39 42 44 46
1 0 1 6 11 12 17 19 20 39 47
1 0 2 7 13 34 36 37 41 42 46
1 15 22 23 30 31 32 36 39 41 49
1 7 8 18 24 30 32 35 36 41 44
1 5 8 10 20 24 26 30 36 41 47
1 3 4 12 16 21 27 28 32 38 45
1 5 6 20 21 23 27 35 36 37 44
1 16 21 22 23 27 28 31 33 41 45
1 3 8 18 21 23 30 40 44 45 47
1 4 5 12 16 17 20 24 28 38 42
1 7 10 14 26 27 30 36 37 39 48
1 4 5 9 14 15 21 23 24 46 48
1 3 8 18 33 36 39 41 45 46 49
1 2 4 10 16 24 28 30 42 43 47
1 6 16 19 20 23 25 27 38 39 48
1 0 14 20 25 29 31 37 39 41 47
1 6 8 17 21 29 30 33 37 40 42
1 8 9 26 36 37 38 41 42 45 49
1 0 9 10 13 21 25 35 37 41 45
1 5 16 21 24 28 29 30 38 40 44
1 5 11 22 24 26 28 35 44 47 48
1 0 1 9 11 12 14 18 33 34 39
1 1 6 7 20 23 32 36 38 42 47
1 0 3 4 6 12 21 22 27 32 39
1 2 7 10 14 18 27 31 46 47 48
1 1 4 7 8 24 26 27 39 46 49
1 5 10 11 14 33 37 39 41 45 46
1 0 3 4 15 16 22 23 31 38 40
1 14 16 19 26 27 34 36 37 41
1 0 2 3 20 22 26 41 45 48
1 5 10 15 22 23 35 45 47 49
1 0 6 9 22 23 29 38 41 47
1 0 2 7 9 18 25 34 37 47
1 0 5 11 12 14 17 41 48 49
1 2 3 5 9 17 24 34 37 42
1 1 6 13 14 26 29 32 41 47
1 1 2 3 10 24 25 27 28 34
1 4 6 11 13 19 20 42 44 49
1 11 26 30 35 37 38 41 42 43
1 12 13 24 25 29 30 32 33 47
1 2 6 15 16 19 27 41 47 48
1 1 30 32 40 43 44 45 46 48
1 0 1 5 7 25 26 27 30 45
1 3 9 10 17 19 33 39 46 48
1 3 6 8 9 11 27 37 39 49
1 6 7 14 17 18 27 33 35 40
1 6 10 11 19 23 24 33 41 42
1 0 1 7 13 21 30 31 32 48
1 3 4 17 20 28 33 38 42 43
1 14 15 25 29 33 41 45 46 47
1 1 7 19 20 26 27 28 46 49
1 2 6 13 20 27 34 40 42 46
1 1 2 9 10 15 16 24 25 45
1 6 8 17 30 31 32 33 36 37
1 3 5 9 16 20 30 31 40 44
1 7 14 18 19 38 39 44 47 48
1 7 8 9 23 26 27 29 47 48
1 7 14 15 23 27 34 37 38 48
1 3 6 8 12 19 20 29 40 43
1 0 1 17 21 28 36 43 45 47
1 0 10 12 15 25 26 35 36 42
1 10 11 17 23 25 33 43 46 49
1 9 13 15 16 19 28 47 48 49
1 6 10 19 29 30 32 45 46 47
1 0 4 7 9 11 21 35 40 46
1 1 2 19 26 27 31 33 37 48
1 3 8 13 24 28 38 44 45 46
1 0 15 17 19 28 33 38 45 49
1 3 4 8 10 12 26 37 41 47
1 6 18 26 28 33 42 43 45 46
1 1 3 4 8 11 24 38 40 46
1 9 12 16 20 21 23 28 46 47
1 2 3 7 12 19 25 27 33 45
1 5 7 16 22 30 37 45 47 48
1 1 3 7 17 25 28 33 39 43
1 9 11 23 24 27 30 39 40 41
1 2 13 17 19 20 22 28 33 39
1 1 5 10 16 24 30 33 36 49
1 4 11 12 18 20 24 28 33 48
1 1 2 7 19 31 32 41 42 45
1 3 5 17 20 32 37 39 42 49
1 5 22 24 34 36 39 44 45 47
1 13 28 29 32 35 37 45 46 48
1 4 6 11 13 16 31 44 46 49
1 4 6 7 8 10 12 13 22 26
1 4 5 10 27 30 33 35 38 41
1 0 9 12 16 18 22 25 28 32
1 9 13 36 37 39 41 43 47 49
1 3 9 15 21 24 34 35 46 49
1 6 7 17 25 26 32 35 39 47
1 4 5 7 15 19 22 25 27 33
1 13 20 28 29 35 37 42 46
1 6 7 13 23 28 29 30 45
1 2 3 15 17 20 21 41 48
1 2 6 8 9 15 40 43 49
1 3 14 15 36 37 39 41 45
1 9 11 27 29 36 40 44 46
1 0 1 8 11 20 26 31 36
1 1 3 5 17 28 31 36 39
1 0 1 19 26 28 30 32 42
1 2 5 13 17 18 19 37 39
1 2 6 13 21 32 37 45 46
1 3 9 16 18 25 26 27 40
1 2 3 5 14 24 26 41 42
1 10 14 17 25 32 37 43 48
1 2 4 8 13 21 29 31 39
1 0 4 6 11 19 20 36 47
1 4 7 18 20 30 39 46 49
1 11 31 32 37 39 43 46 48
1 1 4 6 12 27 29 34 44
1 11 18 35 38 40 42 45 49
1 2 5 8 23 26 32 38 49
1 4 9 12 30 33 44 46 48
1 2 8 15 22 26 41 44 46
1 3 13 15 29 32 33 37 39
1 9 11 13 14 27 30 39 42
1 4 5 6 15 19 22 26 27
1 0 5 6 12 28 32 33 44
1 8 19 34 36 37 38 41 42
1 7 21 26 28 32 43 45 46
1 3 5 8 23 32 34 39 40
1 4 13 17 23 32 39 43 45
1 4 10 18 19 21 25 30 33
1 7 8 9 12 15 19 22 34
1 1 4 6 19 22 24 39 43
1 9 11 14 20 32 39 45 46
1 11 12 17 34 36 40 45 47
1 5 19 21 24 32 40 45 49
1 3 6 7 11 16 17 26 46
1 0 1 17 21 33 37 45 47
1 13 22 28 39 40 42 44 48
1 3 7 13 21 33 34 35 48
1 3 9 12 28 30 39 43 44
1 10 11 18 23 25 29 35 39
1 3 16 21 24 29 38 40 46
1 6 15 25 27 29 36 39 45
1 2 3 7 13 16 19 35 39
1 9 19 23 28 34 43 47 49
1 4 5 14 30 32 33 44 48
1 6 10 16 26 30 33 46 47
1 0 1 10 13 23 24 36 43
1 1 10 13 20 36 38 39 41
1 0 5 7 22 36 39 44
1 1 2 4 19 39 43 47
1 6 7 8 14 31 32 44
1 17 19 20 23 38 43 49
1 1 9 15 17 21 22 29
1 2 4 21 25 31 32 43
1 16 18 21 32 34 43 44
1 6 7 16 17 30 39 45
1 9 32 37 40 46 47 49
1 3 11 23 25 38 39 48
1 9 13 15 29 40 41 45
1 0 8 9 11 19 39 40
1 0 18 26 28 32 35 44
1 0 19 22 24 28 38 42
1 8 10 12 18 36 44 49
1 8 19 24 35 41 46 48
1 1 4 7 13 16 31 42
1 3 4 13 24 31 37 40
1 3 11 17 23 27 42 47
1 2 4 38 41 44 46 48
1 2 17 18 29 31 39 41
1 3 4 8 17 37 46 48
1 6 9 15 23 30 35 36
1 8 14 19 24 37 46 47
1 3 9 15 24 28 47 48
1 11 14 19 20 27 43 48
1 2 12 21 31 37 43 47
1 0 6 8 14 15 22 31
1 7 10 18 24 27 37 39
1 11 17 21 23 33 35 36
1 10 17 22 28 35 37 48
1 7 10 13 38 41 46 48
1 7 9 15 20 21 26 49
1 3 9 14 16 20 21 24
1 7 14 15 16 23 46 49
1 9 11 28 31 32 39 46
1 3 8 14 16 28 37 43
1 13 14 24 31 40 43 48
1 0 7 8 29 33 37 49
1 1 3 19 24 26 31 36
1 4 11 13 16 18 30 45
1 0 13 14 15 26 27 28
1 10 17 19 20 27 38 42
1 5 12 17 38 41 42 44
1 3 7 10 17 25 42 45
1 3 6 7 9 30 45 48
1 2 6 7 13 31 43 44
1 12 15 17 19 26 46
1 1 2 6 10 17 18
1 22 25 29 35 39 43
1 6 8 15 35 42 48
1 3 9 13 16 34 44
1 1 14 28 35 37 46
1 4 18 24 30 32 33
1 17 23 25 28 31 48
1 10 17 19 21 34 48
1 1 8 13 16 21 37
1 0 6 11 20 21 24
1 7 9 33 37 44 48
1 11 12 24 30 31 42
1 14 27 32 40 42 43
1 5 8 17 25 38 48
1 2 5 9 27 30 44
1 11 19 27 28 34 42
1 2 5 24 33 43 49
1 0 4 32 37 39 49
1 0 2 13 26 36 49
1 2 8 12 23 25 48
1 27 29 30 34 39 40
1 16 21 31 34 41 42
1 6 29 30 36 45 48
1 4 5 7 21 29 47
1 7 9 13 14 28 40
1 2 10 17 18 23 24
1 0 19 23 25 29 31
1 6 21 27 34 41 43
1 4 5 10 22 28 32
1 7 14 38 40 47
1 0 3 6 10 46
1 14 16 17 31 36
1 2 6 25 31 47
1 4 10 13 20 47
1 0 15 20 32 46
1 11 18 20 32 45
1 10 14 20 25 44
1 0 13 15 16 38
1 6 13 23 29 39
1 9 11 13 30 44
1 5 24 29 34 49
1 20 22 31 44 48
1 6 12 27 33 36
1 2 19 26 34 38
1 6 10 13 14 17
1 2 19 34 43 45
1 11 13 20 40 41
1 13 16 20 23
1 14 18 19 32
1 0 1 7 28
1 12 30 46
1 2 6 48
