1080 81
1 0 3 6 7 36 45 48 51 52 57 60 63 64 351 378 381 384 385 414 423 426 429 430 435 438 441 442 495 498 501 502 531 540 543 546 547 552 555 558 559
1 0 4 8 9 37 49 61 69 77 78 81 89 90 352 382 415 427 439 499 532 544 556 612 620 621 681 689 690 693 701 702 729 737 738 798 806 807 810 818 819
1 0 5 10 11 38 50 62 93 103 104 105 115 116 353 383 416 428 440 500 533 545 557 846 856 857 939 949 950 951 961 962 963 973 974 1056 1066 1067 1068 1078 1079
1 1 3 8 10 39 46 53 55 58 65 67 72 84 354 379 386 388 417 424 431 433 436 443 445 496 503 505 534 541 548 550 553 560 562 615 684 696 732 801 813
1 1 4 6 11 40 70 73 75 80 82 85 87 92 355 418 535 613 616 618 623 682 685 687 692 694 697 699 704 730 733 735 740 799 802 804 809 811 814 816 821
1 1 5 7 9 41 74 86 94 100 102 106 112 114 356 419 536 617 686 698 734 803 815 847 853 855 940 946 948 952 958 960 964 970 972 1057 1063 1065 1069 1075 1077
1 2 3 9 11 42 47 54 56 59 66 68 96 108 357 380 387 389 420 425 432 434 437 444 446 497 504 506 537 542 549 551 554 561 563 849 942 954 966 1059 1071
1 2 4 7 10 43 71 76 79 83 88 91 97 109 358 421 538 614 619 622 683 688 691 695 700 703 731 736 739 800 805 808 812 817 820 850 943 955 967 1060 1072
1 2 5 6 8 44 95 98 99 101 107 110 111 113 359 422 539 848 851 852 854 941 944 945 947 953 956 957 959 965 968 969 971 1058 1061 1062 1064 1070 1073 1074 1076
1 12 15 18 19 36 69 72 75 76 93 96 99 100 360 390 393 396 397 447 450 453 454 471 474 477 478 507 510 513 514 564 567 570 571 588 591 594 595 648 765
1 12 16 20 21 37 45 53 54 73 97 105 113 114 361 394 451 475 511 568 592 624 632 633 649 657 665 666 717 725 726 741 749 750 766 774 782 783 834 842 843
1 12 17 22 23 38 57 67 68 74 81 91 92 98 362 395 452 476 512 569 593 650 767 858 868 869 903 913 914 927 937 938 975 985 986 1020 1030 1031 1044 1054 1055
1 13 15 20 22 39 48 70 77 79 94 101 103 108 363 391 398 400 448 455 457 472 479 481 508 515 517 565 572 574 589 596 598 627 651 660 720 744 768 777 837
1 13 16 18 23 40 46 49 51 56 106 109 111 116 364 625 628 630 635 652 658 661 663 668 718 721 723 728 742 745 747 752 769 775 778 780 785 835 838 840 845
1 13 17 19 21 41 50 58 64 66 82 88 90 110 365 629 653 662 722 746 770 779 839 859 865 867 904 910 912 928 934 936 976 982 984 1021 1027 1029 1045 1051 1053
1 14 15 21 23 42 60 71 78 80 84 95 102 104 366 392 399 401 449 456 458 473 480 482 509 516 518 566 573 575 590 597 599 654 771 861 906 930 978 1023 1047
1 14 16 19 22 43 47 52 55 61 85 107 112 115 367 626 631 634 655 659 664 667 719 724 727 743 748 751 772 776 781 784 836 841 844 862 907 931 979 1024 1048
1 14 17 18 20 44 59 62 63 65 83 86 87 89 368 656 773 860 863 864 866 905 908 909 911 929 932 933 935 977 980 981 983 1022 1025 1026 1028 1046 1049 1050 1052
1 24 27 30 31 36 81 84 87 88 105 108 111 112 369 402 405 408 409 459 462 465 466 483 486 489 490 519 522 525 526 576 579 582 583 600 603 606 607 882 999
1 24 28 32 33 37 57 65 66 85 93 101 102 109 370 406 463 487 523 580 604 636 644 645 669 677 678 705 713 714 753 761 762 786 794 795 822 830 831 883 1000
1 24 29 34 35 38 45 55 56 69 79 80 86 110 371 407 464 488 524 581 605 870 880 881 884 891 901 902 915 925 926 987 997 998 1001 1008 1018 1019 1032 1042 1043
1 25 27 32 34 39 60 82 89 91 96 106 113 115 372 403 410 412 460 467 469 484 491 493 520 527 529 577 584 586 601 608 610 639 672 708 756 789 825 885 1002
1 25 28 30 35 40 58 61 63 68 94 97 99 104 373 637 640 642 647 670 673 675 680 706 709 711 716 754 757 759 764 787 790 792 797 823 826 828 833 886 1003
1 25 29 31 33 41 46 52 54 62 70 76 78 98 374 641 674 710 758 791 827 871 877 879 887 892 898 900 916 922 924 988 994 996 1004 1009 1015 1017 1033 1039 1041
1 26 27 33 35 42 48 72 83 90 92 107 114 116 375 404 411 413 461 468 470 485 492 494 521 528 530 578 585 587 602 609 611 873 888 894 918 990 1005 1011 1035
1 26 28 31 34 43 49 59 64 67 73 95 100 103 376 638 643 646 671 676 679 707 712 715 755 760 763 788 793 796 824 829 832 874 889 895 919 991 1006 1012 1036
1 26 29 30 32 44 47 50 51 53 71 74 75 77 377 872 875 876 878 890 893 896 897 899 917 920 921 923 989 992 993 995 1007 1010 1013 1014 1016 1034 1037 1038 1040
1 117 120 123 124 153 162 165 168 169 174 177 180 181 351 612 615 618 619 648 657 660 663 664 669 672 675 676 846 849 852 853 882 891 894 897 898 903 906 909 910
1 117 121 125 126 154 166 178 186 194 195 198 206 207 352 378 386 387 447 455 456 459 467 468 616 649 661 673 850 883 895 907 963 971 972 1032 1040 1041 1044 1052 1053
1 117 122 127 128 155 167 179 210 220 221 222 232 233 353 495 505 506 588 598 599 600 610 611 617 650 662 674 729 739 740 822 832 833 834 844 845 851 884 896 908
1 118 120 125 127 156 163 170 172 175 182 184 189 201 354 381 450 462 613 620 622 651 658 665 667 670 677 679 847 854 856 885 892 899 901 904 911 913 966 1035 1047
1 118 121 123 128 157 187 190 192 197 199 202 204 209 355 379 382 384 389 448 451 453 458 460 463 465 470 652 886 964 967 969 974 1033 1036 1038 1043 1045 1048 1050 1055
1 118 122 124 126 158 191 203 211 217 219 223 229 231 356 383 452 464 496 502 504 589 595 597 601 607 609 653 730 736 738 823 829 831 835 841 843 887 968 1037 1049
1 119 120 126 128 159 164 171 173 176 183 185 213 225 357 498 591 603 614 621 623 654 659 666 668 671 678 680 732 825 837 848 855 857 888 893 900 902 905 912 914
1 119 121 124 127 160 188 193 196 200 205 208 214 226 358 380 385 388 449 454 457 461 466 469 499 592 604 655 733 826 838 889 965 970 973 1034 1039 1042 1046 1051 1054
1 119 122 123 125 161 212 215 216 218 224 227 228 230 359 497 500 501 503 590 593 594 596 602 605 606 608 656 731 734 735 737 824 827 828 830 836 839 840 842 890
1 129 132 135 136 153 186 189 192 193 210 213 216 217 360 414 624 627 630 631 681 684 687 688 705 708 711 712 858 861 864 865 915 918 921 922 939 942 945 946 999
1 129 133 137 138 154 162 170 171 190 214 222 230 231 361 390 398 399 415 423 431 432 483 491 492 628 685 709 862 919 943 975 983 984 1000 1008 1016 1017 1068 1076 1077
1 129 134 139 140 155 174 184 185 191 198 208 209 215 362 416 507 517 518 552 562 563 576 586 587 629 686 710 741 751 752 786 796 797 810 820 821 863 920 944 1001
1 130 132 137 139 156 165 187 194 196 211 218 220 225 363 393 417 426 486 625 632 634 682 689 691 706 713 715 859 866 868 916 923 925 940 947 949 978 1002 1011 1071
1 130 133 135 140 157 163 166 168 173 223 226 228 233 364 391 394 396 401 418 424 427 429 434 484 487 489 494 976 979 981 986 1003 1009 1012 1014 1019 1069 1072 1074 1079
1 130 134 136 138 158 167 175 181 183 199 205 207 227 365 395 419 428 488 508 514 516 553 559 561 577 583 585 742 748 750 787 793 795 811 817 819 980 1004 1013 1073
1 131 132 138 140 159 177 188 195 197 201 212 219 221 366 420 510 555 579 626 633 635 683 690 692 707 714 716 744 789 813 860 867 869 917 924 926 941 948 950 1005
1 131 133 136 139 160 164 169 172 178 202 224 229 232 367 392 397 400 421 425 430 433 485 490 493 511 556 580 745 790 814 977 982 985 1006 1010 1015 1018 1070 1075 1078
1 131 134 135 137 161 176 179 180 182 200 203 204 206 368 422 509 512 513 515 554 557 558 560 578 581 582 584 743 746 747 749 788 791 792 794 812 815 816 818 1007
1 141 144 147 148 153 198 201 204 205 222 225 228 229 369 531 636 639 642 643 693 696 699 700 717 720 723 724 765 870 873 876 877 927 930 933 934 951 954 957 958
1 141 145 149 150 154 174 182 183 202 210 218 219 226 370 402 410 411 435 443 444 471 479 480 532 640 697 721 766 874 931 955 987 995 996 1020 1028 1029 1056 1064 1065
1 141 146 151 152 155 162 172 173 186 196 197 203 227 371 519 529 530 533 540 550 551 564 574 575 641 698 722 753 763 764 767 774 784 785 798 808 809 875 932 956
1 142 144 149 151 156 177 199 206 208 213 223 230 232 372 405 438 474 534 637 644 646 694 701 703 718 725 727 768 871 878 880 928 935 937 952 959 961 990 1023 1059
1 142 145 147 152 157 175 178 180 185 211 214 216 221 373 403 406 408 413 436 439 441 446 472 475 477 482 535 769 988 991 993 998 1021 1024 1026 1031 1057 1060 1062 1067
1 142 146 148 150 158 163 169 171 179 187 193 195 215 374 407 440 476 520 526 528 536 541 547 549 565 571 573 754 760 762 770 775 781 783 799 805 807 992 1025 1061
1 143 144 150 152 159 165 189 200 207 209 224 231 233 375 522 537 543 567 638 645 647 695 702 704 719 726 728 756 771 777 801 872 879 881 929 936 938 953 960 962
1 143 145 148 151 160 166 176 181 184 190 212 217 220 376 404 409 412 437 442 445 473 478 481 523 538 544 568 757 772 778 802 989 994 997 1022 1027 1030 1058 1063 1066
1 143 146 147 149 161 164 167 168 170 188 191 192 194 377 521 524 525 527 539 542 545 546 548 566 569 570 572 755 758 759 761 773 776 779 780 782 800 803 804 806
1 234 237 240 241 270 279 282 285 286 291 294 297 298 351 729 732 735 736 765 774 777 780 781 786 789 792 793 963 966 969 970 999 1008 1011 1014 1015 1020 1023 1026 1027
1 234 238 242 243 271 283 295 303 311 312 315 323 324 352 495 503 504 564 572 573 576 584 585 733 766 778 790 846 854 855 915 923 924 927 935 936 967 1000 1012 1024
1 234 239 244 245 272 284 296 327 337 338 339 349 350 353 378 388 389 471 481 482 483 493 494 612 622 623 705 715 716 717 727 728 734 767 779 791 968 1001 1013 1025
1 235 237 242 244 273 280 287 289 292 299 301 306 318 354 498 567 579 730 737 739 768 775 782 784 787 794 796 849 918 930 964 971 973 1002 1009 1016 1018 1021 1028 1030
1 235 238 240 245 274 304 307 309 314 316 319 321 326 355 496 499 501 506 565 568 570 575 577 580 582 587 769 847 850 852 857 916 919 921 926 928 931 933 938 1003
1 235 239 241 243 275 308 320 328 334 336 340 346 348 356 379 385 387 472 478 480 484 490 492 500 569 581 613 619 621 706 712 714 718 724 726 770 851 920 932 1004
1 236 237 243 245 276 281 288 290 293 300 302 330 342 357 381 474 486 615 708 720 731 738 740 771 776 783 785 788 795 797 965 972 974 1005 1010 1017 1019 1022 1029 1031
1 236 238 241 244 277 305 310 313 317 322 325 331 343 358 382 475 487 497 502 505 566 571 574 578 583 586 616 709 721 772 848 853 856 917 922 925 929 934 937 1006
1 236 239 240 242 278 329 332 333 335 341 344 345 347 359 380 383 384 386 473 476 477 479 485 488 489 491 614 617 618 620 707 710 711 713 719 722 723 725 773 1007
1 246 249 252 253 270 303 306 309 310 327 330 333 334 360 531 741 744 747 748 798 801 804 805 822 825 828 829 882 975 978 981 982 1032 1035 1038 1039 1056 1059 1062 1063
1 246 250 254 255 271 279 287 288 307 331 339 347 348 361 507 515 516 532 540 548 549 600 608 609 745 802 826 858 866 867 883 891 899 900 951 959 960 979 1036 1060
1 246 251 256 257 272 291 301 302 308 315 325 326 332 362 390 400 401 435 445 446 459 469 470 533 624 634 635 669 679 680 693 703 704 746 803 827 884 980 1037 1061
1 247 249 254 256 273 282 304 311 313 328 335 337 342 363 510 534 543 603 742 749 751 799 806 808 823 830 832 861 885 894 954 976 983 985 1033 1040 1042 1057 1064 1066
1 247 250 252 257 274 280 283 285 290 340 343 345 350 364 508 511 513 518 535 541 544 546 551 601 604 606 611 859 862 864 869 886 892 895 897 902 952 955 957 962
1 247 251 253 255 275 284 292 298 300 316 322 324 344 365 391 397 399 436 442 444 460 466 468 512 536 545 605 625 631 633 670 676 678 694 700 702 863 887 896 956
1 248 249 255 257 276 294 305 312 314 318 329 336 338 366 393 438 462 537 627 672 696 743 750 752 800 807 809 824 831 833 888 977 984 986 1034 1041 1043 1058 1065 1067
1 248 250 253 256 277 281 286 289 295 319 341 346 349 367 394 439 463 509 514 517 538 542 547 550 602 607 610 628 673 697 860 865 868 889 893 898 901 953 958 961
1 248 251 252 254 278 293 296 297 299 317 320 321 323 368 392 395 396 398 437 440 441 443 461 464 465 467 539 626 629 630 632 671 674 675 677 695 698 699 701 890
1 258 261 264 265 270 315 318 321 322 339 342 345 346 369 414 648 753 756 759 760 810 813 816 817 834 837 840 841 987 990 993 994 1044 1047 1050 1051 1068 1071 1074 1075
1 258 262 266 267 271 291 299 300 319 327 335 336 343 370 415 519 527 528 552 560 561 588 596 597 649 757 814 838 870 878 879 903 911 912 939 947 948 991 1048 1072
1 258 263 268 269 272 279 289 290 303 313 314 320 344 371 402 412 413 416 423 433 434 447 457 458 636 646 647 650 657 667 668 681 691 692 758 815 839 992 1049 1073
1 259 261 266 268 273 294 316 323 325 330 340 347 349 372 417 522 555 591 651 754 761 763 811 818 820 835 842 844 873 906 942 988 995 997 1045 1052 1054 1069 1076 1078
1 259 262 264 269 274 292 295 297 302 328 331 333 338 373 418 520 523 525 530 553 556 558 563 589 592 594 599 652 871 874 876 881 904 907 909 914 940 943 945 950
1 259 263 265 267 275 280 286 288 296 304 310 312 332 374 403 409 411 419 424 430 432 448 454 456 524 557 593 637 643 645 653 658 664 666 682 688 690 875 908 944
1 260 261 267 269 276 282 306 317 324 326 341 348 350 375 405 420 426 450 639 654 660 684 755 762 764 812 819 821 836 843 845 989 996 998 1046 1053 1055 1070 1077 1079
1 260 262 265 268 277 283 293 298 301 307 329 334 337 376 406 421 427 451 521 526 529 554 559 562 590 595 598 640 655 661 685 872 877 880 905 910 913 941 946 949
1 260 263 264 266 278 281 284 285 287 305 308 309 311 377 404 407 408 410 422 425 428 429 431 449 452 453 455 638 641 642 644 656 659 662 663 665 683 686 687 689
